#FORMAT      : EMSA/MAS Spectral Data File
#VERSION     : 1.0
#TITLE       : Cu-15kV-P4-20-4K-250s
#DATE        : 07-NOV-2016
#TIME        : 09:56
#OWNER       : 
#NPOINTS     : 4096.0
#NCOLUMNS    : 1.0
#XUNITS      : keV
#YUNITS      : counts
#DATATYPE    : XY
#XPERCHAN    : 0.005
#OFFSET      : -0.2
#SIGNALTYPE  : EDS
#CHOFFSET    : 40.0
#LIVETIME    : 250.0
#REALTIME    : 357.179595947
#BEAMKV      : 15.0
#PROBECUR    : 0.0
#MAGCAM      : 2000.0
#XTILTSTGE   : 0.0
#AZIMANGLE   : 0.0
#ELEVANGLE   : 35.0
#XPOSITION mm: 0.1850
#YPOSITION mm: -0.7430
#ZPOSITION mm: 3.4990
##OXINSTPT   : 4
##OXINSTSTROB: 48.08
##OXINSTELEMS: 6,29,8,13
##OXINSTLABEL: 6, 0.277, C
##OXINSTLABEL: 29, 8.048, Cu
##OXINSTLABEL: 29, 8.905, Cu
##OXINSTLABEL: 29, 0.930, Cu
##OXINSTLABEL: 29, 0.832, Cu
##OXINSTLABEL: 29, 0.811, Cu
##OXINSTLABEL: 8, 0.525, O
##OXINSTLABEL: 13, 1.487, Al
#SPECTRUM    : Spectral Data Starts Here
-0.20000, 0.0
-0.19500, 0.0
-0.19000, 0.0
-0.18500, 0.0
-0.18000, 0.0
-0.17500, 0.0
-0.17000, 0.0
-0.16500, 0.0
-0.16000, 0.0
-0.15500, 0.0
-0.15000, 0.0
-0.14500, 0.0
-0.14000, 0.0
-0.13500, 0.0
-0.13000, 0.0
-0.12500, 0.0
-0.12000, 0.0
-0.11500, 0.0
-0.11000, 0.0
-0.10500, 0.0
-0.10000, 0.0
-0.09500, 0.0
-0.09000, 0.0
-0.08500, 0.0
-0.08000, 1.0
-0.07500, 1.0
-0.07000, 3.0
-0.06500, 2.0
-0.06000, 10.0
-0.05500, 20.0
-0.05000, 52.0
-0.04500, 100.0
-0.04000, 169.0
-0.03500, 281.0
-0.03000, 493.0
-0.02500, 807.0
-0.02000, 1167.0
-0.01500, 1579.0
-0.01000, 2094.0
-0.00500, 2638.0
0.00000, 3032.0
0.00500, 3544.0
0.01000, 3905.0
0.01500, 4171.0
0.02000, 4340.0
0.02500, 4656.0
0.03000, 4819.0
0.03500, 4825.0
0.04000, 4829.0
0.04500, 4585.0
0.05000, 4115.0
0.05500, 3786.0
0.06000, 3249.0
0.06500, 2713.0
0.07000, 2297.0
0.07500, 1821.0
0.08000, 1554.0
0.08500, 1351.0
0.09000, 1244.0
0.09500, 1170.0
0.10000, 1095.0
0.10500, 1129.0
0.11000, 1111.0
0.11500, 997.0
0.12000, 1099.0
0.12500, 1015.0
0.13000, 1000.0
0.13500, 946.0
0.14000, 1010.0
0.14500, 1026.0
0.15000, 1018.0
0.15500, 1023.0
0.16000, 1095.0
0.16500, 1043.0
0.17000, 1106.0
0.17500, 1076.0
0.18000, 1055.0
0.18500, 1078.0
0.19000, 1177.0
0.19500, 1202.0
0.20000, 1192.0
0.20500, 1236.0
0.21000, 1342.0
0.21500, 1457.0
0.22000, 1550.0
0.22500, 1689.0
0.23000, 1871.0
0.23500, 2154.0
0.24000, 2509.0
0.24500, 2825.0
0.25000, 3307.0
0.25500, 3712.0
0.26000, 4046.0
0.26500, 4265.0
0.27000, 4431.0
0.27500, 4465.0
0.28000, 4528.0
0.28500, 4014.0
0.29000, 3832.0
0.29500, 3388.0
0.30000, 3092.0
0.30500, 2606.0
0.31000, 2179.0
0.31500, 1894.0
0.32000, 1757.0
0.32500, 1558.0
0.33000, 1463.0
0.33500, 1384.0
0.34000, 1462.0
0.34500, 1428.0
0.35000, 1492.0
0.35500, 1555.0
0.36000, 1532.0
0.36500, 1590.0
0.37000, 1707.0
0.37500, 1855.0
0.38000, 1822.0
0.38500, 1952.0
0.39000, 2070.0
0.39500, 2083.0
0.40000, 2046.0
0.40500, 2155.0
0.41000, 2219.0
0.41500, 2285.0
0.42000, 2378.0
0.42500, 2461.0
0.43000, 2561.0
0.43500, 2622.0
0.44000, 2761.0
0.44500, 2742.0
0.45000, 2938.0
0.45500, 3029.0
0.46000, 3247.0
0.46500, 3320.0
0.47000, 3618.0
0.47500, 3683.0
0.48000, 3949.0
0.48500, 4045.0
0.49000, 4350.0
0.49500, 4632.0
0.50000, 5064.0
0.50500, 5120.0
0.51000, 5297.0
0.51500, 5611.0
0.52000, 5697.0
0.52500, 5624.0
0.53000, 5541.0
0.53500, 5409.0
0.54000, 5335.0
0.54500, 5159.0
0.55000, 4896.0
0.55500, 4532.0
0.56000, 4441.0
0.56500, 4260.0
0.57000, 4278.0
0.57500, 4147.0
0.58000, 4343.0
0.58500, 4153.0
0.59000, 4307.0
0.59500, 4265.0
0.60000, 4299.0
0.60500, 4425.0
0.61000, 4731.0
0.61500, 4734.0
0.62000, 4827.0
0.62500, 4967.0
0.63000, 5047.0
0.63500, 5294.0
0.64000, 5345.0
0.64500, 5425.0
0.65000, 5595.0
0.65500, 5573.0
0.66000, 5713.0
0.66500, 5922.0
0.67000, 6063.0
0.67500, 6195.0
0.68000, 6440.0
0.68500, 6449.0
0.69000, 6389.0
0.69500, 6703.0
0.70000, 7081.0
0.70500, 7117.0
0.71000, 7231.0
0.71500, 7513.0
0.72000, 7763.0
0.72500, 7955.0
0.73000, 8455.0
0.73500, 8859.0
0.74000, 9405.0
0.74500, 10123.0
0.75000, 11199.0
0.75500, 12541.0
0.76000, 14217.0
0.76500, 16250.0
0.77000, 18565.0
0.77500, 21367.0
0.78000, 24599.0
0.78500, 27993.0
0.79000, 31079.0
0.79500, 34240.0
0.80000, 37302.0
0.80500, 39790.0
0.81000, 41192.0
0.81500, 42277.0
0.82000, 42140.0
0.82500, 41616.0
0.83000, 40177.0
0.83500, 38546.0
0.84000, 37105.0
0.84500, 35604.0
0.85000, 35323.0
0.85500, 35873.0
0.86000, 38907.0
0.86500, 44730.0
0.87000, 53550.0
0.87500, 66045.0
0.88000, 84431.0
0.88500, 106344.0
0.89000, 132961.0
0.89500, 163806.0
0.90000, 198080.0
0.90500, 234712.0
0.91000, 268432.0
0.91500, 301404.0
0.92000, 327146.0
0.92500, 348218.0
0.93000, 358154.0
0.93500, 358511.0
0.94000, 348677.0
0.94500, 330181.0
0.95000, 303019.0
0.95500, 270767.0
0.96000, 236114.0
0.96500, 200198.0
0.97000, 165634.0
0.97500, 132965.0
0.98000, 105070.0
0.98500, 80809.0
0.99000, 60544.0
0.99500, 44767.0
1.00000, 33056.0
1.00500, 23627.0
1.01000, 17336.0
1.01500, 12762.0
1.02000, 9615.0
1.02500, 7580.0
1.03000, 6097.0
1.03500, 5098.0
1.04000, 4534.0
1.04500, 3954.0
1.05000, 3609.0
1.05500, 3318.0
1.06000, 3062.0
1.06500, 2933.0
1.07000, 2848.0
1.07500, 2754.0
1.08000, 2493.0
1.08500, 2365.0
1.09000, 2375.0
1.09500, 2331.0
1.10000, 2230.0
1.10500, 2241.0
1.11000, 2206.0
1.11500, 2151.0
1.12000, 2187.0
1.12500, 2214.0
1.13000, 2212.0
1.13500, 2219.0
1.14000, 2249.0
1.14500, 2247.0
1.15000, 2282.0
1.15500, 2364.0
1.16000, 2314.0
1.16500, 2258.0
1.17000, 2324.0
1.17500, 2323.0
1.18000, 2380.0
1.18500, 2438.0
1.19000, 2370.0
1.19500, 2363.0
1.20000, 2407.0
1.20500, 2430.0
1.21000, 2503.0
1.21500, 2566.0
1.22000, 2560.0
1.22500, 2558.0
1.23000, 2638.0
1.23500, 2695.0
1.24000, 2647.0
1.24500, 2716.0
1.25000, 2698.0
1.25500, 2713.0
1.26000, 2766.0
1.26500, 2733.0
1.27000, 2746.0
1.27500, 2684.0
1.28000, 2710.0
1.28500, 2699.0
1.29000, 2704.0
1.29500, 2742.0
1.30000, 2681.0
1.30500, 2558.0
1.31000, 2686.0
1.31500, 2616.0
1.32000, 2629.0
1.32500, 2664.0
1.33000, 2590.0
1.33500, 2600.0
1.34000, 2629.0
1.34500, 2674.0
1.35000, 2783.0
1.35500, 2711.0
1.36000, 2670.0
1.36500, 2717.0
1.37000, 2778.0
1.37500, 2756.0
1.38000, 2712.0
1.38500, 2772.0
1.39000, 2815.0
1.39500, 2827.0
1.40000, 2950.0
1.40500, 2923.0
1.41000, 3013.0
1.41500, 3104.0
1.42000, 3218.0
1.42500, 3508.0
1.43000, 3629.0
1.43500, 3908.0
1.44000, 4127.0
1.44500, 4559.0
1.45000, 4791.0
1.45500, 5115.0
1.46000, 5587.0
1.46500, 5931.0
1.47000, 6222.0
1.47500, 6434.0
1.48000, 6736.0
1.48500, 6836.0
1.49000, 6963.0
1.49500, 6936.0
1.50000, 6716.0
1.50500, 6565.0
1.51000, 6366.0
1.51500, 5886.0
1.52000, 5611.0
1.52500, 5329.0
1.53000, 4902.0
1.53500, 4662.0
1.54000, 4505.0
1.54500, 4198.0
1.55000, 3877.0
1.55500, 3714.0
1.56000, 3656.0
1.56500, 3467.0
1.57000, 3393.0
1.57500, 3337.0
1.58000, 3362.0
1.58500, 3353.0
1.59000, 3287.0
1.59500, 3332.0
1.60000, 3224.0
1.60500, 3248.0
1.61000, 3284.0
1.61500, 3297.0
1.62000, 3314.0
1.62500, 3360.0
1.63000, 3257.0
1.63500, 3284.0
1.64000, 3381.0
1.64500, 3333.0
1.65000, 3316.0
1.65500, 3308.0
1.66000, 3391.0
1.66500, 3386.0
1.67000, 3457.0
1.67500, 3415.0
1.68000, 3497.0
1.68500, 3558.0
1.69000, 3537.0
1.69500, 3572.0
1.70000, 3667.0
1.70500, 3623.0
1.71000, 3697.0
1.71500, 3705.0
1.72000, 3765.0
1.72500, 3756.0
1.73000, 3967.0
1.73500, 3882.0
1.74000, 3953.0
1.74500, 4058.0
1.75000, 4062.0
1.75500, 4039.0
1.76000, 3931.0
1.76500, 4028.0
1.77000, 3956.0
1.77500, 4124.0
1.78000, 4132.0
1.78500, 3966.0
1.79000, 4014.0
1.79500, 4034.0
1.80000, 4125.0
1.80500, 4243.0
1.81000, 4285.0
1.81500, 4348.0
1.82000, 4559.0
1.82500, 4700.0
1.83000, 4857.0
1.83500, 4994.0
1.84000, 5223.0
1.84500, 5350.0
1.85000, 5312.0
1.85500, 5416.0
1.86000, 5488.0
1.86500, 5565.0
1.87000, 5582.0
1.87500, 5462.0
1.88000, 5460.0
1.88500, 5313.0
1.89000, 5175.0
1.89500, 5002.0
1.90000, 4805.0
1.90500, 4635.0
1.91000, 4502.0
1.91500, 4330.0
1.92000, 4183.0
1.92500, 4094.0
1.93000, 3969.0
1.93500, 3819.0
1.94000, 3829.0
1.94500, 3685.0
1.95000, 3522.0
1.95500, 3616.0
1.96000, 3565.0
1.96500, 3512.0
1.97000, 3538.0
1.97500, 3578.0
1.98000, 3504.0
1.98500, 3470.0
1.99000, 3454.0
1.99500, 3472.0
2.00000, 3475.0
2.00500, 3532.0
2.01000, 3543.0
2.01500, 3593.0
2.02000, 3560.0
2.02500, 3558.0
2.03000, 3601.0
2.03500, 3565.0
2.04000, 3628.0
2.04500, 3486.0
2.05000, 3461.0
2.05500, 3439.0
2.06000, 3519.0
2.06500, 3501.0
2.07000, 3525.0
2.07500, 3533.0
2.08000, 3520.0
2.08500, 3523.0
2.09000, 3592.0
2.09500, 3625.0
2.10000, 3567.0
2.10500, 3655.0
2.11000, 3627.0
2.11500, 3641.0
2.12000, 3544.0
2.12500, 3546.0
2.13000, 3550.0
2.13500, 3560.0
2.14000, 3589.0
2.14500, 3615.0
2.15000, 3642.0
2.15500, 3579.0
2.16000, 3573.0
2.16500, 3679.0
2.17000, 3610.0
2.17500, 3508.0
2.18000, 3585.0
2.18500, 3688.0
2.19000, 3586.0
2.19500, 3629.0
2.20000, 3560.0
2.20500, 3645.0
2.21000, 3649.0
2.21500, 3656.0
2.22000, 3572.0
2.22500, 3586.0
2.23000, 3694.0
2.23500, 3625.0
2.24000, 3641.0
2.24500, 3598.0
2.25000, 3581.0
2.25500, 3655.0
2.26000, 3624.0
2.26500, 3672.0
2.27000, 3708.0
2.27500, 3680.0
2.28000, 3632.0
2.28500, 3693.0
2.29000, 3771.0
2.29500, 3833.0
2.30000, 3774.0
2.30500, 3756.0
2.31000, 3781.0
2.31500, 3735.0
2.32000, 3738.0
2.32500, 3662.0
2.33000, 3820.0
2.33500, 3786.0
2.34000, 3777.0
2.34500, 3806.0
2.35000, 3706.0
2.35500, 3717.0
2.36000, 3730.0
2.36500, 3794.0
2.37000, 3755.0
2.37500, 3817.0
2.38000, 3762.0
2.38500, 3653.0
2.39000, 3608.0
2.39500, 3743.0
2.40000, 3785.0
2.40500, 3643.0
2.41000, 3580.0
2.41500, 3702.0
2.42000, 3639.0
2.42500, 3661.0
2.43000, 3691.0
2.43500, 3755.0
2.44000, 3653.0
2.44500, 3568.0
2.45000, 3642.0
2.45500, 3628.0
2.46000, 3659.0
2.46500, 3618.0
2.47000, 3567.0
2.47500, 3610.0
2.48000, 3629.0
2.48500, 3653.0
2.49000, 3644.0
2.49500, 3580.0
2.50000, 3623.0
2.50500, 3653.0
2.51000, 3589.0
2.51500, 3575.0
2.52000, 3582.0
2.52500, 3589.0
2.53000, 3560.0
2.53500, 3500.0
2.54000, 3549.0
2.54500, 3614.0
2.55000, 3656.0
2.55500, 3644.0
2.56000, 3545.0
2.56500, 3543.0
2.57000, 3582.0
2.57500, 3555.0
2.58000, 3516.0
2.58500, 3536.0
2.59000, 3568.0
2.59500, 3588.0
2.60000, 3596.0
2.60500, 3642.0
2.61000, 3653.0
2.61500, 3736.0
2.62000, 3720.0
2.62500, 3685.0
2.63000, 3659.0
2.63500, 3625.0
2.64000, 3598.0
2.64500, 3611.0
2.65000, 3640.0
2.65500, 3628.0
2.66000, 3584.0
2.66500, 3610.0
2.67000, 3652.0
2.67500, 3557.0
2.68000, 3559.0
2.68500, 3588.0
2.69000, 3602.0
2.69500, 3583.0
2.70000, 3574.0
2.70500, 3467.0
2.71000, 3524.0
2.71500, 3526.0
2.72000, 3499.0
2.72500, 3515.0
2.73000, 3520.0
2.73500, 3553.0
2.74000, 3557.0
2.74500, 3520.0
2.75000, 3531.0
2.75500, 3544.0
2.76000, 3510.0
2.76500, 3498.0
2.77000, 3514.0
2.77500, 3521.0
2.78000, 3450.0
2.78500, 3425.0
2.79000, 3435.0
2.79500, 3513.0
2.80000, 3501.0
2.80500, 3568.0
2.81000, 3527.0
2.81500, 3499.0
2.82000, 3592.0
2.82500, 3526.0
2.83000, 3448.0
2.83500, 3431.0
2.84000, 3402.0
2.84500, 3475.0
2.85000, 3475.0
2.85500, 3476.0
2.86000, 3528.0
2.86500, 3477.0
2.87000, 3432.0
2.87500, 3428.0
2.88000, 3443.0
2.88500, 3446.0
2.89000, 3410.0
2.89500, 3428.0
2.90000, 3452.0
2.90500, 3407.0
2.91000, 3431.0
2.91500, 3513.0
2.92000, 3501.0
2.92500, 3402.0
2.93000, 3442.0
2.93500, 3516.0
2.94000, 3396.0
2.94500, 3397.0
2.95000, 3371.0
2.95500, 3353.0
2.96000, 3362.0
2.96500, 3336.0
2.97000, 3376.0
2.97500, 3369.0
2.98000, 3375.0
2.98500, 3452.0
2.99000, 3402.0
2.99500, 3365.0
3.00000, 3402.0
3.00500, 3435.0
3.01000, 3366.0
3.01500, 3303.0
3.02000, 3312.0
3.02500, 3324.0
3.03000, 3374.0
3.03500, 3343.0
3.04000, 3247.0
3.04500, 3288.0
3.05000, 3316.0
3.05500, 3274.0
3.06000, 3355.0
3.06500, 3341.0
3.07000, 3312.0
3.07500, 3219.0
3.08000, 3267.0
3.08500, 3391.0
3.09000, 3382.0
3.09500, 3264.0
3.10000, 3311.0
3.10500, 3287.0
3.11000, 3270.0
3.11500, 3293.0
3.12000, 3205.0
3.12500, 3284.0
3.13000, 3278.0
3.13500, 3251.0
3.14000, 3234.0
3.14500, 3227.0
3.15000, 3254.0
3.15500, 3288.0
3.16000, 3224.0
3.16500, 3269.0
3.17000, 3227.0
3.17500, 3219.0
3.18000, 3278.0
3.18500, 3288.0
3.19000, 3279.0
3.19500, 3243.0
3.20000, 3238.0
3.20500, 3178.0
3.21000, 3186.0
3.21500, 3239.0
3.22000, 3239.0
3.22500, 3221.0
3.23000, 3234.0
3.23500, 3203.0
3.24000, 3227.0
3.24500, 3172.0
3.25000, 3179.0
3.25500, 3279.0
3.26000, 3237.0
3.26500, 3183.0
3.27000, 3168.0
3.27500, 3145.0
3.28000, 3134.0
3.28500, 3155.0
3.29000, 3132.0
3.29500, 3143.0
3.30000, 3200.0
3.30500, 3123.0
3.31000, 3088.0
3.31500, 3123.0
3.32000, 3190.0
3.32500, 3204.0
3.33000, 3167.0
3.33500, 3137.0
3.34000, 3060.0
3.34500, 3042.0
3.35000, 3085.0
3.35500, 3122.0
3.36000, 3141.0
3.36500, 3166.0
3.37000, 3152.0
3.37500, 3108.0
3.38000, 3094.0
3.38500, 3044.0
3.39000, 3078.0
3.39500, 3098.0
3.40000, 3053.0
3.40500, 3045.0
3.41000, 3099.0
3.41500, 3043.0
3.42000, 3000.0
3.42500, 3044.0
3.43000, 3076.0
3.43500, 3079.0
3.44000, 3033.0
3.44500, 2977.0
3.45000, 3044.0
3.45500, 3058.0
3.46000, 3046.0
3.46500, 3070.0
3.47000, 3092.0
3.47500, 3025.0
3.48000, 2973.0
3.48500, 2968.0
3.49000, 2956.0
3.49500, 2959.0
3.50000, 3013.0
3.50500, 2984.0
3.51000, 2991.0
3.51500, 3028.0
3.52000, 3006.0
3.52500, 3042.0
3.53000, 2991.0
3.53500, 2982.0
3.54000, 2979.0
3.54500, 3000.0
3.55000, 3066.0
3.55500, 2976.0
3.56000, 2899.0
3.56500, 2880.0
3.57000, 2879.0
3.57500, 2932.0
3.58000, 3003.0
3.58500, 2923.0
3.59000, 2870.0
3.59500, 2937.0
3.60000, 2959.0
3.60500, 2924.0
3.61000, 2922.0
3.61500, 2886.0
3.62000, 2928.0
3.62500, 3033.0
3.63000, 2974.0
3.63500, 2899.0
3.64000, 2887.0
3.64500, 2893.0
3.65000, 2957.0
3.65500, 2925.0
3.66000, 2874.0
3.66500, 2887.0
3.67000, 2828.0
3.67500, 2835.0
3.68000, 2906.0
3.68500, 2852.0
3.69000, 2846.0
3.69500, 2846.0
3.70000, 2841.0
3.70500, 2881.0
3.71000, 2852.0
3.71500, 2834.0
3.72000, 2855.0
3.72500, 2876.0
3.73000, 2854.0
3.73500, 2832.0
3.74000, 2833.0
3.74500, 2778.0
3.75000, 2757.0
3.75500, 2768.0
3.76000, 2776.0
3.76500, 2812.0
3.77000, 2834.0
3.77500, 2777.0
3.78000, 2815.0
3.78500, 2823.0
3.79000, 2741.0
3.79500, 2796.0
3.80000, 2821.0
3.80500, 2763.0
3.81000, 2753.0
3.81500, 2738.0
3.82000, 2728.0
3.82500, 2780.0
3.83000, 2743.0
3.83500, 2697.0
3.84000, 2765.0
3.84500, 2799.0
3.85000, 2743.0
3.85500, 2669.0
3.86000, 2693.0
3.86500, 2737.0
3.87000, 2761.0
3.87500, 2686.0
3.88000, 2694.0
3.88500, 2702.0
3.89000, 2673.0
3.89500, 2701.0
3.90000, 2703.0
3.90500, 2640.0
3.91000, 2634.0
3.91500, 2724.0
3.92000, 2760.0
3.92500, 2721.0
3.93000, 2692.0
3.93500, 2693.0
3.94000, 2648.0
3.94500, 2607.0
3.95000, 2647.0
3.95500, 2685.0
3.96000, 2648.0
3.96500, 2607.0
3.97000, 2605.0
3.97500, 2632.0
3.98000, 2632.0
3.98500, 2626.0
3.99000, 2627.0
3.99500, 2610.0
4.00000, 2606.0
4.00500, 2643.0
4.01000, 2638.0
4.01500, 2594.0
4.02000, 2599.0
4.02500, 2585.0
4.03000, 2618.0
4.03500, 2606.0
4.04000, 2563.0
4.04500, 2606.0
4.05000, 2606.0
4.05500, 2614.0
4.06000, 2542.0
4.06500, 2499.0
4.07000, 2595.0
4.07500, 2614.0
4.08000, 2593.0
4.08500, 2585.0
4.09000, 2579.0
4.09500, 2562.0
4.10000, 2567.0
4.10500, 2551.0
4.11000, 2536.0
4.11500, 2529.0
4.12000, 2547.0
4.12500, 2551.0
4.13000, 2512.0
4.13500, 2564.0
4.14000, 2547.0
4.14500, 2464.0
4.15000, 2506.0
4.15500, 2545.0
4.16000, 2525.0
4.16500, 2529.0
4.17000, 2537.0
4.17500, 2531.0
4.18000, 2530.0
4.18500, 2516.0
4.19000, 2468.0
4.19500, 2501.0
4.20000, 2551.0
4.20500, 2547.0
4.21000, 2484.0
4.21500, 2436.0
4.22000, 2460.0
4.22500, 2488.0
4.23000, 2442.0
4.23500, 2396.0
4.24000, 2417.0
4.24500, 2453.0
4.25000, 2495.0
4.25500, 2444.0
4.26000, 2398.0
4.26500, 2388.0
4.27000, 2391.0
4.27500, 2427.0
4.28000, 2427.0
4.28500, 2388.0
4.29000, 2353.0
4.29500, 2393.0
4.30000, 2421.0
4.30500, 2418.0
4.31000, 2377.0
4.31500, 2363.0
4.32000, 2428.0
4.32500, 2433.0
4.33000, 2399.0
4.33500, 2398.0
4.34000, 2406.0
4.34500, 2362.0
4.35000, 2352.0
4.35500, 2322.0
4.36000, 2313.0
4.36500, 2306.0
4.37000, 2319.0
4.37500, 2348.0
4.38000, 2290.0
4.38500, 2320.0
4.39000, 2397.0
4.39500, 2374.0
4.40000, 2363.0
4.40500, 2368.0
4.41000, 2366.0
4.41500, 2333.0
4.42000, 2311.0
4.42500, 2356.0
4.43000, 2365.0
4.43500, 2369.0
4.44000, 2350.0
4.44500, 2300.0
4.45000, 2308.0
4.45500, 2307.0
4.46000, 2319.0
4.46500, 2335.0
4.47000, 2293.0
4.47500, 2315.0
4.48000, 2332.0
4.48500, 2289.0
4.49000, 2226.0
4.49500, 2236.0
4.50000, 2270.0
4.50500, 2273.0
4.51000, 2294.0
4.51500, 2300.0
4.52000, 2330.0
4.52500, 2326.0
4.53000, 2336.0
4.53500, 2307.0
4.54000, 2278.0
4.54500, 2290.0
4.55000, 2272.0
4.55500, 2247.0
4.56000, 2202.0
4.56500, 2211.0
4.57000, 2222.0
4.57500, 2233.0
4.58000, 2203.0
4.58500, 2199.0
4.59000, 2221.0
4.59500, 2182.0
4.60000, 2207.0
4.60500, 2208.0
4.61000, 2173.0
4.61500, 2204.0
4.62000, 2227.0
4.62500, 2229.0
4.63000, 2199.0
4.63500, 2226.0
4.64000, 2245.0
4.64500, 2211.0
4.65000, 2193.0
4.65500, 2204.0
4.66000, 2215.0
4.66500, 2180.0
4.67000, 2179.0
4.67500, 2155.0
4.68000, 2118.0
4.68500, 2144.0
4.69000, 2162.0
4.69500, 2198.0
4.70000, 2195.0
4.70500, 2117.0
4.71000, 2131.0
4.71500, 2189.0
4.72000, 2152.0
4.72500, 2139.0
4.73000, 2110.0
4.73500, 2120.0
4.74000, 2144.0
4.74500, 2113.0
4.75000, 2113.0
4.75500, 2110.0
4.76000, 2102.0
4.76500, 2115.0
4.77000, 2120.0
4.77500, 2105.0
4.78000, 2114.0
4.78500, 2114.0
4.79000, 2130.0
4.79500, 2101.0
4.80000, 2078.0
4.80500, 2067.0
4.81000, 2080.0
4.81500, 2090.0
4.82000, 2061.0
4.82500, 2070.0
4.83000, 2083.0
4.83500, 2075.0
4.84000, 2106.0
4.84500, 2091.0
4.85000, 2087.0
4.85500, 2092.0
4.86000, 2066.0
4.86500, 2043.0
4.87000, 2056.0
4.87500, 2075.0
4.88000, 2013.0
4.88500, 2010.0
4.89000, 2049.0
4.89500, 2054.0
4.90000, 2028.0
4.90500, 2008.0
4.91000, 2043.0
4.91500, 2034.0
4.92000, 2032.0
4.92500, 2075.0
4.93000, 2035.0
4.93500, 2002.0
4.94000, 2036.0
4.94500, 2058.0
4.95000, 2001.0
4.95500, 2011.0
4.96000, 2043.0
4.96500, 2040.0
4.97000, 2000.0
4.97500, 1972.0
4.98000, 1943.0
4.98500, 1947.0
4.99000, 1980.0
4.99500, 1976.0
5.00000, 1988.0
5.00500, 1988.0
5.01000, 1990.0
5.01500, 1986.0
5.02000, 1976.0
5.02500, 1973.0
5.03000, 1912.0
5.03500, 1877.0
5.04000, 1896.0
5.04500, 1997.0
5.05000, 1980.0
5.05500, 1959.0
5.06000, 1923.0
5.06500, 1921.0
5.07000, 1949.0
5.07500, 1917.0
5.08000, 1895.0
5.08500, 1965.0
5.09000, 1975.0
5.09500, 1900.0
5.10000, 1931.0
5.10500, 1948.0
5.11000, 1922.0
5.11500, 1945.0
5.12000, 1950.0
5.12500, 1950.0
5.13000, 1939.0
5.13500, 1969.0
5.14000, 1929.0
5.14500, 1905.0
5.15000, 1919.0
5.15500, 1905.0
5.16000, 1883.0
5.16500, 1868.0
5.17000, 1896.0
5.17500, 1896.0
5.18000, 1891.0
5.18500, 1880.0
5.19000, 1896.0
5.19500, 1901.0
5.20000, 1871.0
5.20500, 1897.0
5.21000, 1866.0
5.21500, 1850.0
5.22000, 1872.0
5.22500, 1856.0
5.23000, 1848.0
5.23500, 1827.0
5.24000, 1848.0
5.24500, 1826.0
5.25000, 1897.0
5.25500, 1942.0
5.26000, 1913.0
5.26500, 1846.0
5.27000, 1849.0
5.27500, 1908.0
5.28000, 1905.0
5.28500, 1784.0
5.29000, 1782.0
5.29500, 1806.0
5.30000, 1844.0
5.30500, 1866.0
5.31000, 1808.0
5.31500, 1817.0
5.32000, 1821.0
5.32500, 1844.0
5.33000, 1838.0
5.33500, 1832.0
5.34000, 1815.0
5.34500, 1753.0
5.35000, 1763.0
5.35500, 1782.0
5.36000, 1854.0
5.36500, 1853.0
5.37000, 1830.0
5.37500, 1820.0
5.38000, 1842.0
5.38500, 1798.0
5.39000, 1815.0
5.39500, 1798.0
5.40000, 1785.0
5.40500, 1744.0
5.41000, 1731.0
5.41500, 1752.0
5.42000, 1804.0
5.42500, 1749.0
5.43000, 1746.0
5.43500, 1747.0
5.44000, 1742.0
5.44500, 1751.0
5.45000, 1811.0
5.45500, 1790.0
5.46000, 1795.0
5.46500, 1758.0
5.47000, 1773.0
5.47500, 1768.0
5.48000, 1783.0
5.48500, 1793.0
5.49000, 1774.0
5.49500, 1720.0
5.50000, 1711.0
5.50500, 1760.0
5.51000, 1760.0
5.51500, 1777.0
5.52000, 1716.0
5.52500, 1688.0
5.53000, 1711.0
5.53500, 1728.0
5.54000, 1760.0
5.54500, 1739.0
5.55000, 1715.0
5.55500, 1759.0
5.56000, 1800.0
5.56500, 1718.0
5.57000, 1687.0
5.57500, 1713.0
5.58000, 1706.0
5.58500, 1675.0
5.59000, 1703.0
5.59500, 1717.0
5.60000, 1684.0
5.60500, 1696.0
5.61000, 1613.0
5.61500, 1641.0
5.62000, 1652.0
5.62500, 1669.0
5.63000, 1658.0
5.63500, 1678.0
5.64000, 1647.0
5.64500, 1663.0
5.65000, 1723.0
5.65500, 1722.0
5.66000, 1686.0
5.66500, 1640.0
5.67000, 1623.0
5.67500, 1666.0
5.68000, 1651.0
5.68500, 1631.0
5.69000, 1638.0
5.69500, 1654.0
5.70000, 1641.0
5.70500, 1607.0
5.71000, 1621.0
5.71500, 1690.0
5.72000, 1690.0
5.72500, 1585.0
5.73000, 1601.0
5.73500, 1664.0
5.74000, 1617.0
5.74500, 1646.0
5.75000, 1638.0
5.75500, 1637.0
5.76000, 1620.0
5.76500, 1628.0
5.77000, 1640.0
5.77500, 1632.0
5.78000, 1613.0
5.78500, 1661.0
5.79000, 1610.0
5.79500, 1565.0
5.80000, 1574.0
5.80500, 1613.0
5.81000, 1627.0
5.81500, 1603.0
5.82000, 1636.0
5.82500, 1578.0
5.83000, 1577.0
5.83500, 1563.0
5.84000, 1595.0
5.84500, 1627.0
5.85000, 1627.0
5.85500, 1588.0
5.86000, 1559.0
5.86500, 1642.0
5.87000, 1635.0
5.87500, 1641.0
5.88000, 1660.0
5.88500, 1558.0
5.89000, 1544.0
5.89500, 1629.0
5.90000, 1564.0
5.90500, 1525.0
5.91000, 1544.0
5.91500, 1563.0
5.92000, 1563.0
5.92500, 1563.0
5.93000, 1553.0
5.93500, 1530.0
5.94000, 1539.0
5.94500, 1567.0
5.95000, 1506.0
5.95500, 1530.0
5.96000, 1559.0
5.96500, 1564.0
5.97000, 1548.0
5.97500, 1524.0
5.98000, 1488.0
5.98500, 1491.0
5.99000, 1507.0
5.99500, 1490.0
6.00000, 1545.0
6.00500, 1530.0
6.01000, 1488.0
6.01500, 1508.0
6.02000, 1532.0
6.02500, 1511.0
6.03000, 1500.0
6.03500, 1519.0
6.04000, 1533.0
6.04500, 1499.0
6.05000, 1538.0
6.05500, 1517.0
6.06000, 1501.0
6.06500, 1481.0
6.07000, 1503.0
6.07500, 1474.0
6.08000, 1458.0
6.08500, 1482.0
6.09000, 1522.0
6.09500, 1464.0
6.10000, 1474.0
6.10500, 1472.0
6.11000, 1463.0
6.11500, 1477.0
6.12000, 1492.0
6.12500, 1459.0
6.13000, 1500.0
6.13500, 1444.0
6.14000, 1457.0
6.14500, 1460.0
6.15000, 1460.0
6.15500, 1410.0
6.16000, 1443.0
6.16500, 1495.0
6.17000, 1472.0
6.17500, 1470.0
6.18000, 1418.0
6.18500, 1473.0
6.19000, 1480.0
6.19500, 1445.0
6.20000, 1468.0
6.20500, 1470.0
6.21000, 1466.0
6.21500, 1462.0
6.22000, 1550.0
6.22500, 1498.0
6.23000, 1427.0
6.23500, 1491.0
6.24000, 1485.0
6.24500, 1455.0
6.25000, 1472.0
6.25500, 1487.0
6.26000, 1511.0
6.26500, 1528.0
6.27000, 1553.0
6.27500, 1503.0
6.28000, 1475.0
6.28500, 1530.0
6.29000, 1522.0
6.29500, 1465.0
6.30000, 1509.0
6.30500, 1543.0
6.31000, 1494.0
6.31500, 1463.0
6.32000, 1495.0
6.32500, 1495.0
6.33000, 1481.0
6.33500, 1430.0
6.34000, 1418.0
6.34500, 1480.0
6.35000, 1433.0
6.35500, 1433.0
6.36000, 1421.0
6.36500, 1417.0
6.37000, 1419.0
6.37500, 1407.0
6.38000, 1419.0
6.38500, 1433.0
6.39000, 1401.0
6.39500, 1398.0
6.40000, 1430.0
6.40500, 1358.0
6.41000, 1392.0
6.41500, 1363.0
6.42000, 1335.0
6.42500, 1343.0
6.43000, 1329.0
6.43500, 1395.0
6.44000, 1357.0
6.44500, 1394.0
6.45000, 1332.0
6.45500, 1424.0
6.46000, 1362.0
6.46500, 1329.0
6.47000, 1371.0
6.47500, 1339.0
6.48000, 1396.0
6.48500, 1386.0
6.49000, 1318.0
6.49500, 1334.0
6.50000, 1374.0
6.50500, 1357.0
6.51000, 1408.0
6.51500, 1357.0
6.52000, 1408.0
6.52500, 1366.0
6.53000, 1341.0
6.53500, 1374.0
6.54000, 1376.0
6.54500, 1308.0
6.55000, 1353.0
6.55500, 1357.0
6.56000, 1269.0
6.56500, 1290.0
6.57000, 1316.0
6.57500, 1318.0
6.58000, 1316.0
6.58500, 1273.0
6.59000, 1249.0
6.59500, 1270.0
6.60000, 1314.0
6.60500, 1263.0
6.61000, 1286.0
6.61500, 1293.0
6.62000, 1303.0
6.62500, 1371.0
6.63000, 1340.0
6.63500, 1280.0
6.64000, 1303.0
6.64500, 1256.0
6.65000, 1305.0
6.65500, 1303.0
6.66000, 1306.0
6.66500, 1287.0
6.67000, 1293.0
6.67500, 1286.0
6.68000, 1307.0
6.68500, 1296.0
6.69000, 1261.0
6.69500, 1228.0
6.70000, 1357.0
6.70500, 1333.0
6.71000, 1305.0
6.71500, 1231.0
6.72000, 1276.0
6.72500, 1262.0
6.73000, 1248.0
6.73500, 1293.0
6.74000, 1269.0
6.74500, 1269.0
6.75000, 1292.0
6.75500, 1251.0
6.76000, 1260.0
6.76500, 1277.0
6.77000, 1260.0
6.77500, 1205.0
6.78000, 1233.0
6.78500, 1252.0
6.79000, 1263.0
6.79500, 1305.0
6.80000, 1229.0
6.80500, 1261.0
6.81000, 1297.0
6.81500, 1258.0
6.82000, 1225.0
6.82500, 1190.0
6.83000, 1228.0
6.83500, 1297.0
6.84000, 1235.0
6.84500, 1251.0
6.85000, 1227.0
6.85500, 1225.0
6.86000, 1184.0
6.86500, 1221.0
6.87000, 1253.0
6.87500, 1207.0
6.88000, 1170.0
6.88500, 1206.0
6.89000, 1175.0
6.89500, 1191.0
6.90000, 1231.0
6.90500, 1152.0
6.91000, 1175.0
6.91500, 1180.0
6.92000, 1192.0
6.92500, 1159.0
6.93000, 1220.0
6.93500, 1154.0
6.94000, 1201.0
6.94500, 1178.0
6.95000, 1172.0
6.95500, 1206.0
6.96000, 1193.0
6.96500, 1176.0
6.97000, 1221.0
6.97500, 1193.0
6.98000, 1180.0
6.98500, 1112.0
6.99000, 1182.0
6.99500, 1156.0
7.00000, 1159.0
7.00500, 1211.0
7.01000, 1133.0
7.01500, 1130.0
7.02000, 1166.0
7.02500, 1159.0
7.03000, 1167.0
7.03500, 1158.0
7.04000, 1206.0
7.04500, 1164.0
7.05000, 1193.0
7.05500, 1151.0
7.06000, 1182.0
7.06500, 1208.0
7.07000, 1168.0
7.07500, 1196.0
7.08000, 1132.0
7.08500, 1144.0
7.09000, 1173.0
7.09500, 1180.0
7.10000, 1130.0
7.10500, 1137.0
7.11000, 1156.0
7.11500, 1142.0
7.12000, 1173.0
7.12500, 1194.0
7.13000, 1119.0
7.13500, 1127.0
7.14000, 1128.0
7.14500, 1100.0
7.15000, 1181.0
7.15500, 1118.0
7.16000, 1097.0
7.16500, 1137.0
7.17000, 1135.0
7.17500, 1108.0
7.18000, 1107.0
7.18500, 1122.0
7.19000, 1164.0
7.19500, 1099.0
7.20000, 1091.0
7.20500, 1191.0
7.21000, 1122.0
7.21500, 1128.0
7.22000, 1147.0
7.22500, 1135.0
7.23000, 1143.0
7.23500, 1125.0
7.24000, 1113.0
7.24500, 1109.0
7.25000, 1170.0
7.25500, 1131.0
7.26000, 1155.0
7.26500, 1101.0
7.27000, 1071.0
7.27500, 1040.0
7.28000, 1118.0
7.28500, 1115.0
7.29000, 1062.0
7.29500, 1062.0
7.30000, 1113.0
7.30500, 1102.0
7.31000, 1098.0
7.31500, 1097.0
7.32000, 1102.0
7.32500, 1066.0
7.33000, 1055.0
7.33500, 1057.0
7.34000, 1124.0
7.34500, 1073.0
7.35000, 1078.0
7.35500, 1060.0
7.36000, 1101.0
7.36500, 1082.0
7.37000, 1058.0
7.37500, 1097.0
7.38000, 1080.0
7.38500, 1077.0
7.39000, 1018.0
7.39500, 1003.0
7.40000, 1119.0
7.40500, 1138.0
7.41000, 1061.0
7.41500, 1077.0
7.42000, 1103.0
7.42500, 1140.0
7.43000, 1112.0
7.43500, 1046.0
7.44000, 1093.0
7.44500, 1044.0
7.45000, 1019.0
7.45500, 1084.0
7.46000, 1125.0
7.46500, 1097.0
7.47000, 1078.0
7.47500, 1071.0
7.48000, 1052.0
7.48500, 1038.0
7.49000, 1030.0
7.49500, 1003.0
7.50000, 1050.0
7.50500, 1045.0
7.51000, 1091.0
7.51500, 1064.0
7.52000, 1055.0
7.52500, 1065.0
7.53000, 1040.0
7.53500, 1053.0
7.54000, 1041.0
7.54500, 1046.0
7.55000, 995.0
7.55500, 1070.0
7.56000, 1002.0
7.56500, 1048.0
7.57000, 999.0
7.57500, 1040.0
7.58000, 1052.0
7.58500, 1091.0
7.59000, 1045.0
7.59500, 1069.0
7.60000, 961.0
7.60500, 1024.0
7.61000, 1059.0
7.61500, 1086.0
7.62000, 1017.0
7.62500, 1062.0
7.63000, 1048.0
7.63500, 1034.0
7.64000, 1019.0
7.64500, 1012.0
7.65000, 1078.0
7.65500, 1038.0
7.66000, 1008.0
7.66500, 1014.0
7.67000, 1060.0
7.67500, 1069.0
7.68000, 1084.0
7.68500, 1028.0
7.69000, 1036.0
7.69500, 1016.0
7.70000, 1025.0
7.70500, 1017.0
7.71000, 1081.0
7.71500, 1031.0
7.72000, 1099.0
7.72500, 1077.0
7.73000, 1043.0
7.73500, 1086.0
7.74000, 1016.0
7.74500, 1096.0
7.75000, 1063.0
7.75500, 1003.0
7.76000, 1028.0
7.76500, 1039.0
7.77000, 1105.0
7.77500, 1178.0
7.78000, 1042.0
7.78500, 1055.0
7.79000, 1108.0
7.79500, 1090.0
7.80000, 1079.0
7.80500, 1118.0
7.81000, 1122.0
7.81500, 1155.0
7.82000, 1165.0
7.82500, 1194.0
7.83000, 1212.0
7.83500, 1321.0
7.84000, 1355.0
7.84500, 1400.0
7.85000, 1436.0
7.85500, 1563.0
7.86000, 1636.0
7.86500, 1911.0
7.87000, 1969.0
7.87500, 2283.0
7.88000, 2629.0
7.88500, 2919.0
7.89000, 3273.0
7.89500, 3713.0
7.90000, 4277.0
7.90500, 4729.0
7.91000, 5499.0
7.91500, 6309.0
7.92000, 7164.0
7.92500, 7935.0
7.93000, 9113.0
7.93500, 10337.0
7.94000, 11464.0
7.94500, 13058.0
7.95000, 14441.0
7.95500, 15981.0
7.96000, 17169.0
7.96500, 19142.0
7.97000, 20803.0
7.97500, 22349.0
7.98000, 24090.0
7.98500, 25729.0
7.99000, 27783.0
7.99500, 29413.0
8.00000, 30644.0
8.00500, 32164.0
8.01000, 33476.0
8.01500, 34536.0
8.02000, 35301.0
8.02500, 36069.0
8.03000, 36707.0
8.03500, 37020.0
8.04000, 37103.0
8.04500, 36829.0
8.05000, 36440.0
8.05500, 35793.0
8.06000, 35310.0
8.06500, 34266.0
8.07000, 32594.0
8.07500, 31628.0
8.08000, 29912.0
8.08500, 28718.0
8.09000, 27118.0
8.09500, 25441.0
8.10000, 23801.0
8.10500, 21951.0
8.11000, 20024.0
8.11500, 18246.0
8.12000, 17132.0
8.12500, 15359.0
8.13000, 13707.0
8.13500, 12148.0
8.14000, 10908.0
8.14500, 9805.0
8.15000, 8681.0
8.15500, 7635.0
8.16000, 6699.0
8.16500, 5983.0
8.17000, 5196.0
8.17500, 4489.0
8.18000, 3881.0
8.18500, 3513.0
8.19000, 3048.0
8.19500, 2673.0
8.20000, 2441.0
8.20500, 2116.0
8.21000, 1851.0
8.21500, 1762.0
8.22000, 1512.0
8.22500, 1406.0
8.23000, 1371.0
8.23500, 1262.0
8.24000, 1149.0
8.24500, 1075.0
8.25000, 1040.0
8.25500, 969.0
8.26000, 1031.0
8.26500, 999.0
8.27000, 980.0
8.27500, 971.0
8.28000, 962.0
8.28500, 947.0
8.29000, 955.0
8.29500, 932.0
8.30000, 916.0
8.30500, 874.0
8.31000, 899.0
8.31500, 897.0
8.32000, 853.0
8.32500, 924.0
8.33000, 897.0
8.33500, 913.0
8.34000, 899.0
8.34500, 868.0
8.35000, 883.0
8.35500, 921.0
8.36000, 862.0
8.36500, 877.0
8.37000, 865.0
8.37500, 891.0
8.38000, 875.0
8.38500, 911.0
8.39000, 891.0
8.39500, 852.0
8.40000, 854.0
8.40500, 914.0
8.41000, 903.0
8.41500, 864.0
8.42000, 866.0
8.42500, 841.0
8.43000, 858.0
8.43500, 854.0
8.44000, 883.0
8.44500, 858.0
8.45000, 812.0
8.45500, 861.0
8.46000, 852.0
8.46500, 897.0
8.47000, 894.0
8.47500, 853.0
8.48000, 837.0
8.48500, 878.0
8.49000, 882.0
8.49500, 850.0
8.50000, 903.0
8.50500, 790.0
8.51000, 946.0
8.51500, 924.0
8.52000, 832.0
8.52500, 877.0
8.53000, 844.0
8.53500, 847.0
8.54000, 860.0
8.54500, 811.0
8.55000, 830.0
8.55500, 831.0
8.56000, 813.0
8.56500, 879.0
8.57000, 851.0
8.57500, 844.0
8.58000, 898.0
8.58500, 856.0
8.59000, 883.0
8.59500, 823.0
8.60000, 868.0
8.60500, 882.0
8.61000, 903.0
8.61500, 834.0
8.62000, 878.0
8.62500, 916.0
8.63000, 850.0
8.63500, 833.0
8.64000, 860.0
8.64500, 902.0
8.65000, 874.0
8.65500, 833.0
8.66000, 869.0
8.66500, 934.0
8.67000, 907.0
8.67500, 880.0
8.68000, 905.0
8.68500, 902.0
8.69000, 927.0
8.69500, 969.0
8.70000, 974.0
8.70500, 964.0
8.71000, 977.0
8.71500, 1030.0
8.72000, 982.0
8.72500, 1051.0
8.73000, 1076.0
8.73500, 1104.0
8.74000, 1146.0
8.74500, 1156.0
8.75000, 1319.0
8.75500, 1261.0
8.76000, 1401.0
8.76500, 1448.0
8.77000, 1546.0
8.77500, 1723.0
8.78000, 1820.0
8.78500, 2040.0
8.79000, 2069.0
8.79500, 2228.0
8.80000, 2322.0
8.80500, 2545.0
8.81000, 2711.0
8.81500, 2970.0
8.82000, 3130.0
8.82500, 3437.0
8.83000, 3638.0
8.83500, 3732.0
8.84000, 4090.0
8.84500, 4247.0
8.85000, 4425.0
8.85500, 4646.0
8.86000, 4779.0
8.86500, 4986.0
8.87000, 5200.0
8.87500, 5379.0
8.88000, 5542.0
8.88500, 5625.0
8.89000, 5843.0
8.89500, 5834.0
8.90000, 5712.0
8.90500, 5885.0
8.91000, 5667.0
8.91500, 5711.0
8.92000, 5734.0
8.92500, 5569.0
8.93000, 5509.0
8.93500, 5445.0
8.94000, 5222.0
8.94500, 5011.0
8.95000, 4800.0
8.95500, 4637.0
8.96000, 4430.0
8.96500, 4303.0
8.97000, 4016.0
8.97500, 3742.0
8.98000, 3679.0
8.98500, 3509.0
8.99000, 3227.0
8.99500, 3074.0
9.00000, 2809.0
9.00500, 2574.0
9.01000, 2381.0
9.01500, 2242.0
9.02000, 2115.0
9.02500, 1932.0
9.03000, 1809.0
9.03500, 1733.0
9.04000, 1561.0
9.04500, 1460.0
9.05000, 1397.0
9.05500, 1250.0
9.06000, 1212.0
9.06500, 1178.0
9.07000, 1049.0
9.07500, 1045.0
9.08000, 960.0
9.08500, 880.0
9.09000, 845.0
9.09500, 823.0
9.10000, 766.0
9.10500, 792.0
9.11000, 798.0
9.11500, 745.0
9.12000, 725.0
9.12500, 675.0
9.13000, 656.0
9.13500, 643.0
9.14000, 696.0
9.14500, 631.0
9.15000, 668.0
9.15500, 669.0
9.16000, 652.0
9.16500, 620.0
9.17000, 629.0
9.17500, 634.0
9.18000, 655.0
9.18500, 604.0
9.19000, 592.0
9.19500, 621.0
9.20000, 641.0
9.20500, 633.0
9.21000, 643.0
9.21500, 658.0
9.22000, 626.0
9.22500, 614.0
9.23000, 633.0
9.23500, 600.0
9.24000, 649.0
9.24500, 622.0
9.25000, 633.0
9.25500, 605.0
9.26000, 628.0
9.26500, 610.0
9.27000, 576.0
9.27500, 630.0
9.28000, 590.0
9.28500, 566.0
9.29000, 600.0
9.29500, 594.0
9.30000, 637.0
9.30500, 607.0
9.31000, 617.0
9.31500, 594.0
9.32000, 568.0
9.32500, 589.0
9.33000, 601.0
9.33500, 588.0
9.34000, 630.0
9.34500, 551.0
9.35000, 625.0
9.35500, 607.0
9.36000, 621.0
9.36500, 631.0
9.37000, 578.0
9.37500, 636.0
9.38000, 574.0
9.38500, 612.0
9.39000, 563.0
9.39500, 581.0
9.40000, 575.0
9.40500, 598.0
9.41000, 593.0
9.41500, 589.0
9.42000, 582.0
9.42500, 610.0
9.43000, 566.0
9.43500, 605.0
9.44000, 622.0
9.44500, 557.0
9.45000, 588.0
9.45500, 613.0
9.46000, 563.0
9.46500, 575.0
9.47000, 584.0
9.47500, 567.0
9.48000, 611.0
9.48500, 613.0
9.49000, 639.0
9.49500, 627.0
9.50000, 592.0
9.50500, 583.0
9.51000, 570.0
9.51500, 584.0
9.52000, 600.0
9.52500, 555.0
9.53000, 595.0
9.53500, 563.0
9.54000, 581.0
9.54500, 585.0
9.55000, 610.0
9.55500, 563.0
9.56000, 583.0
9.56500, 632.0
9.57000, 597.0
9.57500, 586.0
9.58000, 584.0
9.58500, 576.0
9.59000, 584.0
9.59500, 568.0
9.60000, 569.0
9.60500, 572.0
9.61000, 588.0
9.61500, 577.0
9.62000, 554.0
9.62500, 584.0
9.63000, 577.0
9.63500, 600.0
9.64000, 587.0
9.64500, 564.0
9.65000, 576.0
9.65500, 551.0
9.66000, 542.0
9.66500, 544.0
9.67000, 562.0
9.67500, 581.0
9.68000, 567.0
9.68500, 588.0
9.69000, 580.0
9.69500, 554.0
9.70000, 566.0
9.70500, 571.0
9.71000, 636.0
9.71500, 570.0
9.72000, 555.0
9.72500, 551.0
9.73000, 591.0
9.73500, 562.0
9.74000, 619.0
9.74500, 603.0
9.75000, 612.0
9.75500, 582.0
9.76000, 585.0
9.76500, 636.0
9.77000, 578.0
9.77500, 613.0
9.78000, 652.0
9.78500, 635.0
9.79000, 627.0
9.79500, 653.0
9.80000, 603.0
9.80500, 614.0
9.81000, 620.0
9.81500, 644.0
9.82000, 619.0
9.82500, 632.0
9.83000, 678.0
9.83500, 589.0
9.84000, 594.0
9.84500, 606.0
9.85000, 624.0
9.85500, 627.0
9.86000, 599.0
9.86500, 631.0
9.87000, 637.0
9.87500, 580.0
9.88000, 548.0
9.88500, 584.0
9.89000, 597.0
9.89500, 596.0
9.90000, 556.0
9.90500, 578.0
9.91000, 592.0
9.91500, 595.0
9.92000, 590.0
9.92500, 570.0
9.93000, 560.0
9.93500, 534.0
9.94000, 562.0
9.94500, 556.0
9.95000, 523.0
9.95500, 527.0
9.96000, 536.0
9.96500, 514.0
9.97000, 530.0
9.97500, 526.0
9.98000, 542.0
9.98500, 543.0
9.99000, 510.0
9.99500, 520.0
10.00000, 517.0
10.00500, 520.0
10.01000, 531.0
10.01500, 506.0
10.02000, 496.0
10.02500, 498.0
10.03000, 534.0
10.03500, 541.0
10.04000, 505.0
10.04500, 527.0
10.05000, 510.0
10.05500, 484.0
10.06000, 509.0
10.06500, 513.0
10.07000, 486.0
10.07500, 494.0
10.08000, 499.0
10.08500, 486.0
10.09000, 482.0
10.09500, 500.0
10.10000, 498.0
10.10500, 527.0
10.11000, 521.0
10.11500, 506.0
10.12000, 494.0
10.12500, 518.0
10.13000, 509.0
10.13500, 510.0
10.14000, 483.0
10.14500, 497.0
10.15000, 508.0
10.15500, 509.0
10.16000, 494.0
10.16500, 502.0
10.17000, 511.0
10.17500, 483.0
10.18000, 502.0
10.18500, 488.0
10.19000, 500.0
10.19500, 508.0
10.20000, 460.0
10.20500, 482.0
10.21000, 513.0
10.21500, 503.0
10.22000, 482.0
10.22500, 495.0
10.23000, 505.0
10.23500, 501.0
10.24000, 472.0
10.24500, 500.0
10.25000, 476.0
10.25500, 486.0
10.26000, 493.0
10.26500, 488.0
10.27000, 482.0
10.27500, 476.0
10.28000, 464.0
10.28500, 464.0
10.29000, 498.0
10.29500, 479.0
10.30000, 451.0
10.30500, 450.0
10.31000, 444.0
10.31500, 469.0
10.32000, 474.0
10.32500, 463.0
10.33000, 489.0
10.33500, 475.0
10.34000, 457.0
10.34500, 499.0
10.35000, 485.0
10.35500, 473.0
10.36000, 475.0
10.36500, 480.0
10.37000, 493.0
10.37500, 490.0
10.38000, 476.0
10.38500, 487.0
10.39000, 484.0
10.39500, 494.0
10.40000, 503.0
10.40500, 471.0
10.41000, 453.0
10.41500, 472.0
10.42000, 423.0
10.42500, 437.0
10.43000, 456.0
10.43500, 449.0
10.44000, 463.0
10.44500, 479.0
10.45000, 488.0
10.45500, 474.0
10.46000, 476.0
10.46500, 471.0
10.47000, 427.0
10.47500, 455.0
10.48000, 464.0
10.48500, 482.0
10.49000, 464.0
10.49500, 451.0
10.50000, 471.0
10.50500, 461.0
10.51000, 445.0
10.51500, 452.0
10.52000, 436.0
10.52500, 428.0
10.53000, 429.0
10.53500, 434.0
10.54000, 451.0
10.54500, 433.0
10.55000, 423.0
10.55500, 446.0
10.56000, 426.0
10.56500, 432.0
10.57000, 408.0
10.57500, 431.0
10.58000, 470.0
10.58500, 414.0
10.59000, 416.0
10.59500, 428.0
10.60000, 428.0
10.60500, 433.0
10.61000, 429.0
10.61500, 439.0
10.62000, 438.0
10.62500, 453.0
10.63000, 436.0
10.63500, 449.0
10.64000, 426.0
10.64500, 434.0
10.65000, 456.0
10.65500, 456.0
10.66000, 459.0
10.66500, 439.0
10.67000, 426.0
10.67500, 425.0
10.68000, 427.0
10.68500, 455.0
10.69000, 440.0
10.69500, 417.0
10.70000, 420.0
10.70500, 415.0
10.71000, 423.0
10.71500, 443.0
10.72000, 434.0
10.72500, 446.0
10.73000, 423.0
10.73500, 414.0
10.74000, 426.0
10.74500, 416.0
10.75000, 422.0
10.75500, 426.0
10.76000, 410.0
10.76500, 432.0
10.77000, 401.0
10.77500, 395.0
10.78000, 415.0
10.78500, 403.0
10.79000, 400.0
10.79500, 423.0
10.80000, 385.0
10.80500, 400.0
10.81000, 425.0
10.81500, 410.0
10.82000, 389.0
10.82500, 386.0
10.83000, 401.0
10.83500, 387.0
10.84000, 418.0
10.84500, 436.0
10.85000, 424.0
10.85500, 430.0
10.86000, 405.0
10.86500, 398.0
10.87000, 409.0
10.87500, 412.0
10.88000, 417.0
10.88500, 414.0
10.89000, 394.0
10.89500, 405.0
10.90000, 385.0
10.90500, 416.0
10.91000, 406.0
10.91500, 391.0
10.92000, 372.0
10.92500, 366.0
10.93000, 382.0
10.93500, 404.0
10.94000, 407.0
10.94500, 372.0
10.95000, 398.0
10.95500, 387.0
10.96000, 385.0
10.96500, 390.0
10.97000, 391.0
10.97500, 388.0
10.98000, 396.0
10.98500, 388.0
10.99000, 398.0
10.99500, 387.0
11.00000, 400.0
11.00500, 394.0
11.01000, 372.0
11.01500, 378.0
11.02000, 362.0
11.02500, 363.0
11.03000, 390.0
11.03500, 385.0
11.04000, 369.0
11.04500, 396.0
11.05000, 390.0
11.05500, 371.0
11.06000, 386.0
11.06500, 380.0
11.07000, 371.0
11.07500, 386.0
11.08000, 391.0
11.08500, 378.0
11.09000, 367.0
11.09500, 389.0
11.10000, 384.0
11.10500, 370.0
11.11000, 388.0
11.11500, 392.0
11.12000, 379.0
11.12500, 370.0
11.13000, 372.0
11.13500, 371.0
11.14000, 355.0
11.14500, 380.0
11.15000, 401.0
11.15500, 396.0
11.16000, 356.0
11.16500, 365.0
11.17000, 370.0
11.17500, 344.0
11.18000, 344.0
11.18500, 373.0
11.19000, 371.0
11.19500, 354.0
11.20000, 360.0
11.20500, 356.0
11.21000, 342.0
11.21500, 357.0
11.22000, 371.0
11.22500, 355.0
11.23000, 338.0
11.23500, 341.0
11.24000, 358.0
11.24500, 360.0
11.25000, 371.0
11.25500, 368.0
11.26000, 385.0
11.26500, 380.0
11.27000, 348.0
11.27500, 324.0
11.28000, 337.0
11.28500, 324.0
11.29000, 340.0
11.29500, 333.0
11.30000, 347.0
11.30500, 348.0
11.31000, 364.0
11.31500, 373.0
11.32000, 341.0
11.32500, 342.0
11.33000, 345.0
11.33500, 341.0
11.34000, 330.0
11.34500, 338.0
11.35000, 332.0
11.35500, 348.0
11.36000, 359.0
11.36500, 366.0
11.37000, 342.0
11.37500, 321.0
11.38000, 305.0
11.38500, 313.0
11.39000, 315.0
11.39500, 313.0
11.40000, 321.0
11.40500, 316.0
11.41000, 319.0
11.41500, 329.0
11.42000, 336.0
11.42500, 358.0
11.43000, 324.0
11.43500, 328.0
11.44000, 343.0
11.44500, 321.0
11.45000, 321.0
11.45500, 327.0
11.46000, 341.0
11.46500, 327.0
11.47000, 311.0
11.47500, 304.0
11.48000, 321.0
11.48500, 327.0
11.49000, 317.0
11.49500, 337.0
11.50000, 339.0
11.50500, 325.0
11.51000, 314.0
11.51500, 325.0
11.52000, 334.0
11.52500, 344.0
11.53000, 310.0
11.53500, 315.0
11.54000, 339.0
11.54500, 320.0
11.55000, 337.0
11.55500, 327.0
11.56000, 319.0
11.56500, 323.0
11.57000, 300.0
11.57500, 306.0
11.58000, 305.0
11.58500, 298.0
11.59000, 317.0
11.59500, 320.0
11.60000, 319.0
11.60500, 311.0
11.61000, 318.0
11.61500, 310.0
11.62000, 306.0
11.62500, 279.0
11.63000, 300.0
11.63500, 315.0
11.64000, 295.0
11.64500, 292.0
11.65000, 305.0
11.65500, 309.0
11.66000, 316.0
11.66500, 307.0
11.67000, 306.0
11.67500, 308.0
11.68000, 311.0
11.68500, 315.0
11.69000, 313.0
11.69500, 291.0
11.70000, 310.0
11.70500, 310.0
11.71000, 292.0
11.71500, 290.0
11.72000, 301.0
11.72500, 305.0
11.73000, 310.0
11.73500, 308.0
11.74000, 317.0
11.74500, 319.0
11.75000, 303.0
11.75500, 307.0
11.76000, 307.0
11.76500, 300.0
11.77000, 300.0
11.77500, 305.0
11.78000, 292.0
11.78500, 289.0
11.79000, 291.0
11.79500, 283.0
11.80000, 254.0
11.80500, 258.0
11.81000, 281.0
11.81500, 278.0
11.82000, 298.0
11.82500, 302.0
11.83000, 291.0
11.83500, 283.0
11.84000, 279.0
11.84500, 274.0
11.85000, 280.0
11.85500, 292.0
11.86000, 287.0
11.86500, 288.0
11.87000, 293.0
11.87500, 270.0
11.88000, 268.0
11.88500, 291.0
11.89000, 288.0
11.89500, 276.0
11.90000, 273.0
11.90500, 274.0
11.91000, 256.0
11.91500, 261.0
11.92000, 272.0
11.92500, 274.0
11.93000, 268.0
11.93500, 261.0
11.94000, 269.0
11.94500, 278.0
11.95000, 260.0
11.95500, 260.0
11.96000, 267.0
11.96500, 272.0
11.97000, 275.0
11.97500, 238.0
11.98000, 254.0
11.98500, 276.0
11.99000, 254.0
11.99500, 241.0
12.00000, 256.0
12.00500, 268.0
12.01000, 278.0
12.01500, 284.0
12.02000, 275.0
12.02500, 252.0
12.03000, 250.0
12.03500, 249.0
12.04000, 244.0
12.04500, 254.0
12.05000, 280.0
12.05500, 274.0
12.06000, 262.0
12.06500, 263.0
12.07000, 276.0
12.07500, 285.0
12.08000, 281.0
12.08500, 259.0
12.09000, 251.0
12.09500, 258.0
12.10000, 253.0
12.10500, 264.0
12.11000, 281.0
12.11500, 278.0
12.12000, 259.0
12.12500, 257.0
12.13000, 248.0
12.13500, 254.0
12.14000, 245.0
12.14500, 239.0
12.15000, 271.0
12.15500, 273.0
12.16000, 257.0
12.16500, 250.0
12.17000, 244.0
12.17500, 262.0
12.18000, 259.0
12.18500, 240.0
12.19000, 234.0
12.19500, 237.0
12.20000, 263.0
12.20500, 247.0
12.21000, 232.0
12.21500, 254.0
12.22000, 243.0
12.22500, 227.0
12.23000, 239.0
12.23500, 250.0
12.24000, 239.0
12.24500, 230.0
12.25000, 231.0
12.25500, 242.0
12.26000, 251.0
12.26500, 254.0
12.27000, 240.0
12.27500, 236.0
12.28000, 238.0
12.28500, 229.0
12.29000, 225.0
12.29500, 232.0
12.30000, 235.0
12.30500, 246.0
12.31000, 247.0
12.31500, 239.0
12.32000, 236.0
12.32500, 245.0
12.33000, 274.0
12.33500, 253.0
12.34000, 225.0
12.34500, 230.0
12.35000, 227.0
12.35500, 232.0
12.36000, 227.0
12.36500, 219.0
12.37000, 228.0
12.37500, 226.0
12.38000, 238.0
12.38500, 236.0
12.39000, 235.0
12.39500, 246.0
12.40000, 231.0
12.40500, 242.0
12.41000, 244.0
12.41500, 232.0
12.42000, 228.0
12.42500, 227.0
12.43000, 223.0
12.43500, 222.0
12.44000, 222.0
12.44500, 213.0
12.45000, 227.0
12.45500, 226.0
12.46000, 212.0
12.46500, 197.0
12.47000, 208.0
12.47500, 213.0
12.48000, 205.0
12.48500, 220.0
12.49000, 220.0
12.49500, 219.0
12.50000, 230.0
12.50500, 239.0
12.51000, 212.0
12.51500, 186.0
12.52000, 202.0
12.52500, 217.0
12.53000, 211.0
12.53500, 203.0
12.54000, 225.0
12.54500, 228.0
12.55000, 197.0
12.55500, 205.0
12.56000, 220.0
12.56500, 212.0
12.57000, 204.0
12.57500, 207.0
12.58000, 214.0
12.58500, 217.0
12.59000, 198.0
12.59500, 171.0
12.60000, 190.0
12.60500, 215.0
12.61000, 208.0
12.61500, 209.0
12.62000, 202.0
12.62500, 204.0
12.63000, 215.0
12.63500, 217.0
12.64000, 212.0
12.64500, 205.0
12.65000, 211.0
12.65500, 210.0
12.66000, 190.0
12.66500, 189.0
12.67000, 185.0
12.67500, 195.0
12.68000, 210.0
12.68500, 190.0
12.69000, 174.0
12.69500, 180.0
12.70000, 189.0
12.70500, 183.0
12.71000, 195.0
12.71500, 198.0
12.72000, 188.0
12.72500, 180.0
12.73000, 178.0
12.73500, 191.0
12.74000, 180.0
12.74500, 169.0
12.75000, 186.0
12.75500, 197.0
12.76000, 209.0
12.76500, 197.0
12.77000, 190.0
12.77500, 183.0
12.78000, 184.0
12.78500, 194.0
12.79000, 200.0
12.79500, 200.0
12.80000, 194.0
12.80500, 192.0
12.81000, 169.0
12.81500, 176.0
12.82000, 200.0
12.82500, 204.0
12.83000, 190.0
12.83500, 191.0
12.84000, 190.0
12.84500, 191.0
12.85000, 200.0
12.85500, 194.0
12.86000, 176.0
12.86500, 175.0
12.87000, 169.0
12.87500, 165.0
12.88000, 173.0
12.88500, 179.0
12.89000, 176.0
12.89500, 168.0
12.90000, 172.0
12.90500, 180.0
12.91000, 173.0
12.91500, 179.0
12.92000, 185.0
12.92500, 165.0
12.93000, 160.0
12.93500, 171.0
12.94000, 170.0
12.94500, 160.0
12.95000, 151.0
12.95500, 157.0
12.96000, 170.0
12.96500, 183.0
12.97000, 184.0
12.97500, 189.0
12.98000, 188.0
12.98500, 185.0
12.99000, 161.0
12.99500, 158.0
13.00000, 157.0
13.00500, 157.0
13.01000, 170.0
13.01500, 174.0
13.02000, 184.0
13.02500, 171.0
13.03000, 155.0
13.03500, 169.0
13.04000, 167.0
13.04500, 166.0
13.05000, 162.0
13.05500, 166.0
13.06000, 171.0
13.06500, 163.0
13.07000, 154.0
13.07500, 162.0
13.08000, 171.0
13.08500, 172.0
13.09000, 163.0
13.09500, 164.0
13.10000, 164.0
13.10500, 156.0
13.11000, 154.0
13.11500, 147.0
13.12000, 149.0
13.12500, 146.0
13.13000, 149.0
13.13500, 160.0
13.14000, 162.0
13.14500, 162.0
13.15000, 160.0
13.15500, 163.0
13.16000, 170.0
13.16500, 157.0
13.17000, 131.0
13.17500, 141.0
13.18000, 149.0
13.18500, 139.0
13.19000, 154.0
13.19500, 148.0
13.20000, 135.0
13.20500, 144.0
13.21000, 153.0
13.21500, 136.0
13.22000, 141.0
13.22500, 161.0
13.23000, 164.0
13.23500, 148.0
13.24000, 154.0
13.24500, 154.0
13.25000, 143.0
13.25500, 140.0
13.26000, 146.0
13.26500, 136.0
13.27000, 128.0
13.27500, 140.0
13.28000, 137.0
13.28500, 121.0
13.29000, 129.0
13.29500, 146.0
13.30000, 137.0
13.30500, 136.0
13.31000, 149.0
13.31500, 143.0
13.32000, 131.0
13.32500, 150.0
13.33000, 150.0
13.33500, 140.0
13.34000, 131.0
13.34500, 117.0
13.35000, 144.0
13.35500, 150.0
13.36000, 129.0
13.36500, 130.0
13.37000, 141.0
13.37500, 141.0
13.38000, 132.0
13.38500, 121.0
13.39000, 116.0
13.39500, 122.0
13.40000, 126.0
13.40500, 131.0
13.41000, 137.0
13.41500, 129.0
13.42000, 120.0
13.42500, 131.0
13.43000, 123.0
13.43500, 125.0
13.44000, 135.0
13.44500, 128.0
13.45000, 119.0
13.45500, 121.0
13.46000, 119.0
13.46500, 126.0
13.47000, 128.0
13.47500, 124.0
13.48000, 121.0
13.48500, 130.0
13.49000, 122.0
13.49500, 124.0
13.50000, 129.0
13.50500, 130.0
13.51000, 129.0
13.51500, 118.0
13.52000, 108.0
13.52500, 115.0
13.53000, 109.0
13.53500, 122.0
13.54000, 133.0
13.54500, 115.0
13.55000, 116.0
13.55500, 118.0
13.56000, 117.0
13.56500, 115.0
13.57000, 117.0
13.57500, 114.0
13.58000, 120.0
13.58500, 123.0
13.59000, 122.0
13.59500, 118.0
13.60000, 95.0
13.60500, 99.0
13.61000, 126.0
13.61500, 123.0
13.62000, 120.0
13.62500, 119.0
13.63000, 126.0
13.63500, 104.0
13.64000, 112.0
13.64500, 114.0
13.65000, 114.0
13.65500, 117.0
13.66000, 114.0
13.66500, 114.0
13.67000, 118.0
13.67500, 114.0
13.68000, 112.0
13.68500, 107.0
13.69000, 110.0
13.69500, 115.0
13.70000, 115.0
13.70500, 98.0
13.71000, 95.0
13.71500, 97.0
13.72000, 93.0
13.72500, 97.0
13.73000, 111.0
13.73500, 111.0
13.74000, 97.0
13.74500, 107.0
13.75000, 92.0
13.75500, 87.0
13.76000, 88.0
13.76500, 107.0
13.77000, 101.0
13.77500, 97.0
13.78000, 101.0
13.78500, 104.0
13.79000, 111.0
13.79500, 108.0
13.80000, 98.0
13.80500, 91.0
13.81000, 98.0
13.81500, 96.0
13.82000, 103.0
13.82500, 102.0
13.83000, 91.0
13.83500, 88.0
13.84000, 85.0
13.84500, 94.0
13.85000, 91.0
13.85500, 97.0
13.86000, 97.0
13.86500, 94.0
13.87000, 95.0
13.87500, 91.0
13.88000, 97.0
13.88500, 89.0
13.89000, 95.0
13.89500, 92.0
13.90000, 85.0
13.90500, 98.0
13.91000, 96.0
13.91500, 80.0
13.92000, 81.0
13.92500, 80.0
13.93000, 83.0
13.93500, 94.0
13.94000, 91.0
13.94500, 91.0
13.95000, 87.0
13.95500, 89.0
13.96000, 94.0
13.96500, 91.0
13.97000, 93.0
13.97500, 87.0
13.98000, 79.0
13.98500, 79.0
13.99000, 77.0
13.99500, 85.0
14.00000, 82.0
14.00500, 88.0
14.01000, 77.0
14.01500, 81.0
14.02000, 79.0
14.02500, 72.0
14.03000, 78.0
14.03500, 78.0
14.04000, 84.0
14.04500, 86.0
14.05000, 80.0
14.05500, 95.0
14.06000, 87.0
14.06500, 91.0
14.07000, 79.0
14.07500, 87.0
14.08000, 87.0
14.08500, 81.0
14.09000, 75.0
14.09500, 78.0
14.10000, 69.0
14.10500, 71.0
14.11000, 76.0
14.11500, 69.0
14.12000, 64.0
14.12500, 73.0
14.13000, 73.0
14.13500, 73.0
14.14000, 75.0
14.14500, 70.0
14.15000, 62.0
14.15500, 69.0
14.16000, 72.0
14.16500, 78.0
14.17000, 69.0
14.17500, 72.0
14.18000, 65.0
14.18500, 62.0
14.19000, 69.0
14.19500, 68.0
14.20000, 69.0
14.20500, 81.0
14.21000, 79.0
14.21500, 65.0
14.22000, 68.0
14.22500, 75.0
14.23000, 73.0
14.23500, 76.0
14.24000, 72.0
14.24500, 71.0
14.25000, 78.0
14.25500, 62.0
14.26000, 66.0
14.26500, 66.0
14.27000, 61.0
14.27500, 65.0
14.28000, 68.0
14.28500, 57.0
14.29000, 62.0
14.29500, 63.0
14.30000, 56.0
14.30500, 60.0
14.31000, 73.0
14.31500, 70.0
14.32000, 66.0
14.32500, 55.0
14.33000, 51.0
14.33500, 55.0
14.34000, 52.0
14.34500, 66.0
14.35000, 62.0
14.35500, 58.0
14.36000, 62.0
14.36500, 59.0
14.37000, 52.0
14.37500, 62.0
14.38000, 49.0
14.38500, 54.0
14.39000, 54.0
14.39500, 57.0
14.40000, 61.0
14.40500, 54.0
14.41000, 54.0
14.41500, 63.0
14.42000, 59.0
14.42500, 50.0
14.43000, 47.0
14.43500, 56.0
14.44000, 55.0
14.44500, 49.0
14.45000, 50.0
14.45500, 47.0
14.46000, 48.0
14.46500, 59.0
14.47000, 47.0
14.47500, 47.0
14.48000, 60.0
14.48500, 45.0
14.49000, 43.0
14.49500, 46.0
14.50000, 43.0
14.50500, 52.0
14.51000, 46.0
14.51500, 45.0
14.52000, 48.0
14.52500, 43.0
14.53000, 42.0
14.53500, 50.0
14.54000, 54.0
14.54500, 41.0
14.55000, 38.0
14.55500, 39.0
14.56000, 44.0
14.56500, 35.0
14.57000, 43.0
14.57500, 46.0
14.58000, 50.0
14.58500, 45.0
14.59000, 40.0
14.59500, 43.0
14.60000, 50.0
14.60500, 45.0
14.61000, 40.0
14.61500, 34.0
14.62000, 34.0
14.62500, 42.0
14.63000, 41.0
14.63500, 45.0
14.64000, 45.0
14.64500, 32.0
14.65000, 43.0
14.65500, 43.0
14.66000, 40.0
14.66500, 39.0
14.67000, 31.0
14.67500, 28.0
14.68000, 25.0
14.68500, 34.0
14.69000, 33.0
14.69500, 36.0
14.70000, 35.0
14.70500, 32.0
14.71000, 37.0
14.71500, 37.0
14.72000, 40.0
14.72500, 37.0
14.73000, 39.0
14.73500, 39.0
14.74000, 37.0
14.74500, 35.0
14.75000, 30.0
14.75500, 26.0
14.76000, 36.0
14.76500, 33.0
14.77000, 30.0
14.77500, 29.0
14.78000, 21.0
14.78500, 28.0
14.79000, 21.0
14.79500, 30.0
14.80000, 32.0
14.80500, 33.0
14.81000, 30.0
14.81500, 24.0
14.82000, 26.0
14.82500, 33.0
14.83000, 26.0
14.83500, 25.0
14.84000, 33.0
14.84500, 28.0
14.85000, 23.0
14.85500, 25.0
14.86000, 25.0
14.86500, 25.0
14.87000, 25.0
14.87500, 27.0
14.88000, 13.0
14.88500, 20.0
14.89000, 19.0
14.89500, 26.0
14.90000, 20.0
14.90500, 24.0
14.91000, 25.0
14.91500, 16.0
14.92000, 21.0
14.92500, 18.0
14.93000, 18.0
14.93500, 17.0
14.94000, 21.0
14.94500, 18.0
14.95000, 22.0
14.95500, 19.0
14.96000, 19.0
14.96500, 20.0
14.97000, 19.0
14.97500, 19.0
14.98000, 10.0
14.98500, 17.0
14.99000, 20.0
14.99500, 22.0
15.00000, 13.0
15.00500, 13.0
15.01000, 12.0
15.01500, 15.0
15.02000, 15.0
15.02500, 13.0
15.03000, 13.0
15.03500, 13.0
15.04000, 18.0
15.04500, 15.0
15.05000, 11.0
15.05500, 13.0
15.06000, 14.0
15.06500, 11.0
15.07000, 13.0
15.07500, 15.0
15.08000, 17.0
15.08500, 15.0
15.09000, 14.0
15.09500, 11.0
15.10000, 10.0
15.10500, 10.0
15.11000, 15.0
15.11500, 10.0
15.12000, 20.0
15.12500, 12.0
15.13000, 10.0
15.13500, 14.0
15.14000, 15.0
15.14500, 12.0
15.15000, 11.0
15.15500, 15.0
15.16000, 9.0
15.16500, 9.0
15.17000, 13.0
15.17500, 12.0
15.18000, 17.0
15.18500, 12.0
15.19000, 10.0
15.19500, 10.0
15.20000, 10.0
15.20500, 14.0
15.21000, 11.0
15.21500, 9.0
15.22000, 15.0
15.22500, 15.0
15.23000, 12.0
15.23500, 9.0
15.24000, 12.0
15.24500, 10.0
15.25000, 7.0
15.25500, 5.0
15.26000, 7.0
15.26500, 13.0
15.27000, 13.0
15.27500, 14.0
15.28000, 9.0
15.28500, 11.0
15.29000, 17.0
15.29500, 10.0
15.30000, 10.0
15.30500, 9.0
15.31000, 16.0
15.31500, 9.0
15.32000, 16.0
15.32500, 13.0
15.33000, 12.0
15.33500, 9.0
15.34000, 11.0
15.34500, 6.0
15.35000, 10.0
15.35500, 10.0
15.36000, 7.0
15.36500, 9.0
15.37000, 8.0
15.37500, 14.0
15.38000, 9.0
15.38500, 7.0
15.39000, 11.0
15.39500, 15.0
15.40000, 11.0
15.40500, 8.0
15.41000, 11.0
15.41500, 8.0
15.42000, 9.0
15.42500, 5.0
15.43000, 14.0
15.43500, 12.0
15.44000, 10.0
15.44500, 10.0
15.45000, 11.0
15.45500, 15.0
15.46000, 10.0
15.46500, 7.0
15.47000, 9.0
15.47500, 8.0
15.48000, 9.0
15.48500, 10.0
15.49000, 11.0
15.49500, 10.0
15.50000, 12.0
15.50500, 7.0
15.51000, 12.0
15.51500, 4.0
15.52000, 7.0
15.52500, 10.0
15.53000, 12.0
15.53500, 11.0
15.54000, 10.0
15.54500, 13.0
15.55000, 7.0
15.55500, 10.0
15.56000, 5.0
15.56500, 7.0
15.57000, 12.0
15.57500, 15.0
15.58000, 9.0
15.58500, 11.0
15.59000, 10.0
15.59500, 9.0
15.60000, 11.0
15.60500, 7.0
15.61000, 8.0
15.61500, 12.0
15.62000, 8.0
15.62500, 10.0
15.63000, 6.0
15.63500, 8.0
15.64000, 9.0
15.64500, 12.0
15.65000, 11.0
15.65500, 12.0
15.66000, 15.0
15.66500, 8.0
15.67000, 6.0
15.67500, 12.0
15.68000, 9.0
15.68500, 10.0
15.69000, 7.0
15.69500, 12.0
15.70000, 10.0
15.70500, 13.0
15.71000, 8.0
15.71500, 7.0
15.72000, 3.0
15.72500, 8.0
15.73000, 5.0
15.73500, 7.0
15.74000, 14.0
15.74500, 9.0
15.75000, 9.0
15.75500, 7.0
15.76000, 6.0
15.76500, 11.0
15.77000, 8.0
15.77500, 10.0
15.78000, 8.0
15.78500, 8.0
15.79000, 9.0
15.79500, 9.0
15.80000, 8.0
15.80500, 12.0
15.81000, 9.0
15.81500, 9.0
15.82000, 8.0
15.82500, 7.0
15.83000, 12.0
15.83500, 9.0
15.84000, 15.0
15.84500, 10.0
15.85000, 12.0
15.85500, 9.0
15.86000, 12.0
15.86500, 17.0
15.87000, 20.0
15.87500, 21.0
15.88000, 16.0
15.88500, 10.0
15.89000, 16.0
15.89500, 18.0
15.90000, 13.0
15.90500, 21.0
15.91000, 20.0
15.91500, 13.0
15.92000, 24.0
15.92500, 20.0
15.93000, 25.0
15.93500, 23.0
15.94000, 25.0
15.94500, 24.0
15.95000, 28.0
15.95500, 27.0
15.96000, 39.0
15.96500, 37.0
15.97000, 46.0
15.97500, 35.0
15.98000, 34.0
15.98500, 35.0
15.99000, 37.0
15.99500, 42.0
16.00000, 41.0
16.00500, 56.0
16.01000, 68.0
16.01500, 65.0
16.02000, 47.0
16.02500, 52.0
16.03000, 56.0
16.03500, 49.0
16.04000, 56.0
16.04500, 66.0
16.05000, 59.0
16.05500, 59.0
16.06000, 64.0
16.06500, 73.0
16.07000, 61.0
16.07500, 64.0
16.08000, 71.0
16.08500, 58.0
16.09000, 54.0
16.09500, 58.0
16.10000, 78.0
16.10500, 60.0
16.11000, 69.0
16.11500, 67.0
16.12000, 59.0
16.12500, 71.0
16.13000, 55.0
16.13500, 60.0
16.14000, 71.0
16.14500, 53.0
16.15000, 45.0
16.15500, 37.0
16.16000, 40.0
16.16500, 48.0
16.17000, 32.0
16.17500, 37.0
16.18000, 43.0
16.18500, 38.0
16.19000, 36.0
16.19500, 30.0
16.20000, 24.0
16.20500, 24.0
16.21000, 29.0
16.21500, 24.0
16.22000, 23.0
16.22500, 26.0
16.23000, 21.0
16.23500, 27.0
16.24000, 20.0
16.24500, 19.0
16.25000, 16.0
16.25500, 11.0
16.26000, 12.0
16.26500, 18.0
16.27000, 13.0
16.27500, 17.0
16.28000, 10.0
16.28500, 2.0
16.29000, 10.0
16.29500, 11.0
16.30000, 9.0
16.30500, 7.0
16.31000, 7.0
16.31500, 10.0
16.32000, 8.0
16.32500, 4.0
16.33000, 12.0
16.33500, 11.0
16.34000, 4.0
16.34500, 10.0
16.35000, 18.0
16.35500, 14.0
16.36000, 11.0
16.36500, 7.0
16.37000, 6.0
16.37500, 6.0
16.38000, 8.0
16.38500, 9.0
16.39000, 8.0
16.39500, 8.0
16.40000, 7.0
16.40500, 11.0
16.41000, 9.0
16.41500, 5.0
16.42000, 3.0
16.42500, 9.0
16.43000, 9.0
16.43500, 7.0
16.44000, 4.0
16.44500, 9.0
16.45000, 7.0
16.45500, 8.0
16.46000, 8.0
16.46500, 9.0
16.47000, 12.0
16.47500, 5.0
16.48000, 2.0
16.48500, 10.0
16.49000, 11.0
16.49500, 5.0
16.50000, 8.0
16.50500, 9.0
16.51000, 10.0
16.51500, 8.0
16.52000, 4.0
16.52500, 8.0
16.53000, 6.0
16.53500, 7.0
16.54000, 5.0
16.54500, 10.0
16.55000, 12.0
16.55500, 5.0
16.56000, 8.0
16.56500, 10.0
16.57000, 7.0
16.57500, 10.0
16.58000, 8.0
16.58500, 6.0
16.59000, 8.0
16.59500, 12.0
16.60000, 8.0
16.60500, 14.0
16.61000, 6.0
16.61500, 7.0
16.62000, 6.0
16.62500, 6.0
16.63000, 8.0
16.63500, 9.0
16.64000, 11.0
16.64500, 8.0
16.65000, 9.0
16.65500, 2.0
16.66000, 5.0
16.66500, 9.0
16.67000, 9.0
16.67500, 3.0
16.68000, 7.0
16.68500, 10.0
16.69000, 13.0
16.69500, 4.0
16.70000, 13.0
16.70500, 7.0
16.71000, 7.0
16.71500, 7.0
16.72000, 6.0
16.72500, 6.0
16.73000, 6.0
16.73500, 5.0
16.74000, 15.0
16.74500, 6.0
16.75000, 4.0
16.75500, 9.0
16.76000, 10.0
16.76500, 14.0
16.77000, 13.0
16.77500, 7.0
16.78000, 12.0
16.78500, 9.0
16.79000, 19.0
16.79500, 15.0
16.80000, 8.0
16.80500, 8.0
16.81000, 5.0
16.81500, 13.0
16.82000, 16.0
16.82500, 16.0
16.83000, 20.0
16.83500, 12.0
16.84000, 14.0
16.84500, 15.0
16.85000, 20.0
16.85500, 12.0
16.86000, 19.0
16.86500, 15.0
16.87000, 18.0
16.87500, 18.0
16.88000, 14.0
16.88500, 20.0
16.89000, 27.0
16.89500, 18.0
16.90000, 16.0
16.90500, 34.0
16.91000, 15.0
16.91500, 21.0
16.92000, 27.0
16.92500, 29.0
16.93000, 24.0
16.93500, 20.0
16.94000, 16.0
16.94500, 15.0
16.95000, 28.0
16.95500, 26.0
16.96000, 31.0
16.96500, 21.0
16.97000, 22.0
16.97500, 23.0
16.98000, 25.0
16.98500, 25.0
16.99000, 17.0
16.99500, 23.0
17.00000, 19.0
17.00500, 13.0
17.01000, 18.0
17.01500, 18.0
17.02000, 16.0
17.02500, 15.0
17.03000, 14.0
17.03500, 13.0
17.04000, 20.0
17.04500, 20.0
17.05000, 16.0
17.05500, 9.0
17.06000, 16.0
17.06500, 11.0
17.07000, 18.0
17.07500, 21.0
17.08000, 13.0
17.08500, 9.0
17.09000, 12.0
17.09500, 6.0
17.10000, 9.0
17.10500, 14.0
17.11000, 7.0
17.11500, 5.0
17.12000, 6.0
17.12500, 6.0
17.13000, 5.0
17.13500, 5.0
17.14000, 7.0
17.14500, 4.0
17.15000, 2.0
17.15500, 8.0
17.16000, 4.0
17.16500, 6.0
17.17000, 6.0
17.17500, 4.0
17.18000, 7.0
17.18500, 7.0
17.19000, 7.0
17.19500, 3.0
17.20000, 6.0
17.20500, 6.0
17.21000, 7.0
17.21500, 9.0
17.22000, 3.0
17.22500, 4.0
17.23000, 7.0
17.23500, 6.0
17.24000, 8.0
17.24500, 5.0
17.25000, 8.0
17.25500, 6.0
17.26000, 6.0
17.26500, 8.0
17.27000, 7.0
17.27500, 7.0
17.28000, 6.0
17.28500, 4.0
17.29000, 7.0
17.29500, 9.0
17.30000, 6.0
17.30500, 5.0
17.31000, 3.0
17.31500, 4.0
17.32000, 10.0
17.32500, 9.0
17.33000, 6.0
17.33500, 5.0
17.34000, 6.0
17.34500, 5.0
17.35000, 6.0
17.35500, 5.0
17.36000, 7.0
17.36500, 5.0
17.37000, 9.0
17.37500, 5.0
17.38000, 3.0
17.38500, 4.0
17.39000, 5.0
17.39500, 9.0
17.40000, 7.0
17.40500, 4.0
17.41000, 6.0
17.41500, 3.0
17.42000, 4.0
17.42500, 8.0
17.43000, 5.0
17.43500, 7.0
17.44000, 5.0
17.44500, 5.0
17.45000, 6.0
17.45500, 6.0
17.46000, 9.0
17.46500, 7.0
17.47000, 5.0
17.47500, 6.0
17.48000, 4.0
17.48500, 6.0
17.49000, 5.0
17.49500, 7.0
17.50000, 10.0
17.50500, 5.0
17.51000, 4.0
17.51500, 4.0
17.52000, 6.0
17.52500, 7.0
17.53000, 8.0
17.53500, 3.0
17.54000, 5.0
17.54500, 5.0
17.55000, 6.0
17.55500, 3.0
17.56000, 6.0
17.56500, 5.0
17.57000, 5.0
17.57500, 5.0
17.58000, 3.0
17.58500, 3.0
17.59000, 4.0
17.59500, 7.0
17.60000, 3.0
17.60500, 7.0
17.61000, 6.0
17.61500, 3.0
17.62000, 5.0
17.62500, 2.0
17.63000, 5.0
17.63500, 5.0
17.64000, 7.0
17.64500, 4.0
17.65000, 3.0
17.65500, 5.0
17.66000, 5.0
17.66500, 4.0
17.67000, 6.0
17.67500, 8.0
17.68000, 5.0
17.68500, 10.0
17.69000, 6.0
17.69500, 6.0
17.70000, 5.0
17.70500, 2.0
17.71000, 5.0
17.71500, 4.0
17.72000, 5.0
17.72500, 2.0
17.73000, 10.0
17.73500, 8.0
17.74000, 9.0
17.74500, 4.0
17.75000, 5.0
17.75500, 11.0
17.76000, 6.0
17.76500, 5.0
17.77000, 3.0
17.77500, 10.0
17.78000, 6.0
17.78500, 8.0
17.79000, 7.0
17.79500, 6.0
17.80000, 4.0
17.80500, 13.0
17.81000, 7.0
17.81500, 8.0
17.82000, 9.0
17.82500, 6.0
17.83000, 5.0
17.83500, 6.0
17.84000, 6.0
17.84500, 5.0
17.85000, 2.0
17.85500, 4.0
17.86000, 7.0
17.86500, 4.0
17.87000, 4.0
17.87500, 4.0
17.88000, 5.0
17.88500, 6.0
17.89000, 7.0
17.89500, 4.0
17.90000, 5.0
17.90500, 4.0
17.91000, 5.0
17.91500, 5.0
17.92000, 6.0
17.92500, 11.0
17.93000, 6.0
17.93500, 8.0
17.94000, 8.0
17.94500, 4.0
17.95000, 5.0
17.95500, 5.0
17.96000, 7.0
17.96500, 5.0
17.97000, 3.0
17.97500, 1.0
17.98000, 3.0
17.98500, 4.0
17.99000, 4.0
17.99500, 6.0
18.00000, 7.0
18.00500, 5.0
18.01000, 4.0
18.01500, 6.0
18.02000, 5.0
18.02500, 3.0
18.03000, 6.0
18.03500, 4.0
18.04000, 3.0
18.04500, 5.0
18.05000, 4.0
18.05500, 2.0
18.06000, 4.0
18.06500, 10.0
18.07000, 8.0
18.07500, 5.0
18.08000, 4.0
18.08500, 2.0
18.09000, 2.0
18.09500, 3.0
18.10000, 3.0
18.10500, 4.0
18.11000, 6.0
18.11500, 5.0
18.12000, 3.0
18.12500, 5.0
18.13000, 3.0
18.13500, 4.0
18.14000, 3.0
18.14500, 5.0
18.15000, 3.0
18.15500, 4.0
18.16000, 6.0
18.16500, 4.0
18.17000, 5.0
18.17500, 3.0
18.18000, 2.0
18.18500, 0.0
18.19000, 2.0
18.19500, 1.0
18.20000, 2.0
18.20500, 1.0
18.21000, 6.0
18.21500, 6.0
18.22000, 5.0
18.22500, 5.0
18.23000, 7.0
18.23500, 5.0
18.24000, 6.0
18.24500, 6.0
18.25000, 4.0
18.25500, 5.0
18.26000, 6.0
18.26500, 7.0
18.27000, 4.0
18.27500, 2.0
18.28000, 4.0
18.28500, 6.0
18.29000, 2.0
18.29500, 5.0
18.30000, 8.0
18.30500, 2.0
18.31000, 2.0
18.31500, 4.0
18.32000, 4.0
18.32500, 6.0
18.33000, 1.0
18.33500, 2.0
18.34000, 4.0
18.34500, 4.0
18.35000, 3.0
18.35500, 4.0
18.36000, 4.0
18.36500, 2.0
18.37000, 4.0
18.37500, 2.0
18.38000, 8.0
18.38500, 6.0
18.39000, 7.0
18.39500, 4.0
18.40000, 2.0
18.40500, 3.0
18.41000, 5.0
18.41500, 5.0
18.42000, 6.0
18.42500, 4.0
18.43000, 4.0
18.43500, 5.0
18.44000, 7.0
18.44500, 5.0
18.45000, 7.0
18.45500, 3.0
18.46000, 4.0
18.46500, 4.0
18.47000, 6.0
18.47500, 5.0
18.48000, 2.0
18.48500, 3.0
18.49000, 3.0
18.49500, 3.0
18.50000, 1.0
18.50500, 6.0
18.51000, 5.0
18.51500, 5.0
18.52000, 9.0
18.52500, 3.0
18.53000, 2.0
18.53500, 5.0
18.54000, 3.0
18.54500, 4.0
18.55000, 5.0
18.55500, 2.0
18.56000, 4.0
18.56500, 5.0
18.57000, 7.0
18.57500, 4.0
18.58000, 5.0
18.58500, 5.0
18.59000, 3.0
18.59500, 4.0
18.60000, 4.0
18.60500, 6.0
18.61000, 6.0
18.61500, 9.0
18.62000, 3.0
18.62500, 3.0
18.63000, 2.0
18.63500, 5.0
18.64000, 4.0
18.64500, 4.0
18.65000, 7.0
18.65500, 4.0
18.66000, 3.0
18.66500, 6.0
18.67000, 5.0
18.67500, 5.0
18.68000, 3.0
18.68500, 3.0
18.69000, 2.0
18.69500, 3.0
18.70000, 2.0
18.70500, 2.0
18.71000, 3.0
18.71500, 3.0
18.72000, 2.0
18.72500, 3.0
18.73000, 4.0
18.73500, 3.0
18.74000, 4.0
18.74500, 4.0
18.75000, 3.0
18.75500, 7.0
18.76000, 6.0
18.76500, 4.0
18.77000, 1.0
18.77500, 4.0
18.78000, 2.0
18.78500, 8.0
18.79000, 8.0
18.79500, 4.0
18.80000, 3.0
18.80500, 4.0
18.81000, 3.0
18.81500, 4.0
18.82000, 3.0
18.82500, 3.0
18.83000, 3.0
18.83500, 3.0
18.84000, 4.0
18.84500, 3.0
18.85000, 2.0
18.85500, 1.0
18.86000, 1.0
18.86500, 2.0
18.87000, 5.0
18.87500, 5.0
18.88000, 1.0
18.88500, 1.0
18.89000, 2.0
18.89500, 6.0
18.90000, 4.0
18.90500, 3.0
18.91000, 4.0
18.91500, 2.0
18.92000, 5.0
18.92500, 3.0
18.93000, 3.0
18.93500, 2.0
18.94000, 1.0
18.94500, 3.0
18.95000, 4.0
18.95500, 3.0
18.96000, 2.0
18.96500, 3.0
18.97000, 3.0
18.97500, 3.0
18.98000, 4.0
18.98500, 3.0
18.99000, 4.0
18.99500, 2.0
19.00000, 2.0
19.00500, 2.0
19.01000, 4.0
19.01500, 2.0
19.02000, 2.0
19.02500, 5.0
19.03000, 3.0
19.03500, 4.0
19.04000, 4.0
19.04500, 4.0
19.05000, 3.0
19.05500, 1.0
19.06000, 0.0
19.06500, 1.0
19.07000, 3.0
19.07500, 2.0
19.08000, 3.0
19.08500, 4.0
19.09000, 3.0
19.09500, 2.0
19.10000, 5.0
19.10500, 5.0
19.11000, 4.0
19.11500, 2.0
19.12000, 2.0
19.12500, 2.0
19.13000, 4.0
19.13500, 6.0
19.14000, 5.0
19.14500, 5.0
19.15000, 5.0
19.15500, 4.0
19.16000, 4.0
19.16500, 5.0
19.17000, 6.0
19.17500, 3.0
19.18000, 1.0
19.18500, 2.0
19.19000, 3.0
19.19500, 5.0
19.20000, 4.0
19.20500, 6.0
19.21000, 3.0
19.21500, 0.0
19.22000, 2.0
19.22500, 3.0
19.23000, 4.0
19.23500, 7.0
19.24000, 4.0
19.24500, 0.0
19.25000, 3.0
19.25500, 4.0
19.26000, 4.0
19.26500, 5.0
19.27000, 3.0
19.27500, 1.0
19.28000, 1.0
19.28500, 4.0
19.29000, 4.0
19.29500, 1.0
19.30000, 1.0
19.30500, 4.0
19.31000, 3.0
19.31500, 2.0
19.32000, 3.0
19.32500, 3.0
19.33000, 2.0
19.33500, 1.0
19.34000, 3.0
19.34500, 4.0
19.35000, 3.0
19.35500, 3.0
19.36000, 5.0
19.36500, 4.0
19.37000, 3.0
19.37500, 2.0
19.38000, 3.0
19.38500, 3.0
19.39000, 2.0
19.39500, 1.0
19.40000, 1.0
19.40500, 1.0
19.41000, 2.0
19.41500, 4.0
19.42000, 3.0
19.42500, 2.0
19.43000, 2.0
19.43500, 2.0
19.44000, 5.0
19.44500, 3.0
19.45000, 0.0
19.45500, 1.0
19.46000, 2.0
19.46500, 3.0
19.47000, 2.0
19.47500, 2.0
19.48000, 6.0
19.48500, 3.0
19.49000, 3.0
19.49500, 2.0
19.50000, 2.0
19.50500, 4.0
19.51000, 2.0
19.51500, 3.0
19.52000, 3.0
19.52500, 4.0
19.53000, 3.0
19.53500, 4.0
19.54000, 2.0
19.54500, 2.0
19.55000, 3.0
19.55500, 2.0
19.56000, 2.0
19.56500, 2.0
19.57000, 2.0
19.57500, 3.0
19.58000, 1.0
19.58500, 2.0
19.59000, 3.0
19.59500, 3.0
19.60000, 2.0
19.60500, 1.0
19.61000, 2.0
19.61500, 2.0
19.62000, 3.0
19.62500, 1.0
19.63000, 1.0
19.63500, 2.0
19.64000, 1.0
19.64500, 2.0
19.65000, 2.0
19.65500, 2.0
19.66000, 2.0
19.66500, 2.0
19.67000, 2.0
19.67500, 1.0
19.68000, 2.0
19.68500, 3.0
19.69000, 3.0
19.69500, 2.0
19.70000, 1.0
19.70500, 2.0
19.71000, 3.0
19.71500, 5.0
19.72000, 2.0
19.72500, 0.0
19.73000, 1.0
19.73500, 3.0
19.74000, 4.0
19.74500, 3.0
19.75000, 3.0
19.75500, 3.0
19.76000, 3.0
19.76500, 1.0
19.77000, 1.0
19.77500, 2.0
19.78000, 3.0
19.78500, 2.0
19.79000, 1.0
19.79500, 3.0
19.80000, 2.0
19.80500, 2.0
19.81000, 2.0
19.81500, 3.0
19.82000, 4.0
19.82500, 5.0
19.83000, 6.0
19.83500, 4.0
19.84000, 2.0
19.84500, 2.0
19.85000, 2.0
19.85500, 2.0
19.86000, 1.0
19.86500, 1.0
19.87000, 2.0
19.87500, 1.0
19.88000, 2.0
19.88500, 1.0
19.89000, 2.0
19.89500, 2.0
19.90000, 1.0
19.90500, 2.0
19.91000, 1.0
19.91500, 1.0
19.92000, 3.0
19.92500, 4.0
19.93000, 2.0
19.93500, 2.0
19.94000, 2.0
19.94500, 1.0
19.95000, 2.0
19.95500, 4.0
19.96000, 3.0
19.96500, 3.0
19.97000, 2.0
19.97500, 1.0
19.98000, 2.0
19.98500, 4.0
19.99000, 3.0
19.99500, 4.0
20.00000, 3.0
20.00500, 2.0
20.01000, 3.0
20.01500, 2.0
20.02000, 1.0
20.02500, 1.0
20.03000, 2.0
20.03500, 6.0
20.04000, 5.0
20.04500, 3.0
20.05000, 2.0
20.05500, 1.0
20.06000, 2.0
20.06500, 1.0
20.07000, 2.0
20.07500, 2.0
20.08000, 2.0
20.08500, 1.0
20.09000, 2.0
20.09500, 1.0
20.10000, 2.0
20.10500, 2.0
20.11000, 1.0
20.11500, 0.0
20.12000, 2.0
20.12500, 4.0
20.13000, 2.0
20.13500, 2.0
20.14000, 2.0
20.14500, 3.0
20.15000, 4.0
20.15500, 3.0
20.16000, 3.0
20.16500, 2.0
20.17000, 3.0
20.17500, 3.0
20.18000, 4.0
20.18500, 3.0
20.19000, 2.0
20.19500, 2.0
20.20000, 2.0
20.20500, 3.0
20.21000, 3.0
20.21500, 2.0
20.22000, 1.0
20.22500, 2.0
20.23000, 1.0
20.23500, 1.0
20.24000, 1.0
20.24500, 2.0
20.25000, 3.0
20.25500, 2.0
20.26000, 2.0
20.26500, 1.0
20.27000, 1.0
20.27500, 2.0
#ENDOFDATA   : 
