#FORMAT      : EMSA/MAS Spectral Data File
#VERSION     : 1.0
#TITLE       : Cu-15kV-P4-10-2K-250s
#DATE        : 07-NOV-2016
#TIME        : 09:50
#OWNER       : 
#NPOINTS     : 2048.0
#NCOLUMNS    : 1.0
#XUNITS      : keV
#YUNITS      : counts
#DATATYPE    : XY
#XPERCHAN    : 0.005
#OFFSET      : -0.1
#SIGNALTYPE  : EDS
#CHOFFSET    : 20.0
#LIVETIME    : 250.0
#REALTIME    : 356.856170654
#BEAMKV      : 15.0
#PROBECUR    : 0.0
#MAGCAM      : 2000.0
#XTILTSTGE   : 0.0
#AZIMANGLE   : 0.0
#ELEVANGLE   : 35.0
#XPOSITION mm: 0.1850
#YPOSITION mm: -0.7430
#ZPOSITION mm: 3.4990
##OXINSTPT   : 4
##OXINSTSTROB: 48.09
##OXINSTELEMS: 6,8,29,13
##OXINSTLABEL: 6, 0.277, C
##OXINSTLABEL: 8, 0.525, O
##OXINSTLABEL: 29, 8.048, Cu
##OXINSTLABEL: 29, 8.905, Cu
##OXINSTLABEL: 29, 0.930, Cu
##OXINSTLABEL: 29, 0.832, Cu
##OXINSTLABEL: 29, 0.811, Cu
##OXINSTLABEL: 13, 1.487, Al
#SPECTRUM    : Spectral Data Starts Here
-0.10000, 0.0
-0.09500, 0.0
-0.09000, 0.0
-0.08500, 0.0
-0.08000, 0.0
-0.07500, 1.0
-0.07000, 3.0
-0.06500, 5.0
-0.06000, 12.0
-0.05500, 22.0
-0.05000, 46.0
-0.04500, 106.0
-0.04000, 195.0
-0.03500, 313.0
-0.03000, 508.0
-0.02500, 825.0
-0.02000, 1182.0
-0.01500, 1587.0
-0.01000, 2081.0
-0.00500, 2595.0
0.00000, 3020.0
0.00500, 3577.0
0.01000, 3881.0
0.01500, 4223.0
0.02000, 4421.0
0.02500, 4656.0
0.03000, 4757.0
0.03500, 4694.0
0.04000, 4613.0
0.04500, 4495.0
0.05000, 4309.0
0.05500, 3849.0
0.06000, 3198.0
0.06500, 2715.0
0.07000, 2254.0
0.07500, 1835.0
0.08000, 1531.0
0.08500, 1327.0
0.09000, 1257.0
0.09500, 1131.0
0.10000, 1104.0
0.10500, 1082.0
0.11000, 1073.0
0.11500, 1057.0
0.12000, 1049.0
0.12500, 1079.0
0.13000, 990.0
0.13500, 1024.0
0.14000, 970.0
0.14500, 954.0
0.15000, 1007.0
0.15500, 1024.0
0.16000, 1005.0
0.16500, 1043.0
0.17000, 1065.0
0.17500, 1102.0
0.18000, 1069.0
0.18500, 1080.0
0.19000, 1068.0
0.19500, 1156.0
0.20000, 1198.0
0.20500, 1269.0
0.21000, 1308.0
0.21500, 1448.0
0.22000, 1539.0
0.22500, 1696.0
0.23000, 1896.0
0.23500, 2159.0
0.24000, 2534.0
0.24500, 2953.0
0.25000, 3287.0
0.25500, 3726.0
0.26000, 4092.0
0.26500, 4378.0
0.27000, 4515.0
0.27500, 4624.0
0.28000, 4568.0
0.28500, 4332.0
0.29000, 3978.0
0.29500, 3504.0
0.30000, 3051.0
0.30500, 2672.0
0.31000, 2254.0
0.31500, 1877.0
0.32000, 1702.0
0.32500, 1531.0
0.33000, 1424.0
0.33500, 1371.0
0.34000, 1376.0
0.34500, 1394.0
0.35000, 1487.0
0.35500, 1566.0
0.36000, 1598.0
0.36500, 1611.0
0.37000, 1711.0
0.37500, 1827.0
0.38000, 1867.0
0.38500, 1973.0
0.39000, 2001.0
0.39500, 2016.0
0.40000, 2095.0
0.40500, 2170.0
0.41000, 2249.0
0.41500, 2306.0
0.42000, 2376.0
0.42500, 2474.0
0.43000, 2547.0
0.43500, 2649.0
0.44000, 2770.0
0.44500, 2794.0
0.45000, 3019.0
0.45500, 3098.0
0.46000, 3190.0
0.46500, 3388.0
0.47000, 3666.0
0.47500, 3717.0
0.48000, 3952.0
0.48500, 4267.0
0.49000, 4563.0
0.49500, 4874.0
0.50000, 5175.0
0.50500, 5492.0
0.51000, 5653.0
0.51500, 5853.0
0.52000, 5956.0
0.52500, 5905.0
0.53000, 5889.0
0.53500, 5765.0
0.54000, 5569.0
0.54500, 5267.0
0.55000, 4978.0
0.55500, 4841.0
0.56000, 4591.0
0.56500, 4381.0
0.57000, 4266.0
0.57500, 4276.0
0.58000, 4343.0
0.58500, 4285.0
0.59000, 4225.0
0.59500, 4320.0
0.60000, 4429.0
0.60500, 4560.0
0.61000, 4592.0
0.61500, 4613.0
0.62000, 4802.0
0.62500, 4885.0
0.63000, 4938.0
0.63500, 5075.0
0.64000, 5236.0
0.64500, 5406.0
0.65000, 5572.0
0.65500, 5745.0
0.66000, 5815.0
0.66500, 5891.0
0.67000, 6060.0
0.67500, 6145.0
0.68000, 6277.0
0.68500, 6529.0
0.69000, 6629.0
0.69500, 6788.0
0.70000, 6909.0
0.70500, 6942.0
0.71000, 7233.0
0.71500, 7439.0
0.72000, 7701.0
0.72500, 7973.0
0.73000, 8358.0
0.73500, 8763.0
0.74000, 9449.0
0.74500, 10223.0
0.75000, 11205.0
0.75500, 12380.0
0.76000, 14084.0
0.76500, 15999.0
0.77000, 18433.0
0.77500, 21330.0
0.78000, 24543.0
0.78500, 27860.0
0.79000, 31264.0
0.79500, 34258.0
0.80000, 37204.0
0.80500, 39787.0
0.81000, 41236.0
0.81500, 42145.0
0.82000, 42188.0
0.82500, 41541.0
0.83000, 40062.0
0.83500, 38375.0
0.84000, 37067.0
0.84500, 35807.0
0.85000, 35290.0
0.85500, 36347.0
0.86000, 39172.0
0.86500, 44764.0
0.87000, 54053.0
0.87500, 66722.0
0.88000, 83913.0
0.88500, 106009.0
0.89000, 133072.0
0.89500, 164474.0
0.90000, 198354.0
0.90500, 232973.0
0.91000, 267971.0
0.91500, 299609.0
0.92000, 325738.0
0.92500, 344759.0
0.93000, 355314.0
0.93500, 355406.0
0.94000, 345835.0
0.94500, 326918.0
0.95000, 300743.0
0.95500, 269745.0
0.96000, 235243.0
0.96500, 199793.0
0.97000, 164797.0
0.97500, 132957.0
0.98000, 104930.0
0.98500, 80713.0
0.99000, 60636.0
0.99500, 44943.0
1.00000, 32825.0
1.00500, 23846.0
1.01000, 17352.0
1.01500, 12696.0
1.02000, 9638.0
1.02500, 7563.0
1.03000, 6090.0
1.03500, 5118.0
1.04000, 4429.0
1.04500, 3988.0
1.05000, 3630.0
1.05500, 3338.0
1.06000, 3076.0
1.06500, 2957.0
1.07000, 2799.0
1.07500, 2608.0
1.08000, 2520.0
1.08500, 2394.0
1.09000, 2391.0
1.09500, 2332.0
1.10000, 2272.0
1.10500, 2306.0
1.11000, 2270.0
1.11500, 2262.0
1.12000, 2280.0
1.12500, 2277.0
1.13000, 2190.0
1.13500, 2193.0
1.14000, 2267.0
1.14500, 2329.0
1.15000, 2302.0
1.15500, 2242.0
1.16000, 2277.0
1.16500, 2300.0
1.17000, 2320.0
1.17500, 2317.0
1.18000, 2377.0
1.18500, 2412.0
1.19000, 2364.0
1.19500, 2425.0
1.20000, 2435.0
1.20500, 2427.0
1.21000, 2504.0
1.21500, 2577.0
1.22000, 2551.0
1.22500, 2550.0
1.23000, 2658.0
1.23500, 2695.0
1.24000, 2657.0
1.24500, 2686.0
1.25000, 2657.0
1.25500, 2680.0
1.26000, 2719.0
1.26500, 2732.0
1.27000, 2728.0
1.27500, 2715.0
1.28000, 2729.0
1.28500, 2699.0
1.29000, 2656.0
1.29500, 2638.0
1.30000, 2673.0
1.30500, 2686.0
1.31000, 2677.0
1.31500, 2590.0
1.32000, 2605.0
1.32500, 2574.0
1.33000, 2572.0
1.33500, 2644.0
1.34000, 2675.0
1.34500, 2714.0
1.35000, 2732.0
1.35500, 2685.0
1.36000, 2758.0
1.36500, 2754.0
1.37000, 2782.0
1.37500, 2804.0
1.38000, 2796.0
1.38500, 2793.0
1.39000, 2804.0
1.39500, 2875.0
1.40000, 2906.0
1.40500, 2950.0
1.41000, 3103.0
1.41500, 3184.0
1.42000, 3274.0
1.42500, 3375.0
1.43000, 3490.0
1.43500, 3844.0
1.44000, 4142.0
1.44500, 4482.0
1.45000, 4861.0
1.45500, 5136.0
1.46000, 5420.0
1.46500, 5817.0
1.47000, 6052.0
1.47500, 6389.0
1.48000, 6706.0
1.48500, 6856.0
1.49000, 6906.0
1.49500, 6897.0
1.50000, 6719.0
1.50500, 6443.0
1.51000, 6185.0
1.51500, 5885.0
1.52000, 5585.0
1.52500, 5284.0
1.53000, 4979.0
1.53500, 4634.0
1.54000, 4323.0
1.54500, 4113.0
1.55000, 3945.0
1.55500, 3765.0
1.56000, 3665.0
1.56500, 3524.0
1.57000, 3429.0
1.57500, 3363.0
1.58000, 3354.0
1.58500, 3341.0
1.59000, 3294.0
1.59500, 3294.0
1.60000, 3292.0
1.60500, 3218.0
1.61000, 3236.0
1.61500, 3275.0
1.62000, 3303.0
1.62500, 3287.0
1.63000, 3260.0
1.63500, 3332.0
1.64000, 3331.0
1.64500, 3283.0
1.65000, 3273.0
1.65500, 3311.0
1.66000, 3369.0
1.66500, 3393.0
1.67000, 3387.0
1.67500, 3411.0
1.68000, 3445.0
1.68500, 3459.0
1.69000, 3501.0
1.69500, 3601.0
1.70000, 3660.0
1.70500, 3644.0
1.71000, 3751.0
1.71500, 3821.0
1.72000, 3817.0
1.72500, 3846.0
1.73000, 3911.0
1.73500, 3921.0
1.74000, 3961.0
1.74500, 4052.0
1.75000, 4094.0
1.75500, 4042.0
1.76000, 4035.0
1.76500, 4103.0
1.77000, 4070.0
1.77500, 4028.0
1.78000, 3965.0
1.78500, 3979.0
1.79000, 4075.0
1.79500, 4118.0
1.80000, 4115.0
1.80500, 4194.0
1.81000, 4455.0
1.81500, 4511.0
1.82000, 4577.0
1.82500, 4701.0
1.83000, 4850.0
1.83500, 5044.0
1.84000, 5178.0
1.84500, 5436.0
1.85000, 5569.0
1.85500, 5540.0
1.86000, 5642.0
1.86500, 5578.0
1.87000, 5399.0
1.87500, 5447.0
1.88000, 5344.0
1.88500, 5239.0
1.89000, 5217.0
1.89500, 5005.0
1.90000, 4808.0
1.90500, 4682.0
1.91000, 4529.0
1.91500, 4388.0
1.92000, 4215.0
1.92500, 4041.0
1.93000, 3919.0
1.93500, 3881.0
1.94000, 3938.0
1.94500, 3832.0
1.95000, 3665.0
1.95500, 3651.0
1.96000, 3597.0
1.96500, 3480.0
1.97000, 3483.0
1.97500, 3491.0
1.98000, 3475.0
1.98500, 3548.0
1.99000, 3507.0
1.99500, 3499.0
2.00000, 3530.0
2.00500, 3498.0
2.01000, 3514.0
2.01500, 3537.0
2.02000, 3520.0
2.02500, 3497.0
2.03000, 3537.0
2.03500, 3620.0
2.04000, 3562.0
2.04500, 3541.0
2.05000, 3577.0
2.05500, 3530.0
2.06000, 3495.0
2.06500, 3498.0
2.07000, 3518.0
2.07500, 3540.0
2.08000, 3541.0
2.08500, 3544.0
2.09000, 3555.0
2.09500, 3578.0
2.10000, 3557.0
2.10500, 3614.0
2.11000, 3664.0
2.11500, 3572.0
2.12000, 3537.0
2.12500, 3588.0
2.13000, 3627.0
2.13500, 3626.0
2.14000, 3629.0
2.14500, 3646.0
2.15000, 3580.0
2.15500, 3618.0
2.16000, 3619.0
2.16500, 3526.0
2.17000, 3578.0
2.17500, 3625.0
2.18000, 3636.0
2.18500, 3592.0
2.19000, 3606.0
2.19500, 3608.0
2.20000, 3579.0
2.20500, 3597.0
2.21000, 3607.0
2.21500, 3573.0
2.22000, 3595.0
2.22500, 3589.0
2.23000, 3565.0
2.23500, 3605.0
2.24000, 3663.0
2.24500, 3697.0
2.25000, 3659.0
2.25500, 3641.0
2.26000, 3660.0
2.26500, 3694.0
2.27000, 3644.0
2.27500, 3678.0
2.28000, 3730.0
2.28500, 3745.0
2.29000, 3787.0
2.29500, 3788.0
2.30000, 3759.0
2.30500, 3686.0
2.31000, 3693.0
2.31500, 3722.0
2.32000, 3702.0
2.32500, 3734.0
2.33000, 3778.0
2.33500, 3765.0
2.34000, 3799.0
2.34500, 3820.0
2.35000, 3760.0
2.35500, 3747.0
2.36000, 3697.0
2.36500, 3644.0
2.37000, 3644.0
2.37500, 3662.0
2.38000, 3689.0
2.38500, 3678.0
2.39000, 3668.0
2.39500, 3666.0
2.40000, 3631.0
2.40500, 3609.0
2.41000, 3610.0
2.41500, 3622.0
2.42000, 3636.0
2.42500, 3602.0
2.43000, 3636.0
2.43500, 3656.0
2.44000, 3726.0
2.44500, 3729.0
2.45000, 3597.0
2.45500, 3668.0
2.46000, 3658.0
2.46500, 3637.0
2.47000, 3684.0
2.47500, 3619.0
2.48000, 3617.0
2.48500, 3636.0
2.49000, 3665.0
2.49500, 3609.0
2.50000, 3578.0
2.50500, 3612.0
2.51000, 3622.0
2.51500, 3569.0
2.52000, 3551.0
2.52500, 3649.0
2.53000, 3636.0
2.53500, 3583.0
2.54000, 3542.0
2.54500, 3513.0
2.55000, 3570.0
2.55500, 3603.0
2.56000, 3625.0
2.56500, 3565.0
2.57000, 3492.0
2.57500, 3539.0
2.58000, 3620.0
2.58500, 3622.0
2.59000, 3578.0
2.59500, 3612.0
2.60000, 3599.0
2.60500, 3545.0
2.61000, 3566.0
2.61500, 3650.0
2.62000, 3573.0
2.62500, 3564.0
2.63000, 3676.0
2.63500, 3660.0
2.64000, 3575.0
2.64500, 3564.0
2.65000, 3573.0
2.65500, 3521.0
2.66000, 3497.0
2.66500, 3573.0
2.67000, 3582.0
2.67500, 3605.0
2.68000, 3595.0
2.68500, 3529.0
2.69000, 3597.0
2.69500, 3616.0
2.70000, 3556.0
2.70500, 3560.0
2.71000, 3571.0
2.71500, 3523.0
2.72000, 3475.0
2.72500, 3508.0
2.73000, 3537.0
2.73500, 3486.0
2.74000, 3484.0
2.74500, 3498.0
2.75000, 3458.0
2.75500, 3523.0
2.76000, 3514.0
2.76500, 3481.0
2.77000, 3465.0
2.77500, 3430.0
2.78000, 3510.0
2.78500, 3500.0
2.79000, 3462.0
2.79500, 3510.0
2.80000, 3494.0
2.80500, 3456.0
2.81000, 3474.0
2.81500, 3573.0
2.82000, 3501.0
2.82500, 3493.0
2.83000, 3469.0
2.83500, 3454.0
2.84000, 3488.0
2.84500, 3490.0
2.85000, 3466.0
2.85500, 3433.0
2.86000, 3429.0
2.86500, 3366.0
2.87000, 3380.0
2.87500, 3451.0
2.88000, 3462.0
2.88500, 3396.0
2.89000, 3446.0
2.89500, 3409.0
2.90000, 3449.0
2.90500, 3493.0
2.91000, 3468.0
2.91500, 3423.0
2.92000, 3420.0
2.92500, 3405.0
2.93000, 3316.0
2.93500, 3363.0
2.94000, 3395.0
2.94500, 3347.0
2.95000, 3381.0
2.95500, 3375.0
2.96000, 3309.0
2.96500, 3382.0
2.97000, 3439.0
2.97500, 3405.0
2.98000, 3445.0
2.98500, 3446.0
2.99000, 3392.0
2.99500, 3343.0
3.00000, 3364.0
3.00500, 3346.0
3.01000, 3336.0
3.01500, 3314.0
3.02000, 3374.0
3.02500, 3404.0
3.03000, 3282.0
3.03500, 3239.0
3.04000, 3353.0
3.04500, 3401.0
3.05000, 3368.0
3.05500, 3334.0
3.06000, 3304.0
3.06500, 3314.0
3.07000, 3296.0
3.07500, 3361.0
3.08000, 3375.0
3.08500, 3323.0
3.09000, 3289.0
3.09500, 3321.0
3.10000, 3307.0
3.10500, 3306.0
3.11000, 3272.0
3.11500, 3249.0
3.12000, 3299.0
3.12500, 3297.0
3.13000, 3307.0
3.13500, 3302.0
3.14000, 3263.0
3.14500, 3250.0
3.15000, 3246.0
3.15500, 3276.0
3.16000, 3234.0
3.16500, 3290.0
3.17000, 3321.0
3.17500, 3240.0
3.18000, 3226.0
3.18500, 3233.0
3.19000, 3183.0
3.19500, 3265.0
3.20000, 3298.0
3.20500, 3168.0
3.21000, 3205.0
3.21500, 3280.0
3.22000, 3249.0
3.22500, 3241.0
3.23000, 3173.0
3.23500, 3123.0
3.24000, 3176.0
3.24500, 3200.0
3.25000, 3238.0
3.25500, 3263.0
3.26000, 3229.0
3.26500, 3239.0
3.27000, 3272.0
3.27500, 3251.0
3.28000, 3200.0
3.28500, 3173.0
3.29000, 3168.0
3.29500, 3229.0
3.30000, 3145.0
3.30500, 3159.0
3.31000, 3123.0
3.31500, 3133.0
3.32000, 3226.0
3.32500, 3189.0
3.33000, 3129.0
3.33500, 3105.0
3.34000, 3168.0
3.34500, 3140.0
3.35000, 3105.0
3.35500, 3084.0
3.36000, 3095.0
3.36500, 3155.0
3.37000, 3102.0
3.37500, 3021.0
3.38000, 3086.0
3.38500, 3105.0
3.39000, 3128.0
3.39500, 3119.0
3.40000, 3072.0
3.40500, 3037.0
3.41000, 3046.0
3.41500, 3082.0
3.42000, 3142.0
3.42500, 3094.0
3.43000, 3051.0
3.43500, 3136.0
3.44000, 3137.0
3.44500, 3084.0
3.45000, 3031.0
3.45500, 3060.0
3.46000, 3091.0
3.46500, 3024.0
3.47000, 3080.0
3.47500, 3078.0
3.48000, 3073.0
3.48500, 3028.0
3.49000, 2980.0
3.49500, 3043.0
3.50000, 3063.0
3.50500, 3025.0
3.51000, 2959.0
3.51500, 2848.0
3.52000, 2933.0
3.52500, 2986.0
3.53000, 2966.0
3.53500, 2926.0
3.54000, 2957.0
3.54500, 2999.0
3.55000, 2950.0
3.55500, 2978.0
3.56000, 2927.0
3.56500, 2941.0
3.57000, 2952.0
3.57500, 2925.0
3.58000, 2941.0
3.58500, 2946.0
3.59000, 2936.0
3.59500, 2964.0
3.60000, 2949.0
3.60500, 2885.0
3.61000, 2881.0
3.61500, 2925.0
3.62000, 2864.0
3.62500, 2830.0
3.63000, 2868.0
3.63500, 2890.0
3.64000, 2887.0
3.64500, 2906.0
3.65000, 2918.0
3.65500, 2856.0
3.66000, 2891.0
3.66500, 2870.0
3.67000, 2838.0
3.67500, 2846.0
3.68000, 2875.0
3.68500, 2864.0
3.69000, 2831.0
3.69500, 2862.0
3.70000, 2832.0
3.70500, 2807.0
3.71000, 2859.0
3.71500, 2841.0
3.72000, 2831.0
3.72500, 2815.0
3.73000, 2815.0
3.73500, 2834.0
3.74000, 2813.0
3.74500, 2818.0
3.75000, 2840.0
3.75500, 2813.0
3.76000, 2836.0
3.76500, 2839.0
3.77000, 2816.0
3.77500, 2788.0
3.78000, 2736.0
3.78500, 2772.0
3.79000, 2770.0
3.79500, 2708.0
3.80000, 2788.0
3.80500, 2781.0
3.81000, 2754.0
3.81500, 2781.0
3.82000, 2787.0
3.82500, 2722.0
3.83000, 2779.0
3.83500, 2780.0
3.84000, 2774.0
3.84500, 2767.0
3.85000, 2772.0
3.85500, 2772.0
3.86000, 2778.0
3.86500, 2743.0
3.87000, 2748.0
3.87500, 2675.0
3.88000, 2671.0
3.88500, 2693.0
3.89000, 2755.0
3.89500, 2713.0
3.90000, 2710.0
3.90500, 2751.0
3.91000, 2735.0
3.91500, 2695.0
3.92000, 2641.0
3.92500, 2659.0
3.93000, 2692.0
3.93500, 2666.0
3.94000, 2591.0
3.94500, 2666.0
3.95000, 2628.0
3.95500, 2611.0
3.96000, 2638.0
3.96500, 2687.0
3.97000, 2607.0
3.97500, 2608.0
3.98000, 2637.0
3.98500, 2644.0
3.99000, 2633.0
3.99500, 2661.0
4.00000, 2555.0
4.00500, 2581.0
4.01000, 2638.0
4.01500, 2587.0
4.02000, 2608.0
4.02500, 2647.0
4.03000, 2590.0
4.03500, 2491.0
4.04000, 2594.0
4.04500, 2586.0
4.05000, 2630.0
4.05500, 2577.0
4.06000, 2589.0
4.06500, 2527.0
4.07000, 2568.0
4.07500, 2444.0
4.08000, 2511.0
4.08500, 2628.0
4.09000, 2548.0
4.09500, 2582.0
4.10000, 2617.0
4.10500, 2639.0
4.11000, 2589.0
4.11500, 2511.0
4.12000, 2551.0
4.12500, 2545.0
4.13000, 2551.0
4.13500, 2493.0
4.14000, 2478.0
4.14500, 2509.0
4.15000, 2458.0
4.15500, 2462.0
4.16000, 2510.0
4.16500, 2470.0
4.17000, 2499.0
4.17500, 2501.0
4.18000, 2457.0
4.18500, 2480.0
4.19000, 2500.0
4.19500, 2413.0
4.20000, 2515.0
4.20500, 2426.0
4.21000, 2430.0
4.21500, 2501.0
4.22000, 2462.0
4.22500, 2428.0
4.23000, 2488.0
4.23500, 2440.0
4.24000, 2439.0
4.24500, 2402.0
4.25000, 2375.0
4.25500, 2409.0
4.26000, 2440.0
4.26500, 2377.0
4.27000, 2403.0
4.27500, 2407.0
4.28000, 2390.0
4.28500, 2429.0
4.29000, 2431.0
4.29500, 2437.0
4.30000, 2462.0
4.30500, 2406.0
4.31000, 2385.0
4.31500, 2401.0
4.32000, 2366.0
4.32500, 2414.0
4.33000, 2394.0
4.33500, 2297.0
4.34000, 2367.0
4.34500, 2380.0
4.35000, 2375.0
4.35500, 2393.0
4.36000, 2401.0
4.36500, 2370.0
4.37000, 2336.0
4.37500, 2276.0
4.38000, 2378.0
4.38500, 2371.0
4.39000, 2327.0
4.39500, 2402.0
4.40000, 2345.0
4.40500, 2408.0
4.41000, 2407.0
4.41500, 2350.0
4.42000, 2299.0
4.42500, 2320.0
4.43000, 2364.0
4.43500, 2297.0
4.44000, 2312.0
4.44500, 2315.0
4.45000, 2236.0
4.45500, 2234.0
4.46000, 2243.0
4.46500, 2305.0
4.47000, 2319.0
4.47500, 2301.0
4.48000, 2337.0
4.48500, 2355.0
4.49000, 2301.0
4.49500, 2284.0
4.50000, 2299.0
4.50500, 2285.0
4.51000, 2305.0
4.51500, 2283.0
4.52000, 2232.0
4.52500, 2202.0
4.53000, 2196.0
4.53500, 2245.0
4.54000, 2233.0
4.54500, 2275.0
4.55000, 2268.0
4.55500, 2174.0
4.56000, 2194.0
4.56500, 2201.0
4.57000, 2192.0
4.57500, 2189.0
4.58000, 2158.0
4.58500, 2257.0
4.59000, 2219.0
4.59500, 2217.0
4.60000, 2238.0
4.60500, 2239.0
4.61000, 2220.0
4.61500, 2222.0
4.62000, 2173.0
4.62500, 2182.0
4.63000, 2143.0
4.63500, 2215.0
4.64000, 2168.0
4.64500, 2180.0
4.65000, 2185.0
4.65500, 2177.0
4.66000, 2122.0
4.66500, 2123.0
4.67000, 2174.0
4.67500, 2130.0
4.68000, 2058.0
4.68500, 2135.0
4.69000, 2188.0
4.69500, 2186.0
4.70000, 2206.0
4.70500, 2218.0
4.71000, 2157.0
4.71500, 2190.0
4.72000, 2192.0
4.72500, 2117.0
4.73000, 2139.0
4.73500, 2166.0
4.74000, 2194.0
4.74500, 2192.0
4.75000, 2028.0
4.75500, 2058.0
4.76000, 2106.0
4.76500, 2160.0
4.77000, 2143.0
4.77500, 2069.0
4.78000, 2041.0
4.78500, 2082.0
4.79000, 2080.0
4.79500, 2094.0
4.80000, 2072.0
4.80500, 2142.0
4.81000, 2137.0
4.81500, 2104.0
4.82000, 2114.0
4.82500, 2097.0
4.83000, 2078.0
4.83500, 2064.0
4.84000, 2024.0
4.84500, 2076.0
4.85000, 2020.0
4.85500, 2090.0
4.86000, 2080.0
4.86500, 2139.0
4.87000, 2084.0
4.87500, 2112.0
4.88000, 2023.0
4.88500, 2038.0
4.89000, 1988.0
4.89500, 2021.0
4.90000, 2067.0
4.90500, 2017.0
4.91000, 2018.0
4.91500, 2056.0
4.92000, 2041.0
4.92500, 2016.0
4.93000, 1994.0
4.93500, 2018.0
4.94000, 2035.0
4.94500, 1955.0
4.95000, 2011.0
4.95500, 2071.0
4.96000, 2068.0
4.96500, 2002.0
4.97000, 1974.0
4.97500, 1995.0
4.98000, 1976.0
4.98500, 1972.0
4.99000, 1986.0
4.99500, 2021.0
5.00000, 1978.0
5.00500, 2005.0
5.01000, 1923.0
5.01500, 1939.0
5.02000, 1980.0
5.02500, 1933.0
5.03000, 2005.0
5.03500, 1920.0
5.04000, 1955.0
5.04500, 2022.0
5.05000, 1896.0
5.05500, 1951.0
5.06000, 2027.0
5.06500, 1956.0
5.07000, 1995.0
5.07500, 1951.0
5.08000, 1893.0
5.08500, 1930.0
5.09000, 1911.0
5.09500, 1926.0
5.10000, 1939.0
5.10500, 1913.0
5.11000, 1958.0
5.11500, 1914.0
5.12000, 1932.0
5.12500, 1908.0
5.13000, 1925.0
5.13500, 1846.0
5.14000, 1918.0
5.14500, 1876.0
5.15000, 1988.0
5.15500, 1881.0
5.16000, 1851.0
5.16500, 1911.0
5.17000, 1880.0
5.17500, 1841.0
5.18000, 1908.0
5.18500, 1878.0
5.19000, 1871.0
5.19500, 1823.0
5.20000, 1812.0
5.20500, 1868.0
5.21000, 1839.0
5.21500, 1830.0
5.22000, 1780.0
5.22500, 1789.0
5.23000, 1813.0
5.23500, 1936.0
5.24000, 1858.0
5.24500, 1832.0
5.25000, 1831.0
5.25500, 1806.0
5.26000, 1820.0
5.26500, 1838.0
5.27000, 1927.0
5.27500, 1899.0
5.28000, 1872.0
5.28500, 1877.0
5.29000, 1859.0
5.29500, 1852.0
5.30000, 1875.0
5.30500, 1835.0
5.31000, 1806.0
5.31500, 1800.0
5.32000, 1831.0
5.32500, 1783.0
5.33000, 1791.0
5.33500, 1771.0
5.34000, 1739.0
5.34500, 1781.0
5.35000, 1750.0
5.35500, 1816.0
5.36000, 1830.0
5.36500, 1783.0
5.37000, 1774.0
5.37500, 1765.0
5.38000, 1827.0
5.38500, 1830.0
5.39000, 1841.0
5.39500, 1739.0
5.40000, 1776.0
5.40500, 1744.0
5.41000, 1821.0
5.41500, 1770.0
5.42000, 1779.0
5.42500, 1778.0
5.43000, 1748.0
5.43500, 1705.0
5.44000, 1784.0
5.44500, 1758.0
5.45000, 1733.0
5.45500, 1767.0
5.46000, 1747.0
5.46500, 1789.0
5.47000, 1780.0
5.47500, 1685.0
5.48000, 1758.0
5.48500, 1776.0
5.49000, 1766.0
5.49500, 1712.0
5.50000, 1759.0
5.50500, 1760.0
5.51000, 1752.0
5.51500, 1777.0
5.52000, 1802.0
5.52500, 1786.0
5.53000, 1736.0
5.53500, 1699.0
5.54000, 1695.0
5.54500, 1747.0
5.55000, 1752.0
5.55500, 1731.0
5.56000, 1675.0
5.56500, 1683.0
5.57000, 1800.0
5.57500, 1765.0
5.58000, 1710.0
5.58500, 1734.0
5.59000, 1656.0
5.59500, 1762.0
5.60000, 1693.0
5.60500, 1737.0
5.61000, 1733.0
5.61500, 1663.0
5.62000, 1684.0
5.62500, 1696.0
5.63000, 1638.0
5.63500, 1647.0
5.64000, 1636.0
5.64500, 1622.0
5.65000, 1637.0
5.65500, 1609.0
5.66000, 1596.0
5.66500, 1686.0
5.67000, 1723.0
5.67500, 1627.0
5.68000, 1682.0
5.68500, 1692.0
5.69000, 1635.0
5.69500, 1632.0
5.70000, 1624.0
5.70500, 1654.0
5.71000, 1598.0
5.71500, 1637.0
5.72000, 1644.0
5.72500, 1588.0
5.73000, 1598.0
5.73500, 1662.0
5.74000, 1641.0
5.74500, 1641.0
5.75000, 1580.0
5.75500, 1677.0
5.76000, 1607.0
5.76500, 1626.0
5.77000, 1667.0
5.77500, 1651.0
5.78000, 1652.0
5.78500, 1623.0
5.79000, 1643.0
5.79500, 1634.0
5.80000, 1685.0
5.80500, 1598.0
5.81000, 1675.0
5.81500, 1671.0
5.82000, 1629.0
5.82500, 1603.0
5.83000, 1616.0
5.83500, 1691.0
5.84000, 1567.0
5.84500, 1577.0
5.85000, 1559.0
5.85500, 1548.0
5.86000, 1591.0
5.86500, 1581.0
5.87000, 1582.0
5.87500, 1571.0
5.88000, 1595.0
5.88500, 1585.0
5.89000, 1611.0
5.89500, 1581.0
5.90000, 1544.0
5.90500, 1575.0
5.91000, 1566.0
5.91500, 1527.0
5.92000, 1520.0
5.92500, 1584.0
5.93000, 1577.0
5.93500, 1474.0
5.94000, 1527.0
5.94500, 1516.0
5.95000, 1509.0
5.95500, 1549.0
5.96000, 1582.0
5.96500, 1629.0
5.97000, 1578.0
5.97500, 1489.0
5.98000, 1487.0
5.98500, 1528.0
5.99000, 1555.0
5.99500, 1608.0
6.00000, 1528.0
6.00500, 1517.0
6.01000, 1457.0
6.01500, 1501.0
6.02000, 1467.0
6.02500, 1547.0
6.03000, 1471.0
6.03500, 1526.0
6.04000, 1445.0
6.04500, 1473.0
6.05000, 1523.0
6.05500, 1511.0
6.06000, 1572.0
6.06500, 1466.0
6.07000, 1428.0
6.07500, 1480.0
6.08000, 1500.0
6.08500, 1436.0
6.09000, 1491.0
6.09500, 1530.0
6.10000, 1446.0
6.10500, 1525.0
6.11000, 1508.0
6.11500, 1482.0
6.12000, 1453.0
6.12500, 1439.0
6.13000, 1408.0
6.13500, 1397.0
6.14000, 1446.0
6.14500, 1441.0
6.15000, 1463.0
6.15500, 1486.0
6.16000, 1405.0
6.16500, 1457.0
6.17000, 1493.0
6.17500, 1434.0
6.18000, 1471.0
6.18500, 1438.0
6.19000, 1487.0
6.19500, 1493.0
6.20000, 1436.0
6.20500, 1471.0
6.21000, 1498.0
6.21500, 1462.0
6.22000, 1495.0
6.22500, 1437.0
6.23000, 1417.0
6.23500, 1426.0
6.24000, 1494.0
6.24500, 1492.0
6.25000, 1471.0
6.25500, 1474.0
6.26000, 1543.0
6.26500, 1531.0
6.27000, 1522.0
6.27500, 1523.0
6.28000, 1509.0
6.28500, 1529.0
6.29000, 1501.0
6.29500, 1487.0
6.30000, 1514.0
6.30500, 1514.0
6.31000, 1468.0
6.31500, 1449.0
6.32000, 1429.0
6.32500, 1473.0
6.33000, 1426.0
6.33500, 1471.0
6.34000, 1439.0
6.34500, 1391.0
6.35000, 1415.0
6.35500, 1402.0
6.36000, 1434.0
6.36500, 1443.0
6.37000, 1416.0
6.37500, 1416.0
6.38000, 1415.0
6.38500, 1438.0
6.39000, 1458.0
6.39500, 1446.0
6.40000, 1340.0
6.40500, 1364.0
6.41000, 1452.0
6.41500, 1357.0
6.42000, 1364.0
6.42500, 1446.0
6.43000, 1347.0
6.43500, 1351.0
6.44000, 1422.0
6.44500, 1354.0
6.45000, 1375.0
6.45500, 1358.0
6.46000, 1370.0
6.46500, 1397.0
6.47000, 1336.0
6.47500, 1299.0
6.48000, 1357.0
6.48500, 1355.0
6.49000, 1377.0
6.49500, 1346.0
6.50000, 1337.0
6.50500, 1377.0
6.51000, 1260.0
6.51500, 1346.0
6.52000, 1386.0
6.52500, 1353.0
6.53000, 1395.0
6.53500, 1384.0
6.54000, 1333.0
6.54500, 1334.0
6.55000, 1289.0
6.55500, 1375.0
6.56000, 1316.0
6.56500, 1252.0
6.57000, 1356.0
6.57500, 1346.0
6.58000, 1275.0
6.58500, 1280.0
6.59000, 1308.0
6.59500, 1284.0
6.60000, 1263.0
6.60500, 1254.0
6.61000, 1253.0
6.61500, 1355.0
6.62000, 1295.0
6.62500, 1358.0
6.63000, 1297.0
6.63500, 1298.0
6.64000, 1254.0
6.64500, 1318.0
6.65000, 1288.0
6.65500, 1289.0
6.66000, 1344.0
6.66500, 1323.0
6.67000, 1278.0
6.67500, 1243.0
6.68000, 1290.0
6.68500, 1314.0
6.69000, 1304.0
6.69500, 1231.0
6.70000, 1257.0
6.70500, 1290.0
6.71000, 1281.0
6.71500, 1300.0
6.72000, 1240.0
6.72500, 1269.0
6.73000, 1235.0
6.73500, 1216.0
6.74000, 1281.0
6.74500, 1183.0
6.75000, 1228.0
6.75500, 1252.0
6.76000, 1233.0
6.76500, 1220.0
6.77000, 1243.0
6.77500, 1260.0
6.78000, 1195.0
6.78500, 1251.0
6.79000, 1239.0
6.79500, 1282.0
6.80000, 1261.0
6.80500, 1184.0
6.81000, 1231.0
6.81500, 1220.0
6.82000, 1197.0
6.82500, 1255.0
6.83000, 1258.0
6.83500, 1174.0
6.84000, 1233.0
6.84500, 1241.0
6.85000, 1280.0
6.85500, 1256.0
6.86000, 1196.0
6.86500, 1156.0
6.87000, 1260.0
6.87500, 1213.0
6.88000, 1240.0
6.88500, 1227.0
6.89000, 1252.0
6.89500, 1223.0
6.90000, 1191.0
6.90500, 1253.0
6.91000, 1189.0
6.91500, 1147.0
6.92000, 1188.0
6.92500, 1207.0
6.93000, 1188.0
6.93500, 1143.0
6.94000, 1256.0
6.94500, 1220.0
6.95000, 1216.0
6.95500, 1155.0
6.96000, 1166.0
6.96500, 1190.0
6.97000, 1230.0
6.97500, 1155.0
6.98000, 1218.0
6.98500, 1207.0
6.99000, 1257.0
6.99500, 1177.0
7.00000, 1168.0
7.00500, 1217.0
7.01000, 1138.0
7.01500, 1222.0
7.02000, 1225.0
7.02500, 1200.0
7.03000, 1129.0
7.03500, 1143.0
7.04000, 1207.0
7.04500, 1149.0
7.05000, 1150.0
7.05500, 1132.0
7.06000, 1153.0
7.06500, 1142.0
7.07000, 1173.0
7.07500, 1103.0
7.08000, 1172.0
7.08500, 1211.0
7.09000, 1135.0
7.09500, 1145.0
7.10000, 1158.0
7.10500, 1150.0
7.11000, 1174.0
7.11500, 1154.0
7.12000, 1177.0
7.12500, 1199.0
7.13000, 1126.0
7.13500, 1128.0
7.14000, 1148.0
7.14500, 1210.0
7.15000, 1154.0
7.15500, 1158.0
7.16000, 1185.0
7.16500, 1130.0
7.17000, 1101.0
7.17500, 1106.0
7.18000, 1181.0
7.18500, 1157.0
7.19000, 1127.0
7.19500, 1138.0
7.20000, 1117.0
7.20500, 1095.0
7.21000, 1128.0
7.21500, 1133.0
7.22000, 1085.0
7.22500, 1112.0
7.23000, 1129.0
7.23500, 1082.0
7.24000, 1138.0
7.24500, 1109.0
7.25000, 1124.0
7.25500, 1134.0
7.26000, 1053.0
7.26500, 1064.0
7.27000, 1065.0
7.27500, 1135.0
7.28000, 1085.0
7.28500, 1114.0
7.29000, 1112.0
7.29500, 1115.0
7.30000, 1054.0
7.30500, 1065.0
7.31000, 1061.0
7.31500, 1072.0
7.32000, 1096.0
7.32500, 1103.0
7.33000, 1128.0
7.33500, 1104.0
7.34000, 1044.0
7.34500, 1050.0
7.35000, 1126.0
7.35500, 1068.0
7.36000, 1101.0
7.36500, 1100.0
7.37000, 1072.0
7.37500, 1053.0
7.38000, 1095.0
7.38500, 1049.0
7.39000, 1048.0
7.39500, 1066.0
7.40000, 1049.0
7.40500, 1103.0
7.41000, 1111.0
7.41500, 1117.0
7.42000, 1061.0
7.42500, 1031.0
7.43000, 1079.0
7.43500, 1029.0
7.44000, 1031.0
7.44500, 1102.0
7.45000, 1048.0
7.45500, 1050.0
7.46000, 1130.0
7.46500, 1099.0
7.47000, 1071.0
7.47500, 1086.0
7.48000, 1061.0
7.48500, 1044.0
7.49000, 1038.0
7.49500, 1053.0
7.50000, 1053.0
7.50500, 1048.0
7.51000, 1021.0
7.51500, 1046.0
7.52000, 1172.0
7.52500, 1023.0
7.53000, 1058.0
7.53500, 1030.0
7.54000, 1024.0
7.54500, 1081.0
7.55000, 1024.0
7.55500, 984.0
7.56000, 1059.0
7.56500, 1027.0
7.57000, 1097.0
7.57500, 1012.0
7.58000, 1028.0
7.58500, 1065.0
7.59000, 1006.0
7.59500, 1034.0
7.60000, 982.0
7.60500, 1013.0
7.61000, 1074.0
7.61500, 1048.0
7.62000, 1027.0
7.62500, 979.0
7.63000, 1043.0
7.63500, 1004.0
7.64000, 1051.0
7.64500, 1079.0
7.65000, 1021.0
7.65500, 1049.0
7.66000, 1039.0
7.66500, 1064.0
7.67000, 1047.0
7.67500, 970.0
7.68000, 1033.0
7.68500, 1048.0
7.69000, 1123.0
7.69500, 1046.0
7.70000, 1041.0
7.70500, 1039.0
7.71000, 1027.0
7.71500, 1040.0
7.72000, 1054.0
7.72500, 1065.0
7.73000, 1075.0
7.73500, 1081.0
7.74000, 1041.0
7.74500, 1074.0
7.75000, 1020.0
7.75500, 1090.0
7.76000, 1066.0
7.76500, 1075.0
7.77000, 1076.0
7.77500, 1072.0
7.78000, 1067.0
7.78500, 1053.0
7.79000, 1070.0
7.79500, 1071.0
7.80000, 1107.0
7.80500, 1068.0
7.81000, 1115.0
7.81500, 1133.0
7.82000, 1184.0
7.82500, 1180.0
7.83000, 1229.0
7.83500, 1258.0
7.84000, 1364.0
7.84500, 1443.0
7.85000, 1478.0
7.85500, 1620.0
7.86000, 1718.0
7.86500, 1905.0
7.87000, 2085.0
7.87500, 2380.0
7.88000, 2582.0
7.88500, 2890.0
7.89000, 3361.0
7.89500, 3786.0
7.90000, 4313.0
7.90500, 4812.0
7.91000, 5392.0
7.91500, 6331.0
7.92000, 7183.0
7.92500, 8107.0
7.93000, 9098.0
7.93500, 10554.0
7.94000, 11577.0
7.94500, 12780.0
7.95000, 14156.0
7.95500, 15931.0
7.96000, 17319.0
7.96500, 19059.0
7.97000, 20587.0
7.97500, 22428.0
7.98000, 24157.0
7.98500, 26100.0
7.99000, 27501.0
7.99500, 29397.0
8.00000, 30888.0
8.00500, 32395.0
8.01000, 33627.0
8.01500, 34596.0
8.02000, 35496.0
8.02500, 36127.0
8.03000, 36568.0
8.03500, 36819.0
8.04000, 36844.0
8.04500, 36808.0
8.05000, 36407.0
8.05500, 35789.0
8.06000, 35080.0
8.06500, 33924.0
8.07000, 32622.0
8.07500, 31538.0
8.08000, 30027.0
8.08500, 28595.0
8.09000, 26952.0
8.09500, 25325.0
8.10000, 23299.0
8.10500, 21737.0
8.11000, 20013.0
8.11500, 18472.0
8.12000, 16776.0
8.12500, 15071.0
8.13000, 13556.0
8.13500, 12290.0
8.14000, 10887.0
8.14500, 9551.0
8.15000, 8625.0
8.15500, 7579.0
8.16000, 6559.0
8.16500, 5763.0
8.17000, 5134.0
8.17500, 4404.0
8.18000, 3903.0
8.18500, 3432.0
8.19000, 2993.0
8.19500, 2624.0
8.20000, 2270.0
8.20500, 2046.0
8.21000, 1857.0
8.21500, 1713.0
8.22000, 1561.0
8.22500, 1423.0
8.23000, 1367.0
8.23500, 1286.0
8.24000, 1215.0
8.24500, 1154.0
8.25000, 1116.0
8.25500, 1050.0
8.26000, 1042.0
8.26500, 1021.0
8.27000, 956.0
8.27500, 1003.0
8.28000, 976.0
8.28500, 950.0
8.29000, 927.0
8.29500, 903.0
8.30000, 892.0
8.30500, 932.0
8.31000, 881.0
8.31500, 951.0
8.32000, 908.0
8.32500, 866.0
8.33000, 867.0
8.33500, 868.0
8.34000, 859.0
8.34500, 895.0
8.35000, 900.0
8.35500, 859.0
8.36000, 908.0
8.36500, 856.0
8.37000, 826.0
8.37500, 878.0
8.38000, 813.0
8.38500, 861.0
8.39000, 882.0
8.39500, 882.0
8.40000, 848.0
8.40500, 856.0
8.41000, 875.0
8.41500, 870.0
8.42000, 857.0
8.42500, 837.0
8.43000, 878.0
8.43500, 859.0
8.44000, 887.0
8.44500, 864.0
8.45000, 881.0
8.45500, 841.0
8.46000, 849.0
8.46500, 877.0
8.47000, 860.0
8.47500, 855.0
8.48000, 895.0
8.48500, 865.0
8.49000, 868.0
8.49500, 869.0
8.50000, 896.0
8.50500, 877.0
8.51000, 877.0
8.51500, 827.0
8.52000, 838.0
8.52500, 878.0
8.53000, 850.0
8.53500, 847.0
8.54000, 877.0
8.54500, 891.0
8.55000, 851.0
8.55500, 825.0
8.56000, 873.0
8.56500, 837.0
8.57000, 832.0
8.57500, 836.0
8.58000, 898.0
8.58500, 891.0
8.59000, 831.0
8.59500, 848.0
8.60000, 896.0
8.60500, 853.0
8.61000, 807.0
8.61500, 878.0
8.62000, 864.0
8.62500, 850.0
8.63000, 863.0
8.63500, 853.0
8.64000, 918.0
8.64500, 905.0
8.65000, 874.0
8.65500, 909.0
8.66000, 923.0
8.66500, 908.0
8.67000, 917.0
8.67500, 920.0
8.68000, 934.0
8.68500, 895.0
8.69000, 949.0
8.69500, 945.0
8.70000, 1008.0
8.70500, 957.0
8.71000, 947.0
8.71500, 1019.0
8.72000, 1034.0
8.72500, 1009.0
8.73000, 1060.0
8.73500, 1083.0
8.74000, 1107.0
8.74500, 1236.0
8.75000, 1235.0
8.75500, 1362.0
8.76000, 1416.0
8.76500, 1517.0
8.77000, 1579.0
8.77500, 1725.0
8.78000, 1808.0
8.78500, 1867.0
8.79000, 2057.0
8.79500, 2162.0
8.80000, 2340.0
8.80500, 2542.0
8.81000, 2690.0
8.81500, 2879.0
8.82000, 3181.0
8.82500, 3299.0
8.83000, 3522.0
8.83500, 3830.0
8.84000, 3999.0
8.84500, 4306.0
8.85000, 4447.0
8.85500, 4653.0
8.86000, 4934.0
8.86500, 5122.0
8.87000, 5221.0
8.87500, 5349.0
8.88000, 5627.0
8.88500, 5581.0
8.89000, 5627.0
8.89500, 5745.0
8.90000, 5873.0
8.90500, 5750.0
8.91000, 5718.0
8.91500, 5626.0
8.92000, 5670.0
8.92500, 5585.0
8.93000, 5395.0
8.93500, 5412.0
8.94000, 5294.0
8.94500, 5160.0
8.95000, 4754.0
8.95500, 4627.0
8.96000, 4396.0
8.96500, 4277.0
8.97000, 3970.0
8.97500, 3744.0
8.98000, 3621.0
8.98500, 3392.0
8.99000, 3152.0
8.99500, 3046.0
9.00000, 2792.0
9.00500, 2615.0
9.01000, 2427.0
9.01500, 2239.0
9.02000, 2065.0
9.02500, 1941.0
9.03000, 1766.0
9.03500, 1633.0
9.04000, 1532.0
9.04500, 1420.0
9.05000, 1319.0
9.05500, 1252.0
9.06000, 1174.0
9.06500, 1110.0
9.07000, 1021.0
9.07500, 989.0
9.08000, 939.0
9.08500, 899.0
9.09000, 831.0
9.09500, 805.0
9.10000, 808.0
9.10500, 774.0
9.11000, 734.0
9.11500, 750.0
9.12000, 694.0
9.12500, 671.0
9.13000, 678.0
9.13500, 676.0
9.14000, 672.0
9.14500, 679.0
9.15000, 674.0
9.15500, 670.0
9.16000, 613.0
9.16500, 605.0
9.17000, 610.0
9.17500, 617.0
9.18000, 654.0
9.18500, 663.0
9.19000, 610.0
9.19500, 613.0
9.20000, 611.0
9.20500, 629.0
9.21000, 599.0
9.21500, 606.0
9.22000, 648.0
9.22500, 622.0
9.23000, 637.0
9.23500, 602.0
9.24000, 587.0
9.24500, 634.0
9.25000, 630.0
9.25500, 583.0
9.26000, 620.0
9.26500, 614.0
9.27000, 597.0
9.27500, 615.0
9.28000, 630.0
9.28500, 617.0
9.29000, 586.0
9.29500, 595.0
9.30000, 602.0
9.30500, 609.0
9.31000, 642.0
9.31500, 604.0
9.32000, 610.0
9.32500, 613.0
9.33000, 619.0
9.33500, 616.0
9.34000, 630.0
9.34500, 641.0
9.35000, 557.0
9.35500, 547.0
9.36000, 565.0
9.36500, 605.0
9.37000, 588.0
9.37500, 607.0
9.38000, 630.0
9.38500, 635.0
9.39000, 604.0
9.39500, 595.0
9.40000, 584.0
9.40500, 619.0
9.41000, 611.0
9.41500, 590.0
9.42000, 600.0
9.42500, 620.0
9.43000, 593.0
9.43500, 595.0
9.44000, 594.0
9.44500, 600.0
9.45000, 620.0
9.45500, 611.0
9.46000, 602.0
9.46500, 598.0
9.47000, 612.0
9.47500, 563.0
9.48000, 596.0
9.48500, 581.0
9.49000, 575.0
9.49500, 571.0
9.50000, 602.0
9.50500, 595.0
9.51000, 579.0
9.51500, 600.0
9.52000, 568.0
9.52500, 592.0
9.53000, 579.0
9.53500, 580.0
9.54000, 592.0
9.54500, 584.0
9.55000, 590.0
9.55500, 585.0
9.56000, 586.0
9.56500, 569.0
9.57000, 555.0
9.57500, 582.0
9.58000, 578.0
9.58500, 563.0
9.59000, 562.0
9.59500, 573.0
9.60000, 599.0
9.60500, 573.0
9.61000, 580.0
9.61500, 599.0
9.62000, 590.0
9.62500, 577.0
9.63000, 573.0
9.63500, 585.0
9.64000, 588.0
9.64500, 602.0
9.65000, 574.0
9.65500, 564.0
9.66000, 573.0
9.66500, 581.0
9.67000, 578.0
9.67500, 591.0
9.68000, 560.0
9.68500, 565.0
9.69000, 590.0
9.69500, 586.0
9.70000, 584.0
9.70500, 601.0
9.71000, 605.0
9.71500, 585.0
9.72000, 585.0
9.72500, 570.0
9.73000, 562.0
9.73500, 587.0
9.74000, 576.0
9.74500, 576.0
9.75000, 582.0
9.75500, 573.0
9.76000, 564.0
9.76500, 587.0
9.77000, 607.0
9.77500, 601.0
9.78000, 603.0
9.78500, 618.0
9.79000, 612.0
9.79500, 653.0
9.80000, 628.0
9.80500, 642.0
9.81000, 631.0
9.81500, 661.0
9.82000, 643.0
9.82500, 595.0
9.83000, 594.0
9.83500, 615.0
9.84000, 614.0
9.84500, 640.0
9.85000, 598.0
9.85500, 614.0
9.86000, 639.0
9.86500, 595.0
9.87000, 575.0
9.87500, 565.0
9.88000, 629.0
9.88500, 611.0
9.89000, 578.0
9.89500, 590.0
9.90000, 612.0
9.90500, 600.0
9.91000, 577.0
9.91500, 566.0
9.92000, 562.0
9.92500, 556.0
9.93000, 559.0
9.93500, 570.0
9.94000, 559.0
9.94500, 554.0
9.95000, 533.0
9.95500, 541.0
9.96000, 534.0
9.96500, 530.0
9.97000, 566.0
9.97500, 525.0
9.98000, 522.0
9.98500, 541.0
9.99000, 540.0
9.99500, 522.0
10.00000, 498.0
10.00500, 502.0
10.01000, 520.0
10.01500, 512.0
10.02000, 535.0
10.02500, 559.0
10.03000, 541.0
10.03500, 508.0
10.04000, 531.0
10.04500, 526.0
10.05000, 518.0
10.05500, 516.0
10.06000, 506.0
10.06500, 498.0
10.07000, 499.0
10.07500, 476.0
10.08000, 501.0
10.08500, 519.0
10.09000, 492.0
10.09500, 498.0
10.10000, 546.0
10.10500, 540.0
10.11000, 536.0
10.11500, 522.0
10.12000, 483.0
10.12500, 499.0
10.13000, 494.0
10.13500, 496.0
#ENDOFDATA   : 
