#FORMAT      : EMSA/MAS Spectral Data File
#VERSION     : 1.0
#TITLE       : 4096-5eV-s5-p4
#DATE        : 29-MAY-2014
#TIME        : 15:07
#OWNER       : 
#NPOINTS     : 4096.0
#NCOLUMNS    : 1.0
#XUNITS      : keV
#YUNITS      : counts
#DATATYPE    : XY
#XPERCHAN    : 0.005
#OFFSET      : -0.2
#SIGNALTYPE  : EDS
#CHOFFSET    : 40.0
#LIVETIME    : 100.289283752
#REALTIME    : 137.401626587
#BEAMKV      : 20.0
#PROBECUR    : 0.0
#MAGCAM      : 3500.0
#XTILTSTGE   : 0.0
#AZIMANGLE   : 0.0
#ELEVANGLE   : 35.0
#XPOSITION mm: -3.1130
#YPOSITION mm: 1.3240
#ZPOSITION mm: 5.0130
##OXINSTPT   : 4
##OXINSTSTROB: 48.07
##OXINSTELEMS: 25,6,13,14
##OXINSTLABEL: 25, 5.899, Mn
##OXINSTLABEL: 25, 6.490, Mn
##OXINSTLABEL: 25, 0.636, Mn
##OXINSTLABEL: 25, 0.567, Mn
##OXINSTLABEL: 6, 0.277, C
##OXINSTLABEL: 13, 1.487, Al
##OXINSTLABEL: 14, 1.740, Si
#SPECTRUM    : Spectral Data Starts Here
-0.20000, 0.0
-0.19500, 0.0
-0.19000, 0.0
-0.18500, 0.0
-0.18000, 0.0
-0.17500, 0.0
-0.17000, 0.0
-0.16500, 0.0
-0.16000, 0.0
-0.15500, 0.0
-0.15000, 0.0
-0.14500, 0.0
-0.14000, 0.0
-0.13500, 0.0
-0.13000, 0.0
-0.12500, 0.0
-0.12000, 0.0
-0.11500, 0.0
-0.11000, 0.0
-0.10500, 0.0
-0.10000, 0.0
-0.09500, 0.0
-0.09000, 0.0
-0.08500, 0.0
-0.08000, 0.0
-0.07500, 0.0
-0.07000, 0.0
-0.06500, 2.0
-0.06000, 7.0
-0.05500, 11.0
-0.05000, 20.0
-0.04500, 47.0
-0.04000, 68.0
-0.03500, 129.0
-0.03000, 211.0
-0.02500, 294.0
-0.02000, 440.0
-0.01500, 593.0
-0.01000, 775.0
-0.00500, 1091.0
0.00000, 1203.0
0.00500, 1365.0
0.01000, 1606.0
0.01500, 1736.0
0.02000, 1807.0
0.02500, 1913.0
0.03000, 1957.0
0.03500, 1952.0
0.04000, 2027.0
0.04500, 1906.0
0.05000, 1817.0
0.05500, 1636.0
0.06000, 1340.0
0.06500, 1103.0
0.07000, 877.0
0.07500, 706.0
0.08000, 515.0
0.08500, 441.0
0.09000, 330.0
0.09500, 312.0
0.10000, 294.0
0.10500, 289.0
0.11000, 289.0
0.11500, 294.0
0.12000, 307.0
0.12500, 305.0
0.13000, 299.0
0.13500, 289.0
0.14000, 306.0
0.14500, 310.0
0.15000, 286.0
0.15500, 328.0
0.16000, 332.0
0.16500, 350.0
0.17000, 339.0
0.17500, 330.0
0.18000, 336.0
0.18500, 354.0
0.19000, 346.0
0.19500, 374.0
0.20000, 436.0
0.20500, 439.0
0.21000, 492.0
0.21500, 537.0
0.22000, 626.0
0.22500, 697.0
0.23000, 846.0
0.23500, 1008.0
0.24000, 1202.0
0.24500, 1327.0
0.25000, 1577.0
0.25500, 1727.0
0.26000, 2034.0
0.26500, 2178.0
0.27000, 2257.0
0.27500, 2306.0
0.28000, 2245.0
0.28500, 2120.0
0.29000, 1996.0
0.29500, 1779.0
0.30000, 1505.0
0.30500, 1319.0
0.31000, 1073.0
0.31500, 877.0
0.32000, 741.0
0.32500, 639.0
0.33000, 560.0
0.33500, 513.0
0.34000, 534.0
0.34500, 499.0
0.35000, 520.0
0.35500, 530.0
0.36000, 546.0
0.36500, 599.0
0.37000, 629.0
0.37500, 616.0
0.38000, 674.0
0.38500, 655.0
0.39000, 753.0
0.39500, 766.0
0.40000, 761.0
0.40500, 790.0
0.41000, 910.0
0.41500, 904.0
0.42000, 974.0
0.42500, 980.0
0.43000, 1030.0
0.43500, 1099.0
0.44000, 1138.0
0.44500, 1248.0
0.45000, 1262.0
0.45500, 1386.0
0.46000, 1492.0
0.46500, 1617.0
0.47000, 1687.0
0.47500, 1827.0
0.48000, 2096.0
0.48500, 2303.0
0.49000, 2694.0
0.49500, 3131.0
0.50000, 3724.0
0.50500, 4184.0
0.51000, 4815.0
0.51500, 5712.0
0.52000, 6591.0
0.52500, 7480.0
0.53000, 8419.0
0.53500, 9369.0
0.54000, 10188.0
0.54500, 10866.0
0.55000, 11392.0
0.55500, 11486.0
0.56000, 11439.0
0.56500, 11423.0
0.57000, 11010.0
0.57500, 11119.0
0.58000, 10721.0
0.58500, 10770.0
0.59000, 11096.0
0.59500, 12126.0
0.60000, 13366.0
0.60500, 14874.0
0.61000, 16300.0
0.61500, 18130.0
0.62000, 20225.0
0.62500, 21757.0
0.63000, 22836.0
0.63500, 23017.0
0.64000, 22698.0
0.64500, 21427.0
0.65000, 19800.0
0.65500, 17798.0
0.66000, 15330.0
0.66500, 13109.0
0.67000, 10506.0
0.67500, 8296.0
0.68000, 6318.0
0.68500, 4811.0
0.69000, 3558.0
0.69500, 2661.0
0.70000, 1958.0
0.70500, 1484.0
0.71000, 1147.0
0.71500, 960.0
0.72000, 822.0
0.72500, 723.0
0.73000, 659.0
0.73500, 588.0
0.74000, 560.0
0.74500, 535.0
0.75000, 575.0
0.75500, 502.0
0.76000, 491.0
0.76500, 440.0
0.77000, 450.0
0.77500, 462.0
0.78000, 417.0
0.78500, 401.0
0.79000, 451.0
0.79500, 421.0
0.80000, 434.0
0.80500, 447.0
0.81000, 444.0
0.81500, 416.0
0.82000, 469.0
0.82500, 474.0
0.83000, 455.0
0.83500, 471.0
0.84000, 459.0
0.84500, 471.0
0.85000, 463.0
0.85500, 485.0
0.86000, 454.0
0.86500, 501.0
0.87000, 505.0
0.87500, 487.0
0.88000, 511.0
0.88500, 520.0
0.89000, 516.0
0.89500, 502.0
0.90000, 531.0
0.90500, 541.0
0.91000, 533.0
0.91500, 579.0
0.92000, 590.0
0.92500, 579.0
0.93000, 577.0
0.93500, 552.0
0.94000, 569.0
0.94500, 579.0
0.95000, 598.0
0.95500, 572.0
0.96000, 586.0
0.96500, 604.0
0.97000, 601.0
0.97500, 628.0
0.98000, 629.0
0.98500, 621.0
0.99000, 630.0
0.99500, 672.0
1.00000, 637.0
1.00500, 678.0
1.01000, 642.0
1.01500, 638.0
1.02000, 653.0
1.02500, 666.0
1.03000, 667.0
1.03500, 702.0
1.04000, 666.0
1.04500, 715.0
1.05000, 727.0
1.05500, 734.0
1.06000, 760.0
1.06500, 742.0
1.07000, 744.0
1.07500, 743.0
1.08000, 732.0
1.08500, 753.0
1.09000, 739.0
1.09500, 774.0
1.10000, 797.0
1.10500, 816.0
1.11000, 760.0
1.11500, 834.0
1.12000, 819.0
1.12500, 826.0
1.13000, 856.0
1.13500, 820.0
1.14000, 859.0
1.14500, 836.0
1.15000, 849.0
1.15500, 858.0
1.16000, 857.0
1.16500, 897.0
1.17000, 905.0
1.17500, 941.0
1.18000, 905.0
1.18500, 898.0
1.19000, 948.0
1.19500, 970.0
1.20000, 985.0
1.20500, 944.0
1.21000, 960.0
1.21500, 940.0
1.22000, 952.0
1.22500, 931.0
1.23000, 1011.0
1.23500, 1022.0
1.24000, 983.0
1.24500, 1048.0
1.25000, 993.0
1.25500, 1050.0
1.26000, 1085.0
1.26500, 1033.0
1.27000, 1030.0
1.27500, 1061.0
1.28000, 1088.0
1.28500, 1062.0
1.29000, 1061.0
1.29500, 1032.0
1.30000, 1034.0
1.30500, 1054.0
1.31000, 1056.0
1.31500, 1078.0
1.32000, 1061.0
1.32500, 1087.0
1.33000, 1065.0
1.33500, 1059.0
1.34000, 1053.0
1.34500, 1051.0
1.35000, 1080.0
1.35500, 1043.0
1.36000, 1101.0
1.36500, 1089.0
1.37000, 1048.0
1.37500, 1053.0
1.38000, 1100.0
1.38500, 1118.0
1.39000, 1136.0
1.39500, 1142.0
1.40000, 1174.0
1.40500, 1160.0
1.41000, 1114.0
1.41500, 1076.0
1.42000, 1135.0
1.42500, 1140.0
1.43000, 1172.0
1.43500, 1208.0
1.44000, 1213.0
1.44500, 1230.0
1.45000, 1272.0
1.45500, 1347.0
1.46000, 1377.0
1.46500, 1364.0
1.47000, 1390.0
1.47500, 1444.0
1.48000, 1470.0
1.48500, 1494.0
1.49000, 1477.0
1.49500, 1421.0
1.50000, 1431.0
1.50500, 1461.0
1.51000, 1439.0
1.51500, 1465.0
1.52000, 1379.0
1.52500, 1378.0
1.53000, 1286.0
1.53500, 1313.0
1.54000, 1257.0
1.54500, 1251.0
1.55000, 1315.0
1.55500, 1249.0
1.56000, 1229.0
1.56500, 1253.0
1.57000, 1244.0
1.57500, 1266.0
1.58000, 1196.0
1.58500, 1226.0
1.59000, 1196.0
1.59500, 1201.0
1.60000, 1263.0
1.60500, 1233.0
1.61000, 1209.0
1.61500, 1251.0
1.62000, 1278.0
1.62500, 1247.0
1.63000, 1191.0
1.63500, 1234.0
1.64000, 1269.0
1.64500, 1305.0
1.65000, 1261.0
1.65500, 1259.0
1.66000, 1228.0
1.66500, 1269.0
1.67000, 1336.0
1.67500, 1300.0
1.68000, 1243.0
1.68500, 1300.0
1.69000, 1262.0
1.69500, 1302.0
1.70000, 1393.0
1.70500, 1362.0
1.71000, 1330.0
1.71500, 1322.0
1.72000, 1354.0
1.72500, 1357.0
1.73000, 1347.0
1.73500, 1365.0
1.74000, 1420.0
1.74500, 1394.0
1.75000, 1382.0
1.75500, 1412.0
1.76000, 1414.0
1.76500, 1405.0
1.77000, 1364.0
1.77500, 1368.0
1.78000, 1382.0
1.78500, 1354.0
1.79000, 1353.0
1.79500, 1364.0
1.80000, 1335.0
1.80500, 1325.0
1.81000, 1338.0
1.81500, 1310.0
1.82000, 1334.0
1.82500, 1354.0
1.83000, 1333.0
1.83500, 1298.0
1.84000, 1320.0
1.84500, 1359.0
1.85000, 1321.0
1.85500, 1280.0
1.86000, 1312.0
1.86500, 1285.0
1.87000, 1286.0
1.87500, 1244.0
1.88000, 1318.0
1.88500, 1318.0
1.89000, 1278.0
1.89500, 1292.0
1.90000, 1304.0
1.90500, 1282.0
1.91000, 1274.0
1.91500, 1300.0
1.92000, 1272.0
1.92500, 1234.0
1.93000, 1303.0
1.93500, 1289.0
1.94000, 1281.0
1.94500, 1307.0
1.95000, 1307.0
1.95500, 1339.0
1.96000, 1327.0
1.96500, 1351.0
1.97000, 1329.0
1.97500, 1331.0
1.98000, 1295.0
1.98500, 1313.0
1.99000, 1394.0
1.99500, 1369.0
2.00000, 1346.0
2.00500, 1297.0
2.01000, 1320.0
2.01500, 1338.0
2.02000, 1304.0
2.02500, 1313.0
2.03000, 1316.0
2.03500, 1350.0
2.04000, 1359.0
2.04500, 1373.0
2.05000, 1338.0
2.05500, 1363.0
2.06000, 1347.0
2.06500, 1365.0
2.07000, 1351.0
2.07500, 1340.0
2.08000, 1339.0
2.08500, 1371.0
2.09000, 1367.0
2.09500, 1303.0
2.10000, 1292.0
2.10500, 1371.0
2.11000, 1378.0
2.11500, 1399.0
2.12000, 1370.0
2.12500, 1358.0
2.13000, 1406.0
2.13500, 1384.0
2.14000, 1359.0
2.14500, 1322.0
2.15000, 1356.0
2.15500, 1381.0
2.16000, 1360.0
2.16500, 1348.0
2.17000, 1344.0
2.17500, 1368.0
2.18000, 1351.0
2.18500, 1350.0
2.19000, 1369.0
2.19500, 1360.0
2.20000, 1368.0
2.20500, 1394.0
2.21000, 1355.0
2.21500, 1396.0
2.22000, 1356.0
2.22500, 1359.0
2.23000, 1448.0
2.23500, 1433.0
2.24000, 1387.0
2.24500, 1387.0
2.25000, 1356.0
2.25500, 1352.0
2.26000, 1403.0
2.26500, 1390.0
2.27000, 1341.0
2.27500, 1387.0
2.28000, 1401.0
2.28500, 1349.0
2.29000, 1371.0
2.29500, 1363.0
2.30000, 1345.0
2.30500, 1380.0
2.31000, 1426.0
2.31500, 1441.0
2.32000, 1435.0
2.32500, 1428.0
2.33000, 1382.0
2.33500, 1373.0
2.34000, 1375.0
2.34500, 1378.0
2.35000, 1415.0
2.35500, 1442.0
2.36000, 1400.0
2.36500, 1379.0
2.37000, 1384.0
2.37500, 1406.0
2.38000, 1375.0
2.38500, 1330.0
2.39000, 1373.0
2.39500, 1417.0
2.40000, 1393.0
2.40500, 1379.0
2.41000, 1398.0
2.41500, 1358.0
2.42000, 1361.0
2.42500, 1437.0
2.43000, 1421.0
2.43500, 1384.0
2.44000, 1339.0
2.44500, 1380.0
2.45000, 1414.0
2.45500, 1395.0
2.46000, 1377.0
2.46500, 1352.0
2.47000, 1378.0
2.47500, 1414.0
2.48000, 1383.0
2.48500, 1376.0
2.49000, 1360.0
2.49500, 1363.0
2.50000, 1392.0
2.50500, 1358.0
2.51000, 1365.0
2.51500, 1392.0
2.52000, 1366.0
2.52500, 1368.0
2.53000, 1395.0
2.53500, 1399.0
2.54000, 1387.0
2.54500, 1372.0
2.55000, 1369.0
2.55500, 1312.0
2.56000, 1292.0
2.56500, 1352.0
2.57000, 1363.0
2.57500, 1354.0
2.58000, 1347.0
2.58500, 1340.0
2.59000, 1366.0
2.59500, 1331.0
2.60000, 1327.0
2.60500, 1334.0
2.61000, 1337.0
2.61500, 1325.0
2.62000, 1320.0
2.62500, 1329.0
2.63000, 1384.0
2.63500, 1366.0
2.64000, 1377.0
2.64500, 1385.0
2.65000, 1337.0
2.65500, 1339.0
2.66000, 1309.0
2.66500, 1278.0
2.67000, 1329.0
2.67500, 1355.0
2.68000, 1376.0
2.68500, 1390.0
2.69000, 1343.0
2.69500, 1329.0
2.70000, 1321.0
2.70500, 1303.0
2.71000, 1323.0
2.71500, 1322.0
2.72000, 1340.0
2.72500, 1320.0
2.73000, 1286.0
2.73500, 1296.0
2.74000, 1364.0
2.74500, 1366.0
2.75000, 1347.0
2.75500, 1361.0
2.76000, 1366.0
2.76500, 1352.0
2.77000, 1316.0
2.77500, 1284.0
2.78000, 1309.0
2.78500, 1282.0
2.79000, 1269.0
2.79500, 1327.0
2.80000, 1295.0
2.80500, 1262.0
2.81000, 1293.0
2.81500, 1264.0
2.82000, 1272.0
2.82500, 1309.0
2.83000, 1330.0
2.83500, 1296.0
2.84000, 1287.0
2.84500, 1309.0
2.85000, 1335.0
2.85500, 1314.0
2.86000, 1308.0
2.86500, 1297.0
2.87000, 1266.0
2.87500, 1281.0
2.88000, 1323.0
2.88500, 1301.0
2.89000, 1276.0
2.89500, 1268.0
2.90000, 1278.0
2.90500, 1311.0
2.91000, 1321.0
2.91500, 1335.0
2.92000, 1318.0
2.92500, 1260.0
2.93000, 1285.0
2.93500, 1315.0
2.94000, 1275.0
2.94500, 1280.0
2.95000, 1275.0
2.95500, 1278.0
2.96000, 1292.0
2.96500, 1286.0
2.97000, 1284.0
2.97500, 1241.0
2.98000, 1216.0
2.98500, 1248.0
2.99000, 1267.0
2.99500, 1258.0
3.00000, 1266.0
3.00500, 1264.0
3.01000, 1275.0
3.01500, 1310.0
3.02000, 1301.0
3.02500, 1301.0
3.03000, 1292.0
3.03500, 1263.0
3.04000, 1236.0
3.04500, 1251.0
3.05000, 1262.0
3.05500, 1235.0
3.06000, 1265.0
3.06500, 1244.0
3.07000, 1220.0
3.07500, 1234.0
3.08000, 1236.0
3.08500, 1241.0
3.09000, 1272.0
3.09500, 1285.0
3.10000, 1242.0
3.10500, 1234.0
3.11000, 1213.0
3.11500, 1206.0
3.12000, 1185.0
3.12500, 1157.0
3.13000, 1205.0
3.13500, 1262.0
3.14000, 1246.0
3.14500, 1220.0
3.15000, 1210.0
3.15500, 1211.0
3.16000, 1190.0
3.16500, 1219.0
3.17000, 1245.0
3.17500, 1212.0
3.18000, 1198.0
3.18500, 1174.0
3.19000, 1170.0
3.19500, 1201.0
3.20000, 1225.0
3.20500, 1194.0
3.21000, 1184.0
3.21500, 1189.0
3.22000, 1221.0
3.22500, 1222.0
3.23000, 1190.0
3.23500, 1207.0
3.24000, 1190.0
3.24500, 1165.0
3.25000, 1191.0
3.25500, 1190.0
3.26000, 1165.0
3.26500, 1174.0
3.27000, 1187.0
3.27500, 1187.0
3.28000, 1180.0
3.28500, 1168.0
3.29000, 1170.0
3.29500, 1179.0
3.30000, 1202.0
3.30500, 1199.0
3.31000, 1187.0
3.31500, 1185.0
3.32000, 1169.0
3.32500, 1165.0
3.33000, 1175.0
3.33500, 1204.0
3.34000, 1214.0
3.34500, 1207.0
3.35000, 1168.0
3.35500, 1126.0
3.36000, 1149.0
3.36500, 1166.0
3.37000, 1144.0
3.37500, 1162.0
3.38000, 1172.0
3.38500, 1139.0
3.39000, 1106.0
3.39500, 1119.0
3.40000, 1126.0
3.40500, 1153.0
3.41000, 1175.0
3.41500, 1137.0
3.42000, 1122.0
3.42500, 1112.0
3.43000, 1120.0
3.43500, 1149.0
3.44000, 1150.0
3.44500, 1166.0
3.45000, 1155.0
3.45500, 1098.0
3.46000, 1096.0
3.46500, 1153.0
3.47000, 1163.0
3.47500, 1111.0
3.48000, 1083.0
3.48500, 1095.0
3.49000, 1127.0
3.49500, 1138.0
3.50000, 1115.0
3.50500, 1104.0
3.51000, 1104.0
3.51500, 1096.0
3.52000, 1085.0
3.52500, 1118.0
3.53000, 1139.0
3.53500, 1118.0
3.54000, 1095.0
3.54500, 1102.0
3.55000, 1114.0
3.55500, 1112.0
3.56000, 1118.0
3.56500, 1139.0
3.57000, 1133.0
3.57500, 1091.0
3.58000, 1072.0
3.58500, 1084.0
3.59000, 1113.0
3.59500, 1117.0
3.60000, 1098.0
3.60500, 1094.0
3.61000, 1079.0
3.61500, 1058.0
3.62000, 1092.0
3.62500, 1107.0
3.63000, 1047.0
3.63500, 1047.0
3.64000, 1070.0
3.64500, 1076.0
3.65000, 1073.0
3.65500, 1041.0
3.66000, 1072.0
3.66500, 1092.0
3.67000, 1087.0
3.67500, 1109.0
3.68000, 1101.0
3.68500, 1079.0
3.69000, 1075.0
3.69500, 1058.0
3.70000, 1049.0
3.70500, 1050.0
3.71000, 1054.0
3.71500, 1034.0
3.72000, 1051.0
3.72500, 1064.0
3.73000, 1079.0
3.73500, 1074.0
3.74000, 1059.0
3.74500, 1027.0
3.75000, 1035.0
3.75500, 1029.0
3.76000, 1003.0
3.76500, 1013.0
3.77000, 1060.0
3.77500, 1081.0
3.78000, 1045.0
3.78500, 1035.0
3.79000, 1038.0
3.79500, 1017.0
3.80000, 1025.0
3.80500, 1051.0
3.81000, 1053.0
3.81500, 1051.0
3.82000, 1064.0
3.82500, 1034.0
3.83000, 1003.0
3.83500, 1028.0
3.84000, 1037.0
3.84500, 1011.0
3.85000, 998.0
3.85500, 1032.0
3.86000, 1015.0
3.86500, 1012.0
3.87000, 1001.0
3.87500, 976.0
3.88000, 970.0
3.88500, 999.0
3.89000, 1020.0
3.89500, 1006.0
3.90000, 996.0
3.90500, 978.0
3.91000, 1037.0
3.91500, 1029.0
3.92000, 991.0
3.92500, 992.0
3.93000, 996.0
3.93500, 1002.0
3.94000, 991.0
3.94500, 983.0
3.95000, 958.0
3.95500, 973.0
3.96000, 992.0
3.96500, 998.0
3.97000, 986.0
3.97500, 1004.0
3.98000, 958.0
3.98500, 983.0
3.99000, 1000.0
3.99500, 996.0
4.00000, 985.0
4.00500, 971.0
4.01000, 993.0
4.01500, 985.0
4.02000, 1012.0
4.02500, 1010.0
4.03000, 993.0
4.03500, 1020.0
4.04000, 1006.0
4.04500, 962.0
4.05000, 975.0
4.05500, 1007.0
4.06000, 985.0
4.06500, 1004.0
4.07000, 1048.0
4.07500, 1046.0
4.08000, 1070.0
4.08500, 1107.0
4.09000, 1109.0
4.09500, 1102.0
4.10000, 1129.0
4.10500, 1131.0
4.11000, 1187.0
4.11500, 1177.0
4.12000, 1139.0
4.12500, 1188.0
4.13000, 1240.0
4.13500, 1241.0
4.14000, 1204.0
4.14500, 1219.0
4.15000, 1182.0
4.15500, 1203.0
4.16000, 1196.0
4.16500, 1188.0
4.17000, 1194.0
4.17500, 1173.0
4.18000, 1193.0
4.18500, 1170.0
4.19000, 1152.0
4.19500, 1111.0
4.20000, 1104.0
4.20500, 1103.0
4.21000, 1104.0
4.21500, 1062.0
4.22000, 1093.0
4.22500, 1065.0
4.23000, 1049.0
4.23500, 1028.0
4.24000, 993.0
4.24500, 983.0
4.25000, 961.0
4.25500, 930.0
4.26000, 901.0
4.26500, 932.0
4.27000, 901.0
4.27500, 883.0
4.28000, 912.0
4.28500, 932.0
4.29000, 935.0
4.29500, 934.0
4.30000, 938.0
4.30500, 920.0
4.31000, 903.0
4.31500, 897.0
4.32000, 935.0
4.32500, 901.0
4.33000, 885.0
4.33500, 901.0
4.34000, 875.0
4.34500, 892.0
4.35000, 875.0
4.35500, 843.0
4.36000, 854.0
4.36500, 883.0
4.37000, 921.0
4.37500, 922.0
4.38000, 901.0
4.38500, 902.0
4.39000, 909.0
4.39500, 879.0
4.40000, 880.0
4.40500, 889.0
4.41000, 836.0
4.41500, 839.0
4.42000, 867.0
4.42500, 907.0
4.43000, 836.0
4.43500, 856.0
4.44000, 847.0
4.44500, 878.0
4.45000, 887.0
4.45500, 847.0
4.46000, 880.0
4.46500, 863.0
4.47000, 872.0
4.47500, 892.0
4.48000, 925.0
4.48500, 858.0
4.49000, 860.0
4.49500, 842.0
4.50000, 907.0
4.50500, 879.0
4.51000, 875.0
4.51500, 842.0
4.52000, 859.0
4.52500, 869.0
4.53000, 851.0
4.53500, 845.0
4.54000, 855.0
4.54500, 843.0
4.55000, 873.0
4.55500, 862.0
4.56000, 863.0
4.56500, 825.0
4.57000, 848.0
4.57500, 866.0
4.58000, 904.0
4.58500, 885.0
4.59000, 831.0
4.59500, 839.0
4.60000, 826.0
4.60500, 861.0
4.61000, 836.0
4.61500, 836.0
4.62000, 833.0
4.62500, 826.0
4.63000, 824.0
4.63500, 852.0
4.64000, 850.0
4.64500, 852.0
4.65000, 841.0
4.65500, 824.0
4.66000, 806.0
4.66500, 851.0
4.67000, 851.0
4.67500, 846.0
4.68000, 850.0
4.68500, 852.0
4.69000, 841.0
4.69500, 867.0
4.70000, 866.0
4.70500, 804.0
4.71000, 867.0
4.71500, 883.0
4.72000, 863.0
4.72500, 841.0
4.73000, 828.0
4.73500, 838.0
4.74000, 827.0
4.74500, 849.0
4.75000, 849.0
4.75500, 845.0
4.76000, 900.0
4.76500, 880.0
4.77000, 784.0
4.77500, 797.0
4.78000, 837.0
4.78500, 830.0
4.79000, 823.0
4.79500, 836.0
4.80000, 848.0
4.80500, 831.0
4.81000, 818.0
4.81500, 804.0
4.82000, 742.0
4.82500, 771.0
4.83000, 803.0
4.83500, 814.0
4.84000, 796.0
4.84500, 807.0
4.85000, 782.0
4.85500, 772.0
4.86000, 781.0
4.86500, 782.0
4.87000, 806.0
4.87500, 805.0
4.88000, 782.0
4.88500, 794.0
4.89000, 792.0
4.89500, 812.0
4.90000, 781.0
4.90500, 776.0
4.91000, 797.0
4.91500, 816.0
4.92000, 804.0
4.92500, 770.0
4.93000, 791.0
4.93500, 768.0
4.94000, 785.0
4.94500, 818.0
4.95000, 767.0
4.95500, 782.0
4.96000, 792.0
4.96500, 769.0
4.97000, 756.0
4.97500, 787.0
4.98000, 797.0
4.98500, 762.0
4.99000, 764.0
4.99500, 760.0
5.00000, 785.0
5.00500, 825.0
5.01000, 836.0
5.01500, 794.0
5.02000, 782.0
5.02500, 770.0
5.03000, 795.0
5.03500, 734.0
5.04000, 742.0
5.04500, 748.0
5.05000, 771.0
5.05500, 740.0
5.06000, 755.0
5.06500, 766.0
5.07000, 758.0
5.07500, 764.0
5.08000, 752.0
5.08500, 731.0
5.09000, 724.0
5.09500, 780.0
5.10000, 777.0
5.10500, 784.0
5.11000, 768.0
5.11500, 774.0
5.12000, 772.0
5.12500, 779.0
5.13000, 771.0
5.13500, 769.0
5.14000, 723.0
5.14500, 740.0
5.15000, 752.0
5.15500, 722.0
5.16000, 715.0
5.16500, 748.0
5.17000, 755.0
5.17500, 758.0
5.18000, 764.0
5.18500, 771.0
5.19000, 753.0
5.19500, 738.0
5.20000, 718.0
5.20500, 723.0
5.21000, 751.0
5.21500, 723.0
5.22000, 723.0
5.22500, 716.0
5.23000, 714.0
5.23500, 728.0
5.24000, 734.0
5.24500, 722.0
5.25000, 713.0
5.25500, 715.0
5.26000, 702.0
5.26500, 709.0
5.27000, 726.0
5.27500, 743.0
5.28000, 715.0
5.28500, 721.0
5.29000, 719.0
5.29500, 680.0
5.30000, 702.0
5.30500, 710.0
5.31000, 706.0
5.31500, 700.0
5.32000, 726.0
5.32500, 693.0
5.33000, 680.0
5.33500, 666.0
5.34000, 727.0
5.34500, 688.0
5.35000, 733.0
5.35500, 690.0
5.36000, 700.0
5.36500, 695.0
5.37000, 680.0
5.37500, 698.0
5.38000, 715.0
5.38500, 731.0
5.39000, 695.0
5.39500, 710.0
5.40000, 665.0
5.40500, 721.0
5.41000, 686.0
5.41500, 717.0
5.42000, 676.0
5.42500, 739.0
5.43000, 724.0
5.43500, 688.0
5.44000, 688.0
5.44500, 658.0
5.45000, 693.0
5.45500, 641.0
5.46000, 690.0
5.46500, 687.0
5.47000, 698.0
5.47500, 674.0
5.48000, 666.0
5.48500, 638.0
5.49000, 658.0
5.49500, 701.0
5.50000, 683.0
5.50500, 682.0
5.51000, 684.0
5.51500, 699.0
5.52000, 721.0
5.52500, 723.0
5.53000, 679.0
5.53500, 717.0
5.54000, 694.0
5.54500, 686.0
5.55000, 734.0
5.55500, 703.0
5.56000, 703.0
5.56500, 701.0
5.57000, 681.0
5.57500, 722.0
5.58000, 699.0
5.58500, 721.0
5.59000, 756.0
5.59500, 732.0
5.60000, 743.0
5.60500, 689.0
5.61000, 745.0
5.61500, 750.0
5.62000, 755.0
5.62500, 741.0
5.63000, 792.0
5.63500, 735.0
5.64000, 753.0
5.64500, 797.0
5.65000, 747.0
5.65500, 767.0
5.66000, 820.0
5.66500, 780.0
5.67000, 819.0
5.67500, 804.0
5.68000, 811.0
5.68500, 865.0
5.69000, 872.0
5.69500, 868.0
5.70000, 974.0
5.70500, 935.0
5.71000, 1004.0
5.71500, 1054.0
5.72000, 1225.0
5.72500, 1252.0
5.73000, 1417.0
5.73500, 1680.0
5.74000, 1885.0
5.74500, 2205.0
5.75000, 2538.0
5.75500, 2953.0
5.76000, 3553.0
5.76500, 4124.0
5.77000, 4911.0
5.77500, 5894.0
5.78000, 7120.0
5.78500, 8351.0
5.79000, 9890.0
5.79500, 11706.0
5.80000, 13560.0
5.80500, 15741.0
5.81000, 17947.0
5.81500, 20898.0
5.82000, 23655.0
5.82500, 26791.0
5.83000, 29694.0
5.83500, 33298.0
5.84000, 36210.0
5.84500, 40225.0
5.85000, 43168.0
5.85500, 46450.0
5.86000, 50190.0
5.86500, 52808.0
5.87000, 55565.0
5.87500, 57681.0
5.88000, 59859.0
5.88500, 60835.0
5.89000, 62221.0
5.89500, 62871.0
5.90000, 63173.0
5.90500, 61990.0
5.91000, 60715.0
5.91500, 59468.0
5.92000, 57444.0
5.92500, 55252.0
5.93000, 52416.0
5.93500, 49530.0
5.94000, 46359.0
5.94500, 42673.0
5.95000, 39284.0
5.95500, 36088.0
5.96000, 32608.0
5.96500, 29431.0
5.97000, 26153.0
5.97500, 23042.0
5.98000, 20360.0
5.98500, 17827.0
5.99000, 15411.0
5.99500, 13215.0
6.00000, 11444.0
6.00500, 9428.0
6.01000, 8203.0
6.01500, 6767.0
6.02000, 5678.0
6.02500, 4855.0
6.03000, 3977.0
6.03500, 3285.0
6.04000, 2888.0
6.04500, 2342.0
6.05000, 2047.0
6.05500, 1707.0
6.06000, 1476.0
6.06500, 1271.0
6.07000, 1199.0
6.07500, 1129.0
6.08000, 937.0
6.08500, 904.0
6.09000, 802.0
6.09500, 769.0
6.10000, 750.0
6.10500, 767.0
6.11000, 715.0
6.11500, 723.0
6.12000, 687.0
6.12500, 664.0
6.13000, 665.0
6.13500, 717.0
6.14000, 635.0
6.14500, 689.0
6.15000, 691.0
6.15500, 692.0
6.16000, 678.0
6.16500, 665.0
6.17000, 721.0
6.17500, 727.0
6.18000, 685.0
6.18500, 698.0
6.19000, 690.0
6.19500, 699.0
6.20000, 687.0
6.20500, 687.0
6.21000, 650.0
6.21500, 716.0
6.22000, 679.0
6.22500, 670.0
6.23000, 680.0
6.23500, 732.0
6.24000, 702.0
6.24500, 662.0
6.25000, 709.0
6.25500, 671.0
6.26000, 721.0
6.26500, 725.0
6.27000, 688.0
6.27500, 726.0
6.28000, 765.0
6.28500, 757.0
6.29000, 736.0
6.29500, 763.0
6.30000, 792.0
6.30500, 774.0
6.31000, 792.0
6.31500, 899.0
6.32000, 907.0
6.32500, 905.0
6.33000, 942.0
6.33500, 957.0
6.34000, 1090.0
6.34500, 1178.0
6.35000, 1181.0
6.35500, 1281.0
6.36000, 1443.0
6.36500, 1569.0
6.37000, 1790.0
6.37500, 1980.0
6.38000, 2065.0
6.38500, 2228.0
6.39000, 2569.0
6.39500, 2892.0
6.40000, 3263.0
6.40500, 3502.0
6.41000, 3901.0
6.41500, 4199.0
6.42000, 4573.0
6.42500, 4960.0
6.43000, 5354.0
6.43500, 5717.0
6.44000, 6109.0
6.44500, 6511.0
6.45000, 6983.0
6.45500, 7307.0
6.46000, 7600.0
6.46500, 7868.0
6.47000, 8218.0
6.47500, 8332.0
6.48000, 8433.0
6.48500, 8411.0
6.49000, 8495.0
6.49500, 8418.0
6.50000, 8359.0
6.50500, 8208.0
6.51000, 7807.0
6.51500, 7715.0
6.52000, 7482.0
6.52500, 7216.0
6.53000, 6632.0
6.53500, 6475.0
6.54000, 5983.0
6.54500, 5545.0
6.55000, 5193.0
6.55500, 4664.0
6.56000, 4187.0
6.56500, 3874.0
6.57000, 3496.0
6.57500, 3224.0
6.58000, 2903.0
6.58500, 2540.0
6.59000, 2219.0
6.59500, 1978.0
6.60000, 1742.0
6.60500, 1551.0
6.61000, 1396.0
6.61500, 1323.0
6.62000, 1078.0
6.62500, 950.0
6.63000, 919.0
6.63500, 816.0
6.64000, 741.0
6.64500, 642.0
6.65000, 619.0
6.65500, 586.0
6.66000, 562.0
6.66500, 524.0
6.67000, 484.0
6.67500, 452.0
6.68000, 481.0
6.68500, 466.0
6.69000, 455.0
6.69500, 420.0
6.70000, 401.0
6.70500, 378.0
6.71000, 412.0
6.71500, 392.0
6.72000, 417.0
6.72500, 399.0
6.73000, 394.0
6.73500, 433.0
6.74000, 378.0
6.74500, 412.0
6.75000, 416.0
6.75500, 398.0
6.76000, 445.0
6.76500, 417.0
6.77000, 398.0
6.77500, 352.0
6.78000, 390.0
6.78500, 398.0
6.79000, 396.0
6.79500, 416.0
6.80000, 368.0
6.80500, 416.0
6.81000, 413.0
6.81500, 384.0
6.82000, 438.0
6.82500, 435.0
6.83000, 416.0
6.83500, 405.0
6.84000, 410.0
6.84500, 378.0
6.85000, 387.0
6.85500, 361.0
6.86000, 418.0
6.86500, 381.0
6.87000, 371.0
6.87500, 365.0
6.88000, 377.0
6.88500, 407.0
6.89000, 388.0
6.89500, 413.0
6.90000, 389.0
6.90500, 414.0
6.91000, 435.0
6.91500, 444.0
6.92000, 394.0
6.92500, 415.0
6.93000, 388.0
6.93500, 400.0
6.94000, 380.0
6.94500, 376.0
6.95000, 405.0
6.95500, 405.0
6.96000, 377.0
6.96500, 422.0
6.97000, 397.0
6.97500, 425.0
6.98000, 403.0
6.98500, 386.0
6.99000, 427.0
6.99500, 420.0
7.00000, 407.0
7.00500, 403.0
7.01000, 408.0
7.01500, 413.0
7.02000, 421.0
7.02500, 399.0
7.03000, 407.0
7.03500, 403.0
7.04000, 398.0
7.04500, 387.0
7.05000, 378.0
7.05500, 379.0
7.06000, 447.0
7.06500, 416.0
7.07000, 439.0
7.07500, 406.0
7.08000, 405.0
7.08500, 414.0
7.09000, 419.0
7.09500, 387.0
7.10000, 412.0
7.10500, 435.0
7.11000, 401.0
7.11500, 389.0
7.12000, 398.0
7.12500, 413.0
7.13000, 398.0
7.13500, 392.0
7.14000, 388.0
7.14500, 416.0
7.15000, 422.0
7.15500, 414.0
7.16000, 403.0
7.16500, 427.0
7.17000, 414.0
7.17500, 410.0
7.18000, 419.0
7.18500, 423.0
7.19000, 409.0
7.19500, 406.0
7.20000, 425.0
7.20500, 444.0
7.21000, 410.0
7.21500, 404.0
7.22000, 387.0
7.22500, 381.0
7.23000, 384.0
7.23500, 434.0
7.24000, 364.0
7.24500, 387.0
7.25000, 396.0
7.25500, 383.0
7.26000, 380.0
7.26500, 391.0
7.27000, 378.0
7.27500, 402.0
7.28000, 400.0
7.28500, 402.0
7.29000, 352.0
7.29500, 374.0
7.30000, 401.0
7.30500, 382.0
7.31000, 400.0
7.31500, 390.0
7.32000, 401.0
7.32500, 389.0
7.33000, 373.0
7.33500, 405.0
7.34000, 421.0
7.34500, 391.0
7.35000, 401.0
7.35500, 404.0
7.36000, 395.0
7.36500, 374.0
7.37000, 386.0
7.37500, 349.0
7.38000, 375.0
7.38500, 387.0
7.39000, 365.0
7.39500, 401.0
7.40000, 405.0
7.40500, 376.0
7.41000, 377.0
7.41500, 370.0
7.42000, 381.0
7.42500, 397.0
7.43000, 396.0
7.43500, 407.0
7.44000, 378.0
7.44500, 371.0
7.45000, 369.0
7.45500, 389.0
7.46000, 386.0
7.46500, 358.0
7.47000, 377.0
7.47500, 361.0
7.48000, 374.0
7.48500, 372.0
7.49000, 355.0
7.49500, 362.0
7.50000, 372.0
7.50500, 351.0
7.51000, 386.0
7.51500, 365.0
7.52000, 387.0
7.52500, 386.0
7.53000, 371.0
7.53500, 412.0
7.54000, 388.0
7.54500, 402.0
7.55000, 394.0
7.55500, 365.0
7.56000, 341.0
7.56500, 362.0
7.57000, 409.0
7.57500, 392.0
7.58000, 392.0
7.58500, 393.0
7.59000, 378.0
7.59500, 376.0
7.60000, 365.0
7.60500, 363.0
7.61000, 376.0
7.61500, 380.0
7.62000, 367.0
7.62500, 357.0
7.63000, 354.0
7.63500, 370.0
7.64000, 384.0
7.64500, 392.0
7.65000, 380.0
7.65500, 395.0
7.66000, 379.0
7.66500, 358.0
7.67000, 372.0
7.67500, 388.0
7.68000, 404.0
7.68500, 379.0
7.69000, 385.0
7.69500, 355.0
7.70000, 365.0
7.70500, 353.0
7.71000, 364.0
7.71500, 342.0
7.72000, 330.0
7.72500, 371.0
7.73000, 369.0
7.73500, 357.0
7.74000, 358.0
7.74500, 357.0
7.75000, 358.0
7.75500, 362.0
7.76000, 365.0
7.76500, 364.0
7.77000, 376.0
7.77500, 354.0
7.78000, 357.0
7.78500, 365.0
7.79000, 368.0
7.79500, 356.0
7.80000, 382.0
7.80500, 357.0
7.81000, 369.0
7.81500, 356.0
7.82000, 383.0
7.82500, 387.0
7.83000, 377.0
7.83500, 357.0
7.84000, 360.0
7.84500, 365.0
7.85000, 352.0
7.85500, 370.0
7.86000, 379.0
7.86500, 369.0
7.87000, 356.0
7.87500, 365.0
7.88000, 371.0
7.88500, 348.0
7.89000, 363.0
7.89500, 353.0
7.90000, 348.0
7.90500, 368.0
7.91000, 383.0
7.91500, 377.0
7.92000, 388.0
7.92500, 382.0
7.93000, 374.0
7.93500, 386.0
7.94000, 373.0
7.94500, 354.0
7.95000, 367.0
7.95500, 371.0
7.96000, 367.0
7.96500, 375.0
7.97000, 359.0
7.97500, 362.0
7.98000, 350.0
7.98500, 346.0
7.99000, 392.0
7.99500, 340.0
8.00000, 348.0
8.00500, 349.0
8.01000, 376.0
8.01500, 353.0
8.02000, 332.0
8.02500, 347.0
8.03000, 358.0
8.03500, 362.0
8.04000, 364.0
8.04500, 358.0
8.05000, 368.0
8.05500, 362.0
8.06000, 356.0
8.06500, 344.0
8.07000, 358.0
8.07500, 364.0
8.08000, 366.0
8.08500, 347.0
8.09000, 339.0
8.09500, 347.0
8.10000, 354.0
8.10500, 356.0
8.11000, 348.0
8.11500, 350.0
8.12000, 354.0
8.12500, 359.0
8.13000, 337.0
8.13500, 343.0
8.14000, 361.0
8.14500, 354.0
8.15000, 351.0
8.15500, 363.0
8.16000, 350.0
8.16500, 336.0
8.17000, 324.0
8.17500, 355.0
8.18000, 350.0
8.18500, 352.0
8.19000, 346.0
8.19500, 346.0
8.20000, 322.0
8.20500, 340.0
8.21000, 371.0
8.21500, 345.0
8.22000, 324.0
8.22500, 341.0
8.23000, 370.0
8.23500, 371.0
8.24000, 375.0
8.24500, 338.0
8.25000, 339.0
8.25500, 354.0
8.26000, 328.0
8.26500, 346.0
8.27000, 333.0
8.27500, 330.0
8.28000, 336.0
8.28500, 357.0
8.29000, 356.0
8.29500, 355.0
8.30000, 350.0
8.30500, 335.0
8.31000, 340.0
8.31500, 355.0
8.32000, 320.0
8.32500, 320.0
8.33000, 365.0
8.33500, 369.0
8.34000, 349.0
8.34500, 339.0
8.35000, 329.0
8.35500, 339.0
8.36000, 356.0
8.36500, 344.0
8.37000, 358.0
8.37500, 358.0
8.38000, 352.0
8.38500, 339.0
8.39000, 321.0
8.39500, 317.0
8.40000, 335.0
8.40500, 332.0
8.41000, 329.0
8.41500, 336.0
8.42000, 343.0
8.42500, 349.0
8.43000, 355.0
8.43500, 336.0
8.44000, 358.0
8.44500, 349.0
8.45000, 335.0
8.45500, 344.0
8.46000, 346.0
8.46500, 355.0
8.47000, 345.0
8.47500, 339.0
8.48000, 338.0
8.48500, 330.0
8.49000, 349.0
8.49500, 330.0
8.50000, 320.0
8.50500, 319.0
8.51000, 327.0
8.51500, 325.0
8.52000, 338.0
8.52500, 319.0
8.53000, 299.0
8.53500, 324.0
8.54000, 331.0
8.54500, 317.0
8.55000, 325.0
8.55500, 344.0
8.56000, 345.0
8.56500, 335.0
8.57000, 318.0
8.57500, 314.0
8.58000, 321.0
8.58500, 336.0
8.59000, 329.0
8.59500, 318.0
8.60000, 310.0
8.60500, 350.0
8.61000, 326.0
8.61500, 311.0
8.62000, 309.0
8.62500, 315.0
8.63000, 314.0
8.63500, 303.0
8.64000, 320.0
8.64500, 307.0
8.65000, 292.0
8.65500, 321.0
8.66000, 343.0
8.66500, 322.0
8.67000, 295.0
8.67500, 299.0
8.68000, 316.0
8.68500, 326.0
8.69000, 297.0
8.69500, 292.0
8.70000, 308.0
8.70500, 325.0
8.71000, 319.0
8.71500, 298.0
8.72000, 321.0
8.72500, 329.0
8.73000, 323.0
8.73500, 323.0
8.74000, 320.0
8.74500, 340.0
8.75000, 338.0
8.75500, 319.0
8.76000, 325.0
8.76500, 326.0
8.77000, 313.0
8.77500, 306.0
8.78000, 303.0
8.78500, 311.0
8.79000, 323.0
8.79500, 316.0
8.80000, 312.0
8.80500, 304.0
8.81000, 301.0
8.81500, 302.0
8.82000, 305.0
8.82500, 332.0
8.83000, 328.0
8.83500, 291.0
8.84000, 302.0
8.84500, 313.0
8.85000, 306.0
8.85500, 327.0
8.86000, 332.0
8.86500, 325.0
8.87000, 314.0
8.87500, 294.0
8.88000, 309.0
8.88500, 320.0
8.89000, 295.0
8.89500, 291.0
8.90000, 296.0
8.90500, 306.0
8.91000, 317.0
8.91500, 311.0
8.92000, 324.0
8.92500, 337.0
8.93000, 322.0
8.93500, 310.0
8.94000, 333.0
8.94500, 336.0
8.95000, 313.0
8.95500, 308.0
8.96000, 319.0
8.96500, 309.0
8.97000, 298.0
8.97500, 297.0
8.98000, 297.0
8.98500, 307.0
8.99000, 317.0
8.99500, 320.0
9.00000, 313.0
9.00500, 309.0
9.01000, 326.0
9.01500, 314.0
9.02000, 306.0
9.02500, 298.0
9.03000, 300.0
9.03500, 300.0
9.04000, 285.0
9.04500, 315.0
9.05000, 313.0
9.05500, 290.0
9.06000, 300.0
9.06500, 295.0
9.07000, 288.0
9.07500, 300.0
9.08000, 310.0
9.08500, 293.0
9.09000, 289.0
9.09500, 320.0
9.10000, 312.0
9.10500, 291.0
9.11000, 300.0
9.11500, 284.0
9.12000, 280.0
9.12500, 295.0
9.13000, 302.0
9.13500, 301.0
9.14000, 297.0
9.14500, 294.0
9.15000, 306.0
9.15500, 306.0
9.16000, 304.0
9.16500, 301.0
9.17000, 292.0
9.17500, 283.0
9.18000, 274.0
9.18500, 314.0
9.19000, 317.0
9.19500, 297.0
9.20000, 299.0
9.20500, 283.0
9.21000, 278.0
9.21500, 297.0
9.22000, 291.0
9.22500, 289.0
9.23000, 321.0
9.23500, 304.0
9.24000, 292.0
9.24500, 302.0
9.25000, 293.0
9.25500, 290.0
9.26000, 287.0
9.26500, 286.0
9.27000, 286.0
9.27500, 285.0
9.28000, 291.0
9.28500, 296.0
9.29000, 285.0
9.29500, 285.0
9.30000, 288.0
9.30500, 288.0
9.31000, 297.0
9.31500, 302.0
9.32000, 305.0
9.32500, 294.0
9.33000, 304.0
9.33500, 305.0
9.34000, 275.0
9.34500, 276.0
9.35000, 289.0
9.35500, 282.0
9.36000, 285.0
9.36500, 282.0
9.37000, 264.0
9.37500, 264.0
9.38000, 280.0
9.38500, 292.0
9.39000, 291.0
9.39500, 289.0
9.40000, 293.0
9.40500, 298.0
9.41000, 282.0
9.41500, 264.0
9.42000, 284.0
9.42500, 304.0
9.43000, 291.0
9.43500, 279.0
9.44000, 284.0
9.44500, 283.0
9.45000, 269.0
9.45500, 289.0
9.46000, 300.0
9.46500, 291.0
9.47000, 280.0
9.47500, 273.0
9.48000, 285.0
9.48500, 276.0
9.49000, 278.0
9.49500, 284.0
9.50000, 294.0
9.50500, 306.0
9.51000, 293.0
9.51500, 273.0
9.52000, 267.0
9.52500, 281.0
9.53000, 282.0
9.53500, 279.0
9.54000, 284.0
9.54500, 283.0
9.55000, 282.0
9.55500, 277.0
9.56000, 268.0
9.56500, 265.0
9.57000, 269.0
9.57500, 266.0
9.58000, 270.0
9.58500, 277.0
9.59000, 277.0
9.59500, 278.0
9.60000, 264.0
9.60500, 264.0
9.61000, 265.0
9.61500, 261.0
9.62000, 268.0
9.62500, 269.0
9.63000, 264.0
9.63500, 262.0
9.64000, 257.0
9.64500, 252.0
9.65000, 267.0
9.65500, 278.0
9.66000, 275.0
9.66500, 268.0
9.67000, 277.0
9.67500, 265.0
9.68000, 246.0
9.68500, 276.0
9.69000, 282.0
9.69500, 268.0
9.70000, 273.0
9.70500, 267.0
9.71000, 261.0
9.71500, 256.0
9.72000, 240.0
9.72500, 257.0
9.73000, 278.0
9.73500, 272.0
9.74000, 264.0
9.74500, 274.0
9.75000, 265.0
9.75500, 251.0
9.76000, 266.0
9.76500, 271.0
9.77000, 267.0
9.77500, 253.0
9.78000, 257.0
9.78500, 264.0
9.79000, 249.0
9.79500, 256.0
9.80000, 253.0
9.80500, 252.0
9.81000, 263.0
9.81500, 261.0
9.82000, 268.0
9.82500, 259.0
9.83000, 255.0
9.83500, 268.0
9.84000, 255.0
9.84500, 247.0
9.85000, 251.0
9.85500, 260.0
9.86000, 247.0
9.86500, 254.0
9.87000, 266.0
9.87500, 264.0
9.88000, 282.0
9.88500, 263.0
9.89000, 258.0
9.89500, 266.0
9.90000, 257.0
9.90500, 255.0
9.91000, 266.0
9.91500, 282.0
9.92000, 286.0
9.92500, 269.0
9.93000, 258.0
9.93500, 253.0
9.94000, 265.0
9.94500, 276.0
9.95000, 263.0
9.95500, 264.0
9.96000, 280.0
9.96500, 264.0
9.97000, 246.0
9.97500, 243.0
9.98000, 255.0
9.98500, 275.0
9.99000, 264.0
9.99500, 244.0
10.00000, 255.0
10.00500, 262.0
10.01000, 268.0
10.01500, 260.0
10.02000, 254.0
10.02500, 261.0
10.03000, 266.0
10.03500, 260.0
10.04000, 246.0
10.04500, 238.0
10.05000, 239.0
10.05500, 248.0
10.06000, 253.0
10.06500, 252.0
10.07000, 243.0
10.07500, 250.0
10.08000, 261.0
10.08500, 261.0
10.09000, 256.0
10.09500, 253.0
10.10000, 254.0
10.10500, 256.0
10.11000, 240.0
10.11500, 236.0
10.12000, 255.0
10.12500, 257.0
10.13000, 247.0
10.13500, 256.0
10.14000, 245.0
10.14500, 231.0
10.15000, 252.0
10.15500, 264.0
10.16000, 260.0
10.16500, 241.0
10.17000, 244.0
10.17500, 262.0
10.18000, 244.0
10.18500, 230.0
10.19000, 256.0
10.19500, 258.0
10.20000, 230.0
10.20500, 232.0
10.21000, 236.0
10.21500, 233.0
10.22000, 240.0
10.22500, 257.0
10.23000, 248.0
10.23500, 227.0
10.24000, 245.0
10.24500, 254.0
10.25000, 265.0
10.25500, 251.0
10.26000, 236.0
10.26500, 230.0
10.27000, 238.0
10.27500, 240.0
10.28000, 260.0
10.28500, 254.0
10.29000, 243.0
10.29500, 249.0
10.30000, 248.0
10.30500, 232.0
10.31000, 245.0
10.31500, 253.0
10.32000, 242.0
10.32500, 227.0
10.33000, 239.0
10.33500, 243.0
10.34000, 225.0
10.34500, 236.0
10.35000, 230.0
10.35500, 239.0
10.36000, 240.0
10.36500, 219.0
10.37000, 245.0
10.37500, 238.0
10.38000, 227.0
10.38500, 246.0
10.39000, 239.0
10.39500, 242.0
10.40000, 243.0
10.40500, 243.0
10.41000, 234.0
10.41500, 239.0
10.42000, 219.0
10.42500, 218.0
10.43000, 226.0
10.43500, 226.0
10.44000, 233.0
10.44500, 230.0
10.45000, 244.0
10.45500, 242.0
10.46000, 223.0
10.46500, 232.0
10.47000, 228.0
10.47500, 232.0
10.48000, 242.0
10.48500, 219.0
10.49000, 214.0
10.49500, 229.0
10.50000, 230.0
10.50500, 229.0
10.51000, 225.0
10.51500, 241.0
10.52000, 229.0
10.52500, 226.0
10.53000, 214.0
10.53500, 227.0
10.54000, 239.0
10.54500, 225.0
10.55000, 214.0
10.55500, 219.0
10.56000, 227.0
10.56500, 240.0
10.57000, 226.0
10.57500, 211.0
10.58000, 222.0
10.58500, 224.0
10.59000, 206.0
10.59500, 218.0
10.60000, 225.0
10.60500, 225.0
10.61000, 224.0
10.61500, 227.0
10.62000, 214.0
10.62500, 211.0
10.63000, 214.0
10.63500, 205.0
10.64000, 213.0
10.64500, 221.0
10.65000, 230.0
10.65500, 224.0
10.66000, 221.0
10.66500, 220.0
10.67000, 222.0
10.67500, 217.0
10.68000, 216.0
10.68500, 208.0
10.69000, 209.0
10.69500, 233.0
10.70000, 217.0
10.70500, 208.0
10.71000, 221.0
10.71500, 236.0
10.72000, 250.0
10.72500, 226.0
10.73000, 219.0
10.73500, 219.0
10.74000, 222.0
10.74500, 226.0
10.75000, 225.0
10.75500, 210.0
10.76000, 218.0
10.76500, 212.0
10.77000, 224.0
10.77500, 221.0
10.78000, 196.0
10.78500, 216.0
10.79000, 236.0
10.79500, 211.0
10.80000, 210.0
10.80500, 214.0
10.81000, 212.0
10.81500, 217.0
10.82000, 218.0
10.82500, 222.0
10.83000, 214.0
10.83500, 231.0
10.84000, 232.0
10.84500, 218.0
10.85000, 220.0
10.85500, 209.0
10.86000, 210.0
10.86500, 208.0
10.87000, 219.0
10.87500, 205.0
10.88000, 204.0
10.88500, 226.0
10.89000, 215.0
10.89500, 202.0
10.90000, 205.0
10.90500, 216.0
10.91000, 223.0
10.91500, 207.0
10.92000, 219.0
10.92500, 214.0
10.93000, 199.0
10.93500, 199.0
10.94000, 207.0
10.94500, 206.0
10.95000, 205.0
10.95500, 209.0
10.96000, 209.0
10.96500, 198.0
10.97000, 209.0
10.97500, 191.0
10.98000, 206.0
10.98500, 197.0
10.99000, 198.0
10.99500, 216.0
11.00000, 199.0
11.00500, 218.0
11.01000, 191.0
11.01500, 200.0
11.02000, 202.0
11.02500, 182.0
11.03000, 210.0
11.03500, 183.0
11.04000, 188.0
11.04500, 221.0
11.05000, 208.0
11.05500, 203.0
11.06000, 215.0
11.06500, 225.0
11.07000, 213.0
11.07500, 211.0
11.08000, 200.0
11.08500, 191.0
11.09000, 207.0
11.09500, 213.0
11.10000, 205.0
11.10500, 189.0
11.11000, 193.0
11.11500, 202.0
11.12000, 201.0
11.12500, 183.0
11.13000, 181.0
11.13500, 208.0
11.14000, 225.0
11.14500, 190.0
11.15000, 205.0
11.15500, 212.0
11.16000, 195.0
11.16500, 191.0
11.17000, 204.0
11.17500, 177.0
11.18000, 197.0
11.18500, 196.0
11.19000, 189.0
11.19500, 201.0
11.20000, 203.0
11.20500, 197.0
11.21000, 199.0
11.21500, 202.0
11.22000, 184.0
11.22500, 187.0
11.23000, 187.0
11.23500, 185.0
11.24000, 203.0
11.24500, 208.0
11.25000, 185.0
11.25500, 172.0
11.26000, 182.0
11.26500, 195.0
11.27000, 191.0
11.27500, 195.0
11.28000, 176.0
11.28500, 174.0
11.29000, 198.0
11.29500, 172.0
11.30000, 194.0
11.30500, 220.0
11.31000, 198.0
11.31500, 189.0
11.32000, 198.0
11.32500, 200.0
11.33000, 200.0
11.33500, 198.0
11.34000, 211.0
11.34500, 194.0
11.35000, 193.0
11.35500, 206.0
11.36000, 217.0
11.36500, 203.0
11.37000, 186.0
11.37500, 183.0
11.38000, 174.0
11.38500, 182.0
11.39000, 179.0
11.39500, 184.0
11.40000, 203.0
11.40500, 200.0
11.41000, 180.0
11.41500, 197.0
11.42000, 177.0
11.42500, 180.0
11.43000, 174.0
11.43500, 198.0
11.44000, 210.0
11.44500, 170.0
11.45000, 223.0
11.45500, 212.0
11.46000, 188.0
11.46500, 170.0
11.47000, 186.0
11.47500, 165.0
11.48000, 178.0
11.48500, 208.0
11.49000, 204.0
11.49500, 199.0
11.50000, 183.0
11.50500, 176.0
11.51000, 182.0
11.51500, 188.0
11.52000, 173.0
11.52500, 167.0
11.53000, 166.0
11.53500, 172.0
11.54000, 189.0
11.54500, 199.0
11.55000, 194.0
11.55500, 183.0
11.56000, 180.0
11.56500, 177.0
11.57000, 187.0
11.57500, 167.0
11.58000, 187.0
11.58500, 181.0
11.59000, 184.0
11.59500, 177.0
11.60000, 178.0
11.60500, 190.0
11.61000, 194.0
11.61500, 184.0
11.62000, 206.0
11.62500, 228.0
11.63000, 219.0
11.63500, 219.0
11.64000, 215.0
11.64500, 240.0
11.65000, 243.0
11.65500, 223.0
11.66000, 235.0
11.66500, 257.0
11.67000, 277.0
11.67500, 276.0
11.68000, 280.0
11.68500, 297.0
11.69000, 285.0
11.69500, 309.0
11.70000, 343.0
11.70500, 351.0
11.71000, 375.0
11.71500, 369.0
11.72000, 397.0
11.72500, 406.0
11.73000, 437.0
11.73500, 470.0
11.74000, 432.0
11.74500, 441.0
11.75000, 466.0
11.75500, 465.0
11.76000, 464.0
11.76500, 535.0
11.77000, 509.0
11.77500, 527.0
11.78000, 512.0
11.78500, 530.0
11.79000, 517.0
11.79500, 529.0
11.80000, 543.0
11.80500, 500.0
11.81000, 503.0
11.81500, 511.0
11.82000, 542.0
11.82500, 507.0
11.83000, 494.0
11.83500, 486.0
11.84000, 462.0
11.84500, 458.0
11.85000, 441.0
11.85500, 431.0
11.86000, 426.0
11.86500, 394.0
11.87000, 380.0
11.87500, 391.0
11.88000, 352.0
11.88500, 321.0
11.89000, 301.0
11.89500, 318.0
11.90000, 305.0
11.90500, 260.0
11.91000, 301.0
11.91500, 285.0
11.92000, 235.0
11.92500, 258.0
11.93000, 257.0
11.93500, 237.0
11.94000, 218.0
11.94500, 196.0
11.95000, 200.0
11.95500, 215.0
11.96000, 196.0
11.96500, 182.0
11.97000, 198.0
11.97500, 150.0
11.98000, 170.0
11.98500, 185.0
11.99000, 200.0
11.99500, 158.0
12.00000, 165.0
12.00500, 169.0
12.01000, 192.0
12.01500, 181.0
12.02000, 169.0
12.02500, 177.0
12.03000, 154.0
12.03500, 173.0
12.04000, 154.0
12.04500, 175.0
12.05000, 177.0
12.05500, 176.0
12.06000, 158.0
12.06500, 170.0
12.07000, 168.0
12.07500, 155.0
12.08000, 168.0
12.08500, 159.0
12.09000, 170.0
12.09500, 141.0
12.10000, 155.0
12.10500, 151.0
12.11000, 150.0
12.11500, 182.0
12.12000, 161.0
12.12500, 184.0
12.13000, 158.0
12.13500, 135.0
12.14000, 140.0
12.14500, 150.0
12.15000, 166.0
12.15500, 171.0
12.16000, 153.0
12.16500, 160.0
12.17000, 182.0
12.17500, 169.0
12.18000, 158.0
12.18500, 171.0
12.19000, 154.0
12.19500, 157.0
12.20000, 169.0
12.20500, 166.0
12.21000, 160.0
12.21500, 156.0
12.22000, 171.0
12.22500, 160.0
12.23000, 181.0
12.23500, 153.0
12.24000, 148.0
12.24500, 173.0
12.25000, 187.0
12.25500, 168.0
12.26000, 173.0
12.26500, 200.0
12.27000, 188.0
12.27500, 193.0
12.28000, 195.0
12.28500, 184.0
12.29000, 170.0
12.29500, 214.0
12.30000, 174.0
12.30500, 199.0
12.31000, 204.0
12.31500, 199.0
12.32000, 221.0
12.32500, 213.0
12.33000, 219.0
12.33500, 247.0
12.34000, 207.0
12.34500, 242.0
12.35000, 243.0
12.35500, 221.0
12.36000, 235.0
12.36500, 247.0
12.37000, 254.0
12.37500, 239.0
12.38000, 241.0
12.38500, 242.0
12.39000, 252.0
12.39500, 260.0
12.40000, 249.0
12.40500, 226.0
12.41000, 255.0
12.41500, 271.0
12.42000, 276.0
12.42500, 237.0
12.43000, 233.0
12.43500, 211.0
12.44000, 242.0
12.44500, 229.0
12.45000, 216.0
12.45500, 201.0
12.46000, 213.0
12.46500, 218.0
12.47000, 204.0
12.47500, 210.0
12.48000, 171.0
12.48500, 172.0
12.49000, 184.0
12.49500, 141.0
12.50000, 172.0
12.50500, 195.0
12.51000, 174.0
12.51500, 158.0
12.52000, 173.0
12.52500, 169.0
12.53000, 172.0
12.53500, 156.0
12.54000, 150.0
12.54500, 136.0
12.55000, 138.0
12.55500, 167.0
12.56000, 172.0
12.56500, 158.0
12.57000, 152.0
12.57500, 145.0
12.58000, 145.0
12.58500, 147.0
12.59000, 120.0
12.59500, 137.0
12.60000, 130.0
12.60500, 136.0
12.61000, 137.0
12.61500, 141.0
12.62000, 136.0
12.62500, 131.0
12.63000, 137.0
12.63500, 141.0
12.64000, 138.0
12.64500, 146.0
12.65000, 131.0
12.65500, 129.0
12.66000, 124.0
12.66500, 139.0
12.67000, 133.0
12.67500, 150.0
12.68000, 143.0
12.68500, 143.0
12.69000, 145.0
12.69500, 130.0
12.70000, 156.0
12.70500, 140.0
12.71000, 159.0
12.71500, 144.0
12.72000, 105.0
12.72500, 137.0
12.73000, 134.0
12.73500, 157.0
12.74000, 121.0
12.74500, 115.0
12.75000, 121.0
12.75500, 130.0
12.76000, 129.0
12.76500, 135.0
12.77000, 130.0
12.77500, 118.0
12.78000, 113.0
12.78500, 133.0
12.79000, 119.0
12.79500, 132.0
12.80000, 124.0
12.80500, 134.0
12.81000, 120.0
12.81500, 116.0
12.82000, 126.0
12.82500, 135.0
12.83000, 134.0
12.83500, 134.0
12.84000, 150.0
12.84500, 123.0
12.85000, 134.0
12.85500, 137.0
12.86000, 142.0
12.86500, 137.0
12.87000, 136.0
12.87500, 138.0
12.88000, 134.0
12.88500, 128.0
12.89000, 131.0
12.89500, 107.0
12.90000, 133.0
12.90500, 126.0
12.91000, 136.0
12.91500, 128.0
12.92000, 130.0
12.92500, 134.0
12.93000, 132.0
12.93500, 125.0
12.94000, 117.0
12.94500, 135.0
12.95000, 133.0
12.95500, 142.0
12.96000, 117.0
12.96500, 142.0
12.97000, 129.0
12.97500, 139.0
12.98000, 116.0
12.98500, 116.0
12.99000, 119.0
12.99500, 111.0
13.00000, 127.0
13.00500, 138.0
13.01000, 128.0
13.01500, 123.0
13.02000, 141.0
13.02500, 118.0
13.03000, 132.0
13.03500, 113.0
13.04000, 119.0
13.04500, 136.0
13.05000, 128.0
13.05500, 135.0
13.06000, 102.0
13.06500, 112.0
13.07000, 119.0
13.07500, 111.0
13.08000, 106.0
13.08500, 122.0
13.09000, 124.0
13.09500, 109.0
13.10000, 117.0
13.10500, 114.0
13.11000, 129.0
13.11500, 137.0
13.12000, 108.0
13.12500, 131.0
13.13000, 137.0
13.13500, 116.0
13.14000, 115.0
13.14500, 118.0
13.15000, 121.0
13.15500, 111.0
13.16000, 105.0
13.16500, 115.0
13.17000, 118.0
13.17500, 116.0
13.18000, 105.0
13.18500, 116.0
13.19000, 111.0
13.19500, 98.0
13.20000, 121.0
13.20500, 122.0
13.21000, 105.0
13.21500, 127.0
13.22000, 109.0
13.22500, 105.0
13.23000, 115.0
13.23500, 118.0
13.24000, 117.0
13.24500, 124.0
13.25000, 99.0
13.25500, 104.0
13.26000, 142.0
13.26500, 116.0
13.27000, 99.0
13.27500, 98.0
13.28000, 96.0
13.28500, 102.0
13.29000, 118.0
13.29500, 129.0
13.30000, 109.0
13.30500, 136.0
13.31000, 105.0
13.31500, 120.0
13.32000, 105.0
13.32500, 113.0
13.33000, 117.0
13.33500, 128.0
13.34000, 104.0
13.34500, 113.0
13.35000, 104.0
13.35500, 104.0
13.36000, 101.0
13.36500, 101.0
13.37000, 108.0
13.37500, 94.0
13.38000, 111.0
13.38500, 105.0
13.39000, 116.0
13.39500, 109.0
13.40000, 104.0
13.40500, 116.0
13.41000, 130.0
13.41500, 104.0
13.42000, 99.0
13.42500, 108.0
13.43000, 125.0
13.43500, 95.0
13.44000, 121.0
13.44500, 117.0
13.45000, 120.0
13.45500, 101.0
13.46000, 110.0
13.46500, 112.0
13.47000, 116.0
13.47500, 101.0
13.48000, 106.0
13.48500, 91.0
13.49000, 105.0
13.49500, 107.0
13.50000, 115.0
13.50500, 97.0
13.51000, 109.0
13.51500, 98.0
13.52000, 96.0
13.52500, 99.0
13.53000, 112.0
13.53500, 116.0
13.54000, 103.0
13.54500, 121.0
13.55000, 92.0
13.55500, 110.0
13.56000, 103.0
13.56500, 104.0
13.57000, 107.0
13.57500, 99.0
13.58000, 106.0
13.58500, 102.0
13.59000, 89.0
13.59500, 123.0
13.60000, 94.0
13.60500, 91.0
13.61000, 102.0
13.61500, 101.0
13.62000, 101.0
13.62500, 110.0
13.63000, 89.0
13.63500, 88.0
13.64000, 93.0
13.64500, 92.0
13.65000, 106.0
13.65500, 119.0
13.66000, 95.0
13.66500, 93.0
13.67000, 93.0
13.67500, 94.0
13.68000, 102.0
13.68500, 100.0
13.69000, 109.0
13.69500, 105.0
13.70000, 95.0
13.70500, 95.0
13.71000, 92.0
13.71500, 100.0
13.72000, 98.0
13.72500, 108.0
13.73000, 92.0
13.73500, 101.0
13.74000, 97.0
13.74500, 91.0
13.75000, 98.0
13.75500, 100.0
13.76000, 95.0
13.76500, 96.0
13.77000, 98.0
13.77500, 96.0
13.78000, 99.0
13.78500, 106.0
13.79000, 90.0
13.79500, 104.0
13.80000, 101.0
13.80500, 79.0
13.81000, 91.0
13.81500, 103.0
13.82000, 96.0
13.82500, 99.0
13.83000, 108.0
13.83500, 97.0
13.84000, 89.0
13.84500, 91.0
13.85000, 80.0
13.85500, 93.0
13.86000, 94.0
13.86500, 92.0
13.87000, 79.0
13.87500, 83.0
13.88000, 101.0
13.88500, 93.0
13.89000, 89.0
13.89500, 102.0
13.90000, 91.0
13.90500, 98.0
13.91000, 105.0
13.91500, 83.0
13.92000, 99.0
13.92500, 113.0
13.93000, 105.0
13.93500, 85.0
13.94000, 92.0
13.94500, 84.0
13.95000, 78.0
13.95500, 95.0
13.96000, 101.0
13.96500, 92.0
13.97000, 95.0
13.97500, 111.0
13.98000, 93.0
13.98500, 92.0
13.99000, 92.0
13.99500, 99.0
14.00000, 85.0
14.00500, 87.0
14.01000, 94.0
14.01500, 93.0
14.02000, 101.0
14.02500, 91.0
14.03000, 79.0
14.03500, 85.0
14.04000, 88.0
14.04500, 92.0
14.05000, 97.0
14.05500, 96.0
14.06000, 98.0
14.06500, 82.0
14.07000, 80.0
14.07500, 102.0
14.08000, 99.0
14.08500, 90.0
14.09000, 95.0
14.09500, 96.0
14.10000, 91.0
14.10500, 89.0
14.11000, 94.0
14.11500, 84.0
14.12000, 82.0
14.12500, 77.0
14.13000, 91.0
14.13500, 83.0
14.14000, 90.0
14.14500, 89.0
14.15000, 99.0
14.15500, 90.0
14.16000, 86.0
14.16500, 91.0
14.17000, 91.0
14.17500, 109.0
14.18000, 87.0
14.18500, 80.0
14.19000, 72.0
14.19500, 76.0
14.20000, 93.0
14.20500, 85.0
14.21000, 86.0
14.21500, 87.0
14.22000, 85.0
14.22500, 92.0
14.23000, 85.0
14.23500, 87.0
14.24000, 90.0
14.24500, 91.0
14.25000, 87.0
14.25500, 94.0
14.26000, 77.0
14.26500, 74.0
14.27000, 77.0
14.27500, 82.0
14.28000, 85.0
14.28500, 93.0
14.29000, 81.0
14.29500, 79.0
14.30000, 85.0
14.30500, 82.0
14.31000, 94.0
14.31500, 91.0
14.32000, 92.0
14.32500, 69.0
14.33000, 77.0
14.33500, 83.0
14.34000, 82.0
14.34500, 83.0
14.35000, 84.0
14.35500, 78.0
14.36000, 87.0
14.36500, 84.0
14.37000, 89.0
14.37500, 98.0
14.38000, 103.0
14.38500, 96.0
14.39000, 91.0
14.39500, 87.0
14.40000, 83.0
14.40500, 86.0
14.41000, 76.0
14.41500, 79.0
14.42000, 83.0
14.42500, 86.0
14.43000, 80.0
14.43500, 71.0
14.44000, 65.0
14.44500, 68.0
14.45000, 69.0
14.45500, 68.0
14.46000, 71.0
14.46500, 82.0
14.47000, 90.0
14.47500, 93.0
14.48000, 73.0
14.48500, 76.0
14.49000, 85.0
14.49500, 79.0
14.50000, 73.0
14.50500, 81.0
14.51000, 87.0
14.51500, 84.0
14.52000, 72.0
14.52500, 77.0
14.53000, 76.0
14.53500, 72.0
14.54000, 81.0
14.54500, 82.0
14.55000, 75.0
14.55500, 67.0
14.56000, 76.0
14.56500, 80.0
14.57000, 67.0
14.57500, 73.0
14.58000, 99.0
14.58500, 80.0
14.59000, 83.0
14.59500, 92.0
14.60000, 82.0
14.60500, 88.0
14.61000, 80.0
14.61500, 75.0
14.62000, 72.0
14.62500, 77.0
14.63000, 81.0
14.63500, 76.0
14.64000, 80.0
14.64500, 83.0
14.65000, 63.0
14.65500, 64.0
14.66000, 75.0
14.66500, 78.0
14.67000, 70.0
14.67500, 65.0
14.68000, 76.0
14.68500, 76.0
14.69000, 75.0
14.69500, 76.0
14.70000, 73.0
14.70500, 76.0
14.71000, 77.0
14.71500, 77.0
14.72000, 74.0
14.72500, 70.0
14.73000, 63.0
14.73500, 60.0
14.74000, 79.0
14.74500, 79.0
14.75000, 76.0
14.75500, 80.0
14.76000, 80.0
14.76500, 69.0
14.77000, 80.0
14.77500, 82.0
14.78000, 74.0
14.78500, 74.0
14.79000, 77.0
14.79500, 75.0
14.80000, 65.0
14.80500, 63.0
14.81000, 68.0
14.81500, 68.0
14.82000, 74.0
14.82500, 69.0
14.83000, 61.0
14.83500, 57.0
14.84000, 68.0
14.84500, 66.0
14.85000, 82.0
14.85500, 81.0
14.86000, 62.0
14.86500, 58.0
14.87000, 68.0
14.87500, 77.0
14.88000, 68.0
14.88500, 73.0
14.89000, 71.0
14.89500, 69.0
14.90000, 61.0
14.90500, 74.0
14.91000, 72.0
14.91500, 49.0
14.92000, 51.0
14.92500, 63.0
14.93000, 61.0
14.93500, 72.0
14.94000, 72.0
14.94500, 67.0
14.95000, 71.0
14.95500, 70.0
14.96000, 64.0
14.96500, 69.0
14.97000, 74.0
14.97500, 65.0
14.98000, 64.0
14.98500, 70.0
14.99000, 67.0
14.99500, 66.0
15.00000, 66.0
15.00500, 77.0
15.01000, 72.0
15.01500, 65.0
15.02000, 66.0
15.02500, 68.0
15.03000, 73.0
15.03500, 56.0
15.04000, 53.0
15.04500, 60.0
15.05000, 72.0
15.05500, 70.0
15.06000, 66.0
15.06500, 66.0
15.07000, 59.0
15.07500, 67.0
15.08000, 75.0
15.08500, 63.0
15.09000, 55.0
15.09500, 62.0
15.10000, 65.0
15.10500, 60.0
15.11000, 67.0
15.11500, 68.0
15.12000, 67.0
15.12500, 63.0
15.13000, 61.0
15.13500, 63.0
15.14000, 58.0
15.14500, 64.0
15.15000, 60.0
15.15500, 59.0
15.16000, 66.0
15.16500, 65.0
15.17000, 61.0
15.17500, 63.0
15.18000, 56.0
15.18500, 60.0
15.19000, 56.0
15.19500, 55.0
15.20000, 53.0
15.20500, 48.0
15.21000, 56.0
15.21500, 66.0
15.22000, 69.0
15.22500, 60.0
15.23000, 64.0
15.23500, 51.0
15.24000, 48.0
15.24500, 55.0
15.25000, 50.0
15.25500, 50.0
15.26000, 62.0
15.26500, 60.0
15.27000, 64.0
15.27500, 66.0
15.28000, 63.0
15.28500, 55.0
15.29000, 61.0
15.29500, 59.0
15.30000, 57.0
15.30500, 62.0
15.31000, 65.0
15.31500, 64.0
15.32000, 62.0
15.32500, 69.0
15.33000, 62.0
15.33500, 61.0
15.34000, 63.0
15.34500, 70.0
15.35000, 64.0
15.35500, 61.0
15.36000, 52.0
15.36500, 51.0
15.37000, 60.0
15.37500, 69.0
15.38000, 64.0
15.38500, 49.0
15.39000, 52.0
15.39500, 59.0
15.40000, 55.0
15.40500, 55.0
15.41000, 56.0
15.41500, 54.0
15.42000, 53.0
15.42500, 56.0
15.43000, 51.0
15.43500, 52.0
15.44000, 53.0
15.44500, 61.0
15.45000, 61.0
15.45500, 57.0
15.46000, 61.0
15.46500, 64.0
15.47000, 58.0
15.47500, 50.0
15.48000, 52.0
15.48500, 63.0
15.49000, 60.0
15.49500, 60.0
15.50000, 68.0
15.50500, 67.0
15.51000, 59.0
15.51500, 56.0
15.52000, 51.0
15.52500, 53.0
15.53000, 58.0
15.53500, 53.0
15.54000, 54.0
15.54500, 57.0
15.55000, 52.0
15.55500, 52.0
15.56000, 51.0
15.56500, 56.0
15.57000, 50.0
15.57500, 48.0
15.58000, 57.0
15.58500, 54.0
15.59000, 53.0
15.59500, 59.0
15.60000, 60.0
15.60500, 61.0
15.61000, 62.0
15.61500, 59.0
15.62000, 59.0
15.62500, 56.0
15.63000, 51.0
15.63500, 48.0
15.64000, 49.0
15.64500, 51.0
15.65000, 55.0
15.65500, 56.0
15.66000, 50.0
15.66500, 44.0
15.67000, 49.0
15.67500, 54.0
15.68000, 54.0
15.68500, 48.0
15.69000, 48.0
15.69500, 58.0
15.70000, 59.0
15.70500, 50.0
15.71000, 48.0
15.71500, 50.0
15.72000, 42.0
15.72500, 48.0
15.73000, 53.0
15.73500, 46.0
15.74000, 48.0
15.74500, 50.0
15.75000, 45.0
15.75500, 45.0
15.76000, 41.0
15.76500, 45.0
15.77000, 55.0
15.77500, 57.0
15.78000, 53.0
15.78500, 43.0
15.79000, 41.0
15.79500, 42.0
15.80000, 38.0
15.80500, 41.0
15.81000, 45.0
15.81500, 48.0
15.82000, 53.0
15.82500, 48.0
15.83000, 38.0
15.83500, 44.0
15.84000, 53.0
15.84500, 55.0
15.85000, 51.0
15.85500, 45.0
15.86000, 50.0
15.86500, 50.0
15.87000, 54.0
15.87500, 58.0
15.88000, 46.0
15.88500, 39.0
15.89000, 50.0
15.89500, 57.0
15.90000, 54.0
15.90500, 53.0
15.91000, 49.0
15.91500, 54.0
15.92000, 55.0
15.92500, 52.0
15.93000, 48.0
15.93500, 38.0
15.94000, 49.0
15.94500, 54.0
15.95000, 47.0
15.95500, 51.0
15.96000, 59.0
15.96500, 55.0
15.97000, 46.0
15.97500, 51.0
15.98000, 42.0
15.98500, 42.0
15.99000, 54.0
15.99500, 49.0
16.00000, 47.0
16.00500, 47.0
16.01000, 37.0
16.01500, 35.0
16.02000, 44.0
16.02500, 48.0
16.03000, 37.0
16.03500, 30.0
16.04000, 39.0
16.04500, 43.0
16.05000, 44.0
16.05500, 45.0
16.06000, 42.0
16.06500, 45.0
16.07000, 44.0
16.07500, 41.0
16.08000, 38.0
16.08500, 40.0
16.09000, 46.0
16.09500, 45.0
16.10000, 43.0
16.10500, 43.0
16.11000, 46.0
16.11500, 43.0
16.12000, 42.0
16.12500, 42.0
16.13000, 40.0
16.13500, 42.0
16.14000, 43.0
16.14500, 45.0
16.15000, 42.0
16.15500, 39.0
16.16000, 44.0
16.16500, 39.0
16.17000, 41.0
16.17500, 44.0
16.18000, 42.0
16.18500, 37.0
16.19000, 35.0
16.19500, 41.0
16.20000, 42.0
16.20500, 43.0
16.21000, 40.0
16.21500, 42.0
16.22000, 41.0
16.22500, 41.0
16.23000, 39.0
16.23500, 42.0
16.24000, 41.0
16.24500, 43.0
16.25000, 46.0
16.25500, 39.0
16.26000, 37.0
16.26500, 38.0
16.27000, 40.0
16.27500, 38.0
16.28000, 40.0
16.28500, 46.0
16.29000, 44.0
16.29500, 42.0
16.30000, 38.0
16.30500, 42.0
16.31000, 42.0
16.31500, 43.0
16.32000, 39.0
16.32500, 36.0
16.33000, 40.0
16.33500, 46.0
16.34000, 37.0
16.34500, 34.0
16.35000, 44.0
16.35500, 45.0
16.36000, 43.0
16.36500, 40.0
16.37000, 39.0
16.37500, 48.0
16.38000, 51.0
16.38500, 43.0
16.39000, 39.0
16.39500, 38.0
16.40000, 43.0
16.40500, 40.0
16.41000, 41.0
16.41500, 36.0
16.42000, 42.0
16.42500, 39.0
16.43000, 40.0
16.43500, 41.0
16.44000, 42.0
16.44500, 42.0
16.45000, 34.0
16.45500, 38.0
16.46000, 45.0
16.46500, 44.0
16.47000, 39.0
16.47500, 40.0
16.48000, 40.0
16.48500, 36.0
16.49000, 41.0
16.49500, 41.0
16.50000, 40.0
16.50500, 43.0
16.51000, 43.0
16.51500, 40.0
16.52000, 38.0
16.52500, 37.0
16.53000, 39.0
16.53500, 42.0
16.54000, 35.0
16.54500, 29.0
16.55000, 28.0
16.55500, 31.0
16.56000, 33.0
16.56500, 35.0
16.57000, 36.0
16.57500, 40.0
16.58000, 39.0
16.58500, 35.0
16.59000, 33.0
16.59500, 31.0
16.60000, 36.0
16.60500, 40.0
16.61000, 41.0
16.61500, 39.0
16.62000, 38.0
16.62500, 45.0
16.63000, 42.0
16.63500, 35.0
16.64000, 36.0
16.64500, 39.0
16.65000, 38.0
16.65500, 40.0
16.66000, 40.0
16.66500, 35.0
16.67000, 46.0
16.67500, 47.0
16.68000, 38.0
16.68500, 34.0
16.69000, 36.0
16.69500, 30.0
16.70000, 38.0
16.70500, 37.0
16.71000, 34.0
16.71500, 33.0
16.72000, 32.0
16.72500, 36.0
16.73000, 34.0
16.73500, 28.0
16.74000, 31.0
16.74500, 28.0
16.75000, 31.0
16.75500, 31.0
16.76000, 34.0
16.76500, 35.0
16.77000, 37.0
16.77500, 35.0
16.78000, 34.0
16.78500, 36.0
16.79000, 40.0
16.79500, 40.0
16.80000, 34.0
16.80500, 35.0
16.81000, 40.0
16.81500, 39.0
16.82000, 35.0
16.82500, 32.0
16.83000, 30.0
16.83500, 32.0
16.84000, 36.0
16.84500, 36.0
16.85000, 30.0
16.85500, 33.0
16.86000, 26.0
16.86500, 27.0
16.87000, 23.0
16.87500, 25.0
16.88000, 32.0
16.88500, 38.0
16.89000, 32.0
16.89500, 27.0
16.90000, 28.0
16.90500, 39.0
16.91000, 31.0
16.91500, 25.0
16.92000, 30.0
16.92500, 30.0
16.93000, 31.0
16.93500, 32.0
16.94000, 33.0
16.94500, 36.0
16.95000, 35.0
16.95500, 35.0
16.96000, 35.0
16.96500, 29.0
16.97000, 31.0
16.97500, 35.0
16.98000, 31.0
16.98500, 29.0
16.99000, 26.0
16.99500, 35.0
17.00000, 31.0
17.00500, 24.0
17.01000, 34.0
17.01500, 29.0
17.02000, 26.0
17.02500, 33.0
17.03000, 35.0
17.03500, 38.0
17.04000, 31.0
17.04500, 33.0
17.05000, 26.0
17.05500, 28.0
17.06000, 23.0
17.06500, 31.0
17.07000, 27.0
17.07500, 28.0
17.08000, 24.0
17.08500, 31.0
17.09000, 33.0
17.09500, 34.0
17.10000, 32.0
17.10500, 33.0
17.11000, 30.0
17.11500, 29.0
17.12000, 29.0
17.12500, 37.0
17.13000, 31.0
17.13500, 23.0
17.14000, 27.0
17.14500, 25.0
17.15000, 24.0
17.15500, 25.0
17.16000, 27.0
17.16500, 23.0
17.17000, 28.0
17.17500, 32.0
17.18000, 32.0
17.18500, 25.0
17.19000, 25.0
17.19500, 21.0
17.20000, 28.0
17.20500, 33.0
17.21000, 27.0
17.21500, 22.0
17.22000, 28.0
17.22500, 20.0
17.23000, 27.0
17.23500, 28.0
17.24000, 23.0
17.24500, 26.0
17.25000, 28.0
17.25500, 37.0
17.26000, 27.0
17.26500, 30.0
17.27000, 31.0
17.27500, 30.0
17.28000, 23.0
17.28500, 25.0
17.29000, 30.0
17.29500, 34.0
17.30000, 28.0
17.30500, 33.0
17.31000, 28.0
17.31500, 23.0
17.32000, 28.0
17.32500, 29.0
17.33000, 26.0
17.33500, 26.0
17.34000, 26.0
17.34500, 30.0
17.35000, 30.0
17.35500, 26.0
17.36000, 28.0
17.36500, 28.0
17.37000, 23.0
17.37500, 23.0
17.38000, 21.0
17.38500, 27.0
17.39000, 31.0
17.39500, 26.0
17.40000, 24.0
17.40500, 19.0
17.41000, 28.0
17.41500, 33.0
17.42000, 30.0
17.42500, 25.0
17.43000, 23.0
17.43500, 21.0
17.44000, 28.0
17.44500, 24.0
17.45000, 19.0
17.45500, 28.0
17.46000, 30.0
17.46500, 32.0
17.47000, 21.0
17.47500, 18.0
17.48000, 24.0
17.48500, 25.0
17.49000, 22.0
17.49500, 23.0
17.50000, 16.0
17.50500, 21.0
17.51000, 23.0
17.51500, 22.0
17.52000, 19.0
17.52500, 20.0
17.53000, 30.0
17.53500, 25.0
17.54000, 20.0
17.54500, 28.0
17.55000, 21.0
17.55500, 21.0
17.56000, 21.0
17.56500, 27.0
17.57000, 24.0
17.57500, 21.0
17.58000, 23.0
17.58500, 22.0
17.59000, 24.0
17.59500, 26.0
17.60000, 32.0
17.60500, 26.0
17.61000, 27.0
17.61500, 29.0
17.62000, 26.0
17.62500, 21.0
17.63000, 19.0
17.63500, 23.0
17.64000, 28.0
17.64500, 29.0
17.65000, 30.0
17.65500, 25.0
17.66000, 24.0
17.66500, 26.0
17.67000, 28.0
17.67500, 31.0
17.68000, 20.0
17.68500, 28.0
17.69000, 25.0
17.69500, 25.0
17.70000, 22.0
17.70500, 22.0
17.71000, 28.0
17.71500, 20.0
17.72000, 24.0
17.72500, 22.0
17.73000, 27.0
17.73500, 24.0
17.74000, 22.0
17.74500, 27.0
17.75000, 30.0
17.75500, 28.0
17.76000, 24.0
17.76500, 18.0
17.77000, 27.0
17.77500, 29.0
17.78000, 17.0
17.78500, 14.0
17.79000, 14.0
17.79500, 18.0
17.80000, 22.0
17.80500, 15.0
17.81000, 17.0
17.81500, 18.0
17.82000, 19.0
17.82500, 20.0
17.83000, 17.0
17.83500, 17.0
17.84000, 21.0
17.84500, 27.0
17.85000, 18.0
17.85500, 23.0
17.86000, 26.0
17.86500, 13.0
17.87000, 14.0
17.87500, 19.0
17.88000, 18.0
17.88500, 18.0
17.89000, 12.0
17.89500, 19.0
17.90000, 14.0
17.90500, 19.0
17.91000, 25.0
17.91500, 16.0
17.92000, 17.0
17.92500, 23.0
17.93000, 24.0
17.93500, 18.0
17.94000, 12.0
17.94500, 17.0
17.95000, 13.0
17.95500, 23.0
17.96000, 21.0
17.96500, 19.0
17.97000, 19.0
17.97500, 15.0
17.98000, 16.0
17.98500, 12.0
17.99000, 15.0
17.99500, 15.0
18.00000, 19.0
18.00500, 22.0
18.01000, 22.0
18.01500, 21.0
18.02000, 23.0
18.02500, 16.0
18.03000, 20.0
18.03500, 12.0
18.04000, 16.0
18.04500, 24.0
18.05000, 21.0
18.05500, 18.0
18.06000, 18.0
18.06500, 21.0
18.07000, 15.0
18.07500, 20.0
18.08000, 18.0
18.08500, 20.0
18.09000, 15.0
18.09500, 9.0
18.10000, 18.0
18.10500, 17.0
18.11000, 15.0
18.11500, 21.0
18.12000, 17.0
18.12500, 11.0
18.13000, 23.0
18.13500, 21.0
18.14000, 23.0
18.14500, 15.0
18.15000, 18.0
18.15500, 17.0
18.16000, 21.0
18.16500, 17.0
18.17000, 12.0
18.17500, 15.0
18.18000, 16.0
18.18500, 15.0
18.19000, 19.0
18.19500, 17.0
18.20000, 15.0
18.20500, 22.0
18.21000, 13.0
18.21500, 15.0
18.22000, 13.0
18.22500, 14.0
18.23000, 16.0
18.23500, 17.0
18.24000, 15.0
18.24500, 23.0
18.25000, 25.0
18.25500, 21.0
18.26000, 24.0
18.26500, 22.0
18.27000, 20.0
18.27500, 17.0
18.28000, 20.0
18.28500, 15.0
18.29000, 16.0
18.29500, 17.0
18.30000, 22.0
18.30500, 17.0
18.31000, 17.0
18.31500, 23.0
18.32000, 14.0
18.32500, 15.0
18.33000, 18.0
18.33500, 23.0
18.34000, 13.0
18.34500, 15.0
18.35000, 18.0
18.35500, 21.0
18.36000, 16.0
18.36500, 15.0
18.37000, 15.0
18.37500, 22.0
18.38000, 13.0
18.38500, 14.0
18.39000, 13.0
18.39500, 13.0
18.40000, 18.0
18.40500, 17.0
18.41000, 11.0
18.41500, 13.0
18.42000, 16.0
18.42500, 15.0
18.43000, 15.0
18.43500, 15.0
18.44000, 13.0
18.44500, 13.0
18.45000, 18.0
18.45500, 15.0
18.46000, 10.0
18.46500, 11.0
18.47000, 17.0
18.47500, 10.0
18.48000, 14.0
18.48500, 16.0
18.49000, 11.0
18.49500, 14.0
18.50000, 17.0
18.50500, 15.0
18.51000, 10.0
18.51500, 12.0
18.52000, 18.0
18.52500, 12.0
18.53000, 18.0
18.53500, 12.0
18.54000, 18.0
18.54500, 14.0
18.55000, 10.0
18.55500, 11.0
18.56000, 16.0
18.56500, 16.0
18.57000, 14.0
18.57500, 10.0
18.58000, 13.0
18.58500, 13.0
18.59000, 18.0
18.59500, 9.0
18.60000, 10.0
18.60500, 11.0
18.61000, 14.0
18.61500, 5.0
18.62000, 9.0
18.62500, 11.0
18.63000, 17.0
18.63500, 12.0
18.64000, 12.0
18.64500, 12.0
18.65000, 13.0
18.65500, 17.0
18.66000, 13.0
18.66500, 10.0
18.67000, 12.0
18.67500, 16.0
18.68000, 11.0
18.68500, 14.0
18.69000, 14.0
18.69500, 11.0
18.70000, 20.0
18.70500, 19.0
18.71000, 11.0
18.71500, 12.0
18.72000, 10.0
18.72500, 14.0
18.73000, 22.0
18.73500, 11.0
18.74000, 8.0
18.74500, 9.0
18.75000, 11.0
18.75500, 10.0
18.76000, 16.0
18.76500, 10.0
18.77000, 6.0
18.77500, 16.0
18.78000, 11.0
18.78500, 13.0
18.79000, 7.0
18.79500, 15.0
18.80000, 19.0
18.80500, 13.0
18.81000, 14.0
18.81500, 11.0
18.82000, 10.0
18.82500, 20.0
18.83000, 8.0
18.83500, 13.0
18.84000, 10.0
18.84500, 10.0
18.85000, 6.0
18.85500, 17.0
18.86000, 16.0
18.86500, 12.0
18.87000, 12.0
18.87500, 10.0
18.88000, 9.0
18.88500, 9.0
18.89000, 8.0
18.89500, 7.0
18.90000, 6.0
18.90500, 10.0
18.91000, 8.0
18.91500, 14.0
18.92000, 13.0
18.92500, 9.0
18.93000, 13.0
18.93500, 11.0
18.94000, 11.0
18.94500, 8.0
18.95000, 8.0
18.95500, 12.0
18.96000, 9.0
18.96500, 9.0
18.97000, 12.0
18.97500, 6.0
18.98000, 6.0
18.98500, 6.0
18.99000, 8.0
18.99500, 9.0
19.00000, 19.0
19.00500, 12.0
19.01000, 13.0
19.01500, 7.0
19.02000, 4.0
19.02500, 12.0
19.03000, 9.0
19.03500, 7.0
19.04000, 10.0
19.04500, 12.0
19.05000, 5.0
19.05500, 10.0
19.06000, 6.0
19.06500, 4.0
19.07000, 11.0
19.07500, 5.0
19.08000, 10.0
19.08500, 8.0
19.09000, 14.0
19.09500, 11.0
19.10000, 4.0
19.10500, 6.0
19.11000, 12.0
19.11500, 9.0
19.12000, 9.0
19.12500, 11.0
19.13000, 11.0
19.13500, 9.0
19.14000, 13.0
19.14500, 6.0
19.15000, 2.0
19.15500, 7.0
19.16000, 9.0
19.16500, 6.0
19.17000, 6.0
19.17500, 11.0
19.18000, 10.0
19.18500, 4.0
19.19000, 7.0
19.19500, 5.0
19.20000, 6.0
19.20500, 7.0
19.21000, 8.0
19.21500, 2.0
19.22000, 4.0
19.22500, 7.0
19.23000, 7.0
19.23500, 8.0
19.24000, 10.0
19.24500, 9.0
19.25000, 7.0
19.25500, 11.0
19.26000, 6.0
19.26500, 3.0
19.27000, 9.0
19.27500, 4.0
19.28000, 9.0
19.28500, 9.0
19.29000, 11.0
19.29500, 8.0
19.30000, 8.0
19.30500, 6.0
19.31000, 11.0
19.31500, 9.0
19.32000, 5.0
19.32500, 6.0
19.33000, 2.0
19.33500, 4.0
19.34000, 7.0
19.34500, 7.0
19.35000, 5.0
19.35500, 8.0
19.36000, 11.0
19.36500, 6.0
19.37000, 3.0
19.37500, 10.0
19.38000, 11.0
19.38500, 8.0
19.39000, 8.0
19.39500, 13.0
19.40000, 7.0
19.40500, 9.0
19.41000, 7.0
19.41500, 6.0
19.42000, 4.0
19.42500, 5.0
19.43000, 9.0
19.43500, 9.0
19.44000, 3.0
19.44500, 8.0
19.45000, 5.0
19.45500, 4.0
19.46000, 4.0
19.46500, 9.0
19.47000, 6.0
19.47500, 7.0
19.48000, 11.0
19.48500, 8.0
19.49000, 7.0
19.49500, 7.0
19.50000, 4.0
19.50500, 6.0
19.51000, 10.0
19.51500, 5.0
19.52000, 9.0
19.52500, 3.0
19.53000, 6.0
19.53500, 9.0
19.54000, 6.0
19.54500, 6.0
19.55000, 1.0
19.55500, 3.0
19.56000, 4.0
19.56500, 4.0
19.57000, 6.0
19.57500, 10.0
19.58000, 5.0
19.58500, 7.0
19.59000, 4.0
19.59500, 6.0
19.60000, 5.0
19.60500, 3.0
19.61000, 5.0
19.61500, 6.0
19.62000, 7.0
19.62500, 6.0
19.63000, 3.0
19.63500, 5.0
19.64000, 3.0
19.64500, 7.0
19.65000, 4.0
19.65500, 7.0
19.66000, 5.0
19.66500, 3.0
19.67000, 4.0
19.67500, 6.0
19.68000, 4.0
19.68500, 6.0
19.69000, 5.0
19.69500, 8.0
19.70000, 4.0
19.70500, 4.0
19.71000, 8.0
19.71500, 4.0
19.72000, 3.0
19.72500, 3.0
19.73000, 3.0
19.73500, 5.0
19.74000, 4.0
19.74500, 4.0
19.75000, 8.0
19.75500, 5.0
19.76000, 3.0
19.76500, 3.0
19.77000, 1.0
19.77500, 4.0
19.78000, 4.0
19.78500, 5.0
19.79000, 6.0
19.79500, 5.0
19.80000, 5.0
19.80500, 5.0
19.81000, 4.0
19.81500, 0.0
19.82000, 4.0
19.82500, 4.0
19.83000, 7.0
19.83500, 4.0
19.84000, 5.0
19.84500, 2.0
19.85000, 3.0
19.85500, 5.0
19.86000, 1.0
19.86500, 3.0
19.87000, 1.0
19.87500, 2.0
19.88000, 1.0
19.88500, 6.0
19.89000, 4.0
19.89500, 3.0
19.90000, 2.0
19.90500, 1.0
19.91000, 4.0
19.91500, 2.0
19.92000, 4.0
19.92500, 4.0
19.93000, 1.0
19.93500, 4.0
19.94000, 2.0
19.94500, 1.0
19.95000, 1.0
19.95500, 1.0
19.96000, 2.0
19.96500, 2.0
19.97000, 1.0
19.97500, 2.0
19.98000, 0.0
19.98500, 2.0
19.99000, 2.0
19.99500, 3.0
20.00000, 3.0
20.00500, 1.0
20.01000, 1.0
20.01500, 4.0
20.02000, 2.0
20.02500, 3.0
20.03000, 4.0
20.03500, 2.0
20.04000, 4.0
20.04500, 4.0
20.05000, 2.0
20.05500, 4.0
20.06000, 5.0
20.06500, 2.0
20.07000, 3.0
20.07500, 3.0
20.08000, 4.0
20.08500, 1.0
20.09000, 5.0
20.09500, 3.0
20.10000, 2.0
20.10500, 3.0
20.11000, 4.0
20.11500, 3.0
20.12000, 3.0
20.12500, 1.0
20.13000, 2.0
20.13500, 2.0
20.14000, 1.0
20.14500, 1.0
20.15000, 3.0
20.15500, 1.0
20.16000, 1.0
20.16500, 3.0
20.17000, 1.0
20.17500, 4.0
20.18000, 2.0
20.18500, 0.0
20.19000, 1.0
20.19500, 4.0
20.20000, 1.0
20.20500, 5.0
20.21000, 2.0
20.21500, 3.0
20.22000, 5.0
20.22500, 4.0
20.23000, 1.0
20.23500, 3.0
20.24000, 4.0
20.24500, 3.0
20.25000, 3.0
20.25500, 1.0
20.26000, 4.0
20.26500, 3.0
20.27000, 1.0
20.27500, 3.0
#ENDOFDATA   : 
