#FORMAT      : EMSA/MAS Spectral Data File
#VERSION     : 1.0
#TITLE       : 2048-10eV-s4-p6
#DATE        : 29-MAY-2014
#TIME        : 14:59
#OWNER       : 
#NPOINTS     : 2048.0
#NCOLUMNS    : 1.0
#XUNITS      : keV
#YUNITS      : counts
#DATATYPE    : XY
#XPERCHAN    : 0.01
#OFFSET      : -0.2
#SIGNALTYPE  : EDS
#CHOFFSET    : 20.0
#LIVETIME    : 100.271186829
#REALTIME    : 141.147888184
#BEAMKV      : 20.0
#PROBECUR    : 0.0
#MAGCAM      : 3500.0
#XTILTSTGE   : 0.0
#AZIMANGLE   : 0.0
#ELEVANGLE   : 35.0
#XPOSITION mm: -3.1130
#YPOSITION mm: 1.3240
#ZPOSITION mm: 5.0130
##OXINSTPT   : 6
##OXINSTSTROB: 34.46
##OXINSTELEMS: 25,6,13
##OXINSTLABEL: 25, 5.899, Mn
##OXINSTLABEL: 25, 6.490, Mn
##OXINSTLABEL: 25, 0.636, Mn
##OXINSTLABEL: 25, 0.567, Mn
##OXINSTLABEL: 6, 0.277, C
##OXINSTLABEL: 13, 1.487, Al
#SPECTRUM    : Spectral Data Starts Here
-0.20000, 0.0
-0.19000, 0.0
-0.18000, 0.0
-0.17000, 0.0
-0.16000, 0.0
-0.15000, 0.0
-0.14000, 0.0
-0.13000, 0.0
-0.12000, 0.0
-0.11000, 0.0
-0.10000, 0.0
-0.09000, 0.0
-0.08000, 0.0
-0.07000, 0.0
-0.06000, 5.0
-0.05000, 24.0
-0.04000, 133.0
-0.03000, 633.0
-0.02000, 1943.0
-0.01000, 4358.0
0.00000, 7054.0
0.01000, 7830.0
0.02000, 6074.0
0.03000, 3402.0
0.04000, 1403.0
0.05000, 454.0
0.06000, 158.0
0.07000, 99.0
0.08000, 110.0
0.09000, 114.0
0.10000, 123.0
0.11000, 120.0
0.12000, 146.0
0.13000, 145.0
0.14000, 130.0
0.15000, 144.0
0.16000, 150.0
0.17000, 157.0
0.18000, 163.0
0.19000, 165.0
0.20000, 182.0
0.21000, 211.0
0.22000, 264.0
0.23000, 371.0
0.24000, 532.0
0.25000, 810.0
0.26000, 1056.0
0.27000, 1312.0
0.28000, 1281.0
0.29000, 998.0
0.30000, 676.0
0.31000, 401.0
0.32000, 248.0
0.33000, 224.0
0.34000, 223.0
0.35000, 244.0
0.36000, 265.0
0.37000, 293.0
0.38000, 334.0
0.39000, 339.0
0.40000, 364.0
0.41000, 422.0
0.42000, 436.0
0.43000, 487.0
0.44000, 555.0
0.45000, 591.0
0.46000, 655.0
0.47000, 766.0
0.48000, 849.0
0.49000, 1048.0
0.50000, 1442.0
0.51000, 2080.0
0.52000, 2919.0
0.53000, 3948.0
0.54000, 5028.0
0.55000, 5845.0
0.56000, 5964.0
0.57000, 5281.0
0.58000, 4509.0
0.59000, 4355.0
0.60000, 5259.0
0.61000, 7449.0
0.62000, 10229.0
0.63000, 12134.0
0.64000, 12294.0
0.65000, 10329.0
0.66000, 7359.0
0.67000, 4456.0
0.68000, 2351.0
0.69000, 1154.0
0.70000, 627.0
0.71000, 425.0
0.72000, 327.0
0.73000, 299.0
0.74000, 268.0
0.75000, 239.0
0.76000, 220.0
0.77000, 194.0
0.78000, 182.0
0.79000, 191.0
0.80000, 206.0
0.81000, 204.0
0.82000, 216.0
0.83000, 221.0
0.84000, 228.0
0.85000, 213.0
0.86000, 199.0
0.87000, 229.0
0.88000, 243.0
0.89000, 245.0
0.90000, 271.0
0.91000, 273.0
0.92000, 263.0
0.93000, 269.0
0.94000, 280.0
0.95000, 269.0
0.96000, 267.0
0.97000, 294.0
0.98000, 301.0
0.99000, 277.0
1.00000, 308.0
1.01000, 329.0
1.02000, 349.0
1.03000, 342.0
1.04000, 329.0
1.05000, 339.0
1.06000, 341.0
1.07000, 345.0
1.08000, 354.0
1.09000, 366.0
1.10000, 345.0
1.11000, 373.0
1.12000, 378.0
1.13000, 381.0
1.14000, 381.0
1.15000, 391.0
1.16000, 426.0
1.17000, 431.0
1.18000, 438.0
1.19000, 440.0
1.20000, 452.0
1.21000, 439.0
1.22000, 453.0
1.23000, 490.0
1.24000, 453.0
1.25000, 472.0
1.26000, 482.0
1.27000, 481.0
1.28000, 499.0
1.29000, 498.0
1.30000, 511.0
1.31000, 494.0
1.32000, 456.0
1.33000, 455.0
1.34000, 496.0
1.35000, 495.0
1.36000, 500.0
1.37000, 528.0
1.38000, 531.0
1.39000, 517.0
1.40000, 529.0
1.41000, 549.0
1.42000, 542.0
1.43000, 542.0
1.44000, 552.0
1.45000, 594.0
1.46000, 618.0
1.47000, 671.0
1.48000, 703.0
1.49000, 712.0
1.50000, 681.0
1.51000, 651.0
1.52000, 631.0
1.53000, 630.0
1.54000, 621.0
1.55000, 600.0
1.56000, 577.0
1.57000, 570.0
1.58000, 586.0
1.59000, 565.0
1.60000, 574.0
1.61000, 572.0
1.62000, 530.0
1.63000, 540.0
1.64000, 558.0
1.65000, 589.0
1.66000, 606.0
1.67000, 602.0
1.68000, 587.0
1.69000, 598.0
1.70000, 612.0
1.71000, 640.0
1.72000, 654.0
1.73000, 659.0
1.74000, 657.0
1.75000, 670.0
1.76000, 637.0
1.77000, 649.0
1.78000, 651.0
1.79000, 644.0
1.80000, 632.0
1.81000, 621.0
1.82000, 625.0
1.83000, 595.0
1.84000, 571.0
1.85000, 594.0
1.86000, 592.0
1.87000, 571.0
1.88000, 584.0
1.89000, 596.0
1.90000, 626.0
1.91000, 619.0
1.92000, 600.0
1.93000, 604.0
1.94000, 603.0
1.95000, 592.0
1.96000, 610.0
1.97000, 600.0
1.98000, 608.0
1.99000, 631.0
2.00000, 640.0
2.01000, 617.0
2.02000, 620.0
2.03000, 633.0
2.04000, 631.0
2.05000, 637.0
2.06000, 639.0
2.07000, 636.0
2.08000, 632.0
2.09000, 624.0
2.10000, 649.0
2.11000, 662.0
2.12000, 624.0
2.13000, 628.0
2.14000, 655.0
2.15000, 661.0
2.16000, 646.0
2.17000, 647.0
2.18000, 618.0
2.19000, 633.0
2.20000, 657.0
2.21000, 661.0
2.22000, 662.0
2.23000, 617.0
2.24000, 594.0
2.25000, 629.0
2.26000, 656.0
2.27000, 648.0
2.28000, 641.0
2.29000, 658.0
2.30000, 662.0
2.31000, 652.0
2.32000, 626.0
2.33000, 627.0
2.34000, 660.0
2.35000, 640.0
2.36000, 649.0
2.37000, 668.0
2.38000, 643.0
2.39000, 616.0
2.40000, 653.0
2.41000, 639.0
2.42000, 604.0
2.43000, 617.0
2.44000, 669.0
2.45000, 663.0
2.46000, 638.0
2.47000, 625.0
2.48000, 627.0
2.49000, 642.0
2.50000, 659.0
2.51000, 640.0
2.52000, 633.0
2.53000, 650.0
2.54000, 667.0
2.55000, 646.0
2.56000, 630.0
2.57000, 640.0
2.58000, 665.0
2.59000, 639.0
2.60000, 595.0
2.61000, 601.0
2.62000, 633.0
2.63000, 619.0
2.64000, 604.0
2.65000, 629.0
2.66000, 630.0
2.67000, 623.0
2.68000, 630.0
2.69000, 639.0
2.70000, 632.0
2.71000, 623.0
2.72000, 634.0
2.73000, 629.0
2.74000, 620.0
2.75000, 616.0
2.76000, 595.0
2.77000, 606.0
2.78000, 624.0
2.79000, 625.0
2.80000, 610.0
2.81000, 621.0
2.82000, 605.0
2.83000, 609.0
2.84000, 636.0
2.85000, 645.0
2.86000, 605.0
2.87000, 574.0
2.88000, 538.0
2.89000, 543.0
2.90000, 581.0
2.91000, 572.0
2.92000, 579.0
2.93000, 562.0
2.94000, 568.0
2.95000, 597.0
2.96000, 584.0
2.97000, 601.0
2.98000, 597.0
2.99000, 587.0
3.00000, 601.0
3.01000, 579.0
3.02000, 575.0
3.03000, 565.0
3.04000, 548.0
3.05000, 561.0
3.06000, 563.0
3.07000, 561.0
3.08000, 586.0
3.09000, 542.0
3.10000, 516.0
3.11000, 555.0
3.12000, 564.0
3.13000, 554.0
3.14000, 549.0
3.15000, 562.0
3.16000, 564.0
3.17000, 558.0
3.18000, 549.0
3.19000, 553.0
3.20000, 577.0
3.21000, 572.0
3.22000, 539.0
3.23000, 543.0
3.24000, 572.0
3.25000, 563.0
3.26000, 539.0
3.27000, 511.0
3.28000, 534.0
3.29000, 567.0
3.30000, 553.0
3.31000, 562.0
3.32000, 546.0
3.33000, 548.0
3.34000, 554.0
3.35000, 540.0
3.36000, 542.0
3.37000, 528.0
3.38000, 511.0
3.39000, 518.0
3.40000, 519.0
3.41000, 498.0
3.42000, 493.0
3.43000, 502.0
3.44000, 511.0
3.45000, 514.0
3.46000, 531.0
3.47000, 553.0
3.48000, 538.0
3.49000, 507.0
3.50000, 505.0
3.51000, 508.0
3.52000, 504.0
3.53000, 511.0
3.54000, 519.0
3.55000, 498.0
3.56000, 483.0
3.57000, 493.0
3.58000, 508.0
3.59000, 491.0
3.60000, 492.0
3.61000, 507.0
3.62000, 498.0
3.63000, 473.0
3.64000, 477.0
3.65000, 484.0
3.66000, 475.0
3.67000, 499.0
3.68000, 481.0
3.69000, 458.0
3.70000, 478.0
3.71000, 493.0
3.72000, 491.0
3.73000, 471.0
3.74000, 464.0
3.75000, 505.0
3.76000, 496.0
3.77000, 470.0
3.78000, 487.0
3.79000, 477.0
3.80000, 482.0
3.81000, 473.0
3.82000, 457.0
3.83000, 481.0
3.84000, 480.0
3.85000, 465.0
3.86000, 471.0
3.87000, 475.0
3.88000, 468.0
3.89000, 475.0
3.90000, 459.0
3.91000, 444.0
3.92000, 465.0
3.93000, 464.0
3.94000, 472.0
3.95000, 471.0
3.96000, 456.0
3.97000, 474.0
3.98000, 466.0
3.99000, 466.0
4.00000, 457.0
4.01000, 441.0
4.02000, 462.0
4.03000, 482.0
4.04000, 465.0
4.05000, 463.0
4.06000, 470.0
4.07000, 467.0
4.08000, 462.0
4.09000, 479.0
4.10000, 508.0
4.11000, 532.0
4.12000, 553.0
4.13000, 537.0
4.14000, 544.0
4.15000, 579.0
4.16000, 574.0
4.17000, 573.0
4.18000, 563.0
4.19000, 529.0
4.20000, 507.0
4.21000, 484.0
4.22000, 478.0
4.23000, 467.0
4.24000, 457.0
4.25000, 446.0
4.26000, 455.0
4.27000, 435.0
4.28000, 414.0
4.29000, 419.0
4.30000, 420.0
4.31000, 413.0
4.32000, 425.0
4.33000, 427.0
4.34000, 408.0
4.35000, 400.0
4.36000, 402.0
4.37000, 411.0
4.38000, 423.0
4.39000, 401.0
4.40000, 410.0
4.41000, 434.0
4.42000, 432.0
4.43000, 421.0
4.44000, 425.0
4.45000, 416.0
4.46000, 396.0
4.47000, 401.0
4.48000, 409.0
4.49000, 411.0
4.50000, 400.0
4.51000, 392.0
4.52000, 390.0
4.53000, 380.0
4.54000, 390.0
4.55000, 391.0
4.56000, 397.0
4.57000, 395.0
4.58000, 408.0
4.59000, 410.0
4.60000, 366.0
4.61000, 363.0
4.62000, 361.0
4.63000, 379.0
4.64000, 416.0
4.65000, 393.0
4.66000, 388.0
4.67000, 401.0
4.68000, 385.0
4.69000, 403.0
4.70000, 417.0
4.71000, 407.0
4.72000, 401.0
4.73000, 405.0
4.74000, 420.0
4.75000, 396.0
4.76000, 384.0
4.77000, 383.0
4.78000, 395.0
4.79000, 392.0
4.80000, 384.0
4.81000, 388.0
4.82000, 391.0
4.83000, 382.0
4.84000, 361.0
4.85000, 364.0
4.86000, 366.0
4.87000, 356.0
4.88000, 352.0
4.89000, 363.0
4.90000, 360.0
4.91000, 380.0
4.92000, 380.0
4.93000, 358.0
4.94000, 357.0
4.95000, 362.0
4.96000, 343.0
4.97000, 345.0
4.98000, 348.0
4.99000, 357.0
5.00000, 336.0
5.01000, 342.0
5.02000, 386.0
5.03000, 363.0
5.04000, 361.0
5.05000, 365.0
5.06000, 338.0
5.07000, 336.0
5.08000, 352.0
5.09000, 326.0
5.10000, 335.0
5.11000, 362.0
5.12000, 351.0
5.13000, 344.0
5.14000, 321.0
5.15000, 314.0
5.16000, 318.0
5.17000, 344.0
5.18000, 371.0
5.19000, 335.0
5.20000, 336.0
5.21000, 366.0
5.22000, 329.0
5.23000, 325.0
5.24000, 317.0
5.25000, 308.0
5.26000, 347.0
5.27000, 344.0
5.28000, 318.0
5.29000, 318.0
5.30000, 348.0
5.31000, 335.0
5.32000, 327.0
5.33000, 299.0
5.34000, 308.0
5.35000, 314.0
5.36000, 353.0
5.37000, 340.0
5.38000, 322.0
5.39000, 319.0
5.40000, 330.0
5.41000, 320.0
5.42000, 312.0
5.43000, 302.0
5.44000, 303.0
5.45000, 311.0
5.46000, 318.0
5.47000, 312.0
5.48000, 308.0
5.49000, 324.0
5.50000, 339.0
5.51000, 325.0
5.52000, 325.0
5.53000, 342.0
5.54000, 325.0
5.55000, 313.0
5.56000, 311.0
5.57000, 325.0
5.58000, 319.0
5.59000, 330.0
5.60000, 337.0
5.61000, 343.0
5.62000, 331.0
5.63000, 343.0
5.64000, 354.0
5.65000, 356.0
5.66000, 373.0
5.67000, 373.0
5.68000, 381.0
5.69000, 370.0
5.70000, 408.0
5.71000, 443.0
5.72000, 503.0
5.73000, 584.0
5.74000, 753.0
5.75000, 1023.0
5.76000, 1406.0
5.77000, 2036.0
5.78000, 2940.0
5.79000, 4161.0
5.80000, 5821.0
5.81000, 8003.0
5.82000, 10667.0
5.83000, 13600.0
5.84000, 16724.0
5.85000, 20137.0
5.86000, 23480.0
5.87000, 26107.0
5.88000, 28390.0
5.89000, 29634.0
5.90000, 29689.0
5.91000, 28843.0
5.92000, 27369.0
5.93000, 24670.0
5.94000, 21793.0
5.95000, 18463.0
5.96000, 15092.0
5.97000, 11960.0
5.98000, 9145.0
5.99000, 6749.0
6.00000, 4866.0
6.01000, 3444.0
6.02000, 2443.0
6.03000, 1624.0
6.04000, 1134.0
6.05000, 815.0
6.06000, 597.0
6.07000, 497.0
6.08000, 404.0
6.09000, 360.0
6.10000, 321.0
6.11000, 318.0
6.12000, 327.0
6.13000, 311.0
6.14000, 301.0
6.15000, 302.0
6.16000, 310.0
6.17000, 301.0
6.18000, 306.0
6.19000, 318.0
6.20000, 306.0
6.21000, 322.0
6.22000, 299.0
6.23000, 290.0
6.24000, 302.0
6.25000, 326.0
6.26000, 333.0
6.27000, 335.0
6.28000, 325.0
6.29000, 327.0
6.30000, 362.0
6.31000, 369.0
6.32000, 382.0
6.33000, 431.0
6.34000, 482.0
6.35000, 509.0
6.36000, 611.0
6.37000, 760.0
6.38000, 910.0
6.39000, 1147.0
6.40000, 1413.0
6.41000, 1706.0
6.42000, 2070.0
6.43000, 2417.0
6.44000, 2758.0
6.45000, 3228.0
6.46000, 3555.0
6.47000, 3789.0
6.48000, 4067.0
6.49000, 4010.0
6.50000, 3906.0
6.51000, 3746.0
6.52000, 3482.0
6.53000, 3111.0
6.54000, 2703.0
6.55000, 2343.0
6.56000, 1957.0
6.57000, 1579.0
6.58000, 1269.0
6.59000, 951.0
6.60000, 761.0
6.61000, 597.0
6.62000, 468.0
6.63000, 376.0
6.64000, 296.0
6.65000, 278.0
6.66000, 231.0
6.67000, 209.0
6.68000, 199.0
6.69000, 202.0
6.70000, 186.0
6.71000, 182.0
6.72000, 180.0
6.73000, 183.0
6.74000, 188.0
6.75000, 166.0
6.76000, 180.0
6.77000, 193.0
6.78000, 175.0
6.79000, 176.0
6.80000, 164.0
6.81000, 176.0
6.82000, 178.0
6.83000, 189.0
6.84000, 199.0
6.85000, 193.0
6.86000, 182.0
6.87000, 176.0
6.88000, 190.0
6.89000, 178.0
6.90000, 181.0
6.91000, 171.0
6.92000, 170.0
6.93000, 184.0
6.94000, 182.0
6.95000, 169.0
6.96000, 169.0
6.97000, 180.0
6.98000, 177.0
6.99000, 182.0
7.00000, 173.0
7.01000, 180.0
7.02000, 189.0
7.03000, 177.0
7.04000, 180.0
7.05000, 171.0
7.06000, 185.0
7.07000, 158.0
7.08000, 148.0
7.09000, 150.0
7.10000, 168.0
7.11000, 167.0
7.12000, 194.0
7.13000, 177.0
7.14000, 179.0
7.15000, 169.0
7.16000, 167.0
7.17000, 175.0
7.18000, 176.0
7.19000, 178.0
7.20000, 177.0
7.21000, 175.0
7.22000, 179.0
7.23000, 163.0
7.24000, 184.0
7.25000, 181.0
7.26000, 181.0
7.27000, 181.0
7.28000, 172.0
7.29000, 193.0
7.30000, 164.0
7.31000, 162.0
7.32000, 176.0
7.33000, 166.0
7.34000, 161.0
7.35000, 174.0
7.36000, 188.0
7.37000, 174.0
7.38000, 156.0
7.39000, 157.0
7.40000, 169.0
7.41000, 170.0
7.42000, 175.0
7.43000, 148.0
7.44000, 163.0
7.45000, 153.0
7.46000, 166.0
7.47000, 162.0
7.48000, 162.0
7.49000, 173.0
7.50000, 169.0
7.51000, 172.0
7.52000, 157.0
7.53000, 166.0
7.54000, 170.0
7.55000, 149.0
7.56000, 160.0
7.57000, 171.0
7.58000, 157.0
7.59000, 155.0
7.60000, 161.0
7.61000, 169.0
7.62000, 157.0
7.63000, 179.0
7.64000, 174.0
7.65000, 170.0
7.66000, 185.0
7.67000, 162.0
7.68000, 159.0
7.69000, 152.0
7.70000, 168.0
7.71000, 171.0
7.72000, 153.0
7.73000, 171.0
7.74000, 173.0
7.75000, 166.0
7.76000, 166.0
7.77000, 197.0
7.78000, 168.0
7.79000, 152.0
7.80000, 140.0
7.81000, 166.0
7.82000, 139.0
7.83000, 152.0
7.84000, 143.0
7.85000, 159.0
7.86000, 178.0
7.87000, 164.0
7.88000, 167.0
7.89000, 140.0
7.90000, 158.0
7.91000, 136.0
7.92000, 157.0
7.93000, 150.0
7.94000, 154.0
7.95000, 163.0
7.96000, 158.0
7.97000, 145.0
7.98000, 144.0
7.99000, 154.0
8.00000, 151.0
8.01000, 151.0
8.02000, 154.0
8.03000, 149.0
8.04000, 161.0
8.05000, 172.0
8.06000, 154.0
8.07000, 141.0
8.08000, 143.0
8.09000, 142.0
8.10000, 144.0
8.11000, 159.0
8.12000, 173.0
8.13000, 132.0
8.14000, 155.0
8.15000, 145.0
8.16000, 149.0
8.17000, 158.0
8.18000, 156.0
8.19000, 159.0
8.20000, 143.0
8.21000, 155.0
8.22000, 156.0
8.23000, 124.0
8.24000, 131.0
8.25000, 132.0
8.26000, 165.0
8.27000, 162.0
8.28000, 150.0
8.29000, 142.0
8.30000, 132.0
8.31000, 136.0
8.32000, 154.0
8.33000, 131.0
8.34000, 143.0
8.35000, 130.0
8.36000, 143.0
8.37000, 159.0
8.38000, 150.0
8.39000, 136.0
8.40000, 150.0
8.41000, 128.0
8.42000, 135.0
8.43000, 153.0
8.44000, 131.0
8.45000, 144.0
8.46000, 136.0
8.47000, 155.0
8.48000, 129.0
8.49000, 134.0
8.50000, 140.0
8.51000, 148.0
8.52000, 164.0
8.53000, 131.0
8.54000, 144.0
8.55000, 138.0
8.56000, 134.0
8.57000, 152.0
8.58000, 133.0
8.59000, 155.0
8.60000, 144.0
8.61000, 136.0
8.62000, 135.0
8.63000, 149.0
8.64000, 142.0
8.65000, 151.0
8.66000, 133.0
8.67000, 138.0
8.68000, 129.0
8.69000, 140.0
8.70000, 135.0
8.71000, 125.0
8.72000, 153.0
8.73000, 144.0
8.74000, 139.0
8.75000, 133.0
8.76000, 131.0
8.77000, 145.0
8.78000, 153.0
8.79000, 130.0
8.80000, 121.0
8.81000, 130.0
8.82000, 157.0
8.83000, 152.0
8.84000, 150.0
8.85000, 159.0
8.86000, 117.0
8.87000, 133.0
8.88000, 155.0
8.89000, 132.0
8.90000, 136.0
8.91000, 120.0
8.92000, 144.0
8.93000, 137.0
8.94000, 137.0
8.95000, 157.0
8.96000, 135.0
8.97000, 131.0
8.98000, 120.0
8.99000, 157.0
9.00000, 140.0
9.01000, 130.0
9.02000, 148.0
9.03000, 125.0
9.04000, 136.0
9.05000, 117.0
9.06000, 148.0
9.07000, 124.0
9.08000, 129.0
9.09000, 137.0
9.10000, 138.0
9.11000, 126.0
9.12000, 138.0
9.13000, 127.0
9.14000, 131.0
9.15000, 163.0
9.16000, 142.0
9.17000, 123.0
9.18000, 125.0
9.19000, 129.0
9.20000, 115.0
9.21000, 127.0
9.22000, 142.0
9.23000, 107.0
9.24000, 138.0
9.25000, 113.0
9.26000, 133.0
9.27000, 133.0
9.28000, 122.0
9.29000, 138.0
9.30000, 137.0
9.31000, 129.0
9.32000, 133.0
9.33000, 113.0
9.34000, 121.0
9.35000, 124.0
9.36000, 136.0
9.37000, 133.0
9.38000, 114.0
9.39000, 119.0
9.40000, 110.0
9.41000, 120.0
9.42000, 124.0
9.43000, 131.0
9.44000, 121.0
9.45000, 105.0
9.46000, 114.0
9.47000, 124.0
9.48000, 109.0
9.49000, 125.0
9.50000, 125.0
9.51000, 109.0
9.52000, 107.0
9.53000, 124.0
9.54000, 125.0
9.55000, 121.0
9.56000, 116.0
9.57000, 135.0
9.58000, 100.0
9.59000, 118.0
9.60000, 108.0
9.61000, 136.0
9.62000, 111.0
9.63000, 121.0
9.64000, 105.0
9.65000, 119.0
9.66000, 125.0
9.67000, 118.0
9.68000, 122.0
9.69000, 115.0
9.70000, 116.0
9.71000, 111.0
9.72000, 108.0
9.73000, 105.0
9.74000, 125.0
9.75000, 121.0
9.76000, 122.0
9.77000, 118.0
9.78000, 122.0
9.79000, 112.0
9.80000, 122.0
9.81000, 108.0
9.82000, 104.0
9.83000, 137.0
9.84000, 107.0
9.85000, 102.0
9.86000, 109.0
9.87000, 106.0
9.88000, 122.0
9.89000, 106.0
9.90000, 110.0
9.91000, 109.0
9.92000, 113.0
9.93000, 100.0
9.94000, 112.0
9.95000, 116.0
9.96000, 116.0
9.97000, 95.0
9.98000, 97.0
9.99000, 111.0
10.00000, 103.0
10.01000, 99.0
10.02000, 103.0
10.03000, 129.0
10.04000, 98.0
10.05000, 104.0
10.06000, 120.0
10.07000, 106.0
10.08000, 117.0
10.09000, 102.0
10.10000, 112.0
10.11000, 112.0
10.12000, 98.0
10.13000, 93.0
10.14000, 90.0
10.15000, 114.0
10.16000, 112.0
10.17000, 121.0
10.18000, 109.0
10.19000, 98.0
10.20000, 100.0
10.21000, 100.0
10.22000, 112.0
10.23000, 123.0
10.24000, 92.0
10.25000, 119.0
10.26000, 110.0
10.27000, 111.0
10.28000, 100.0
10.29000, 89.0
10.30000, 95.0
10.31000, 106.0
10.32000, 104.0
10.33000, 116.0
10.34000, 105.0
10.35000, 96.0
10.36000, 116.0
10.37000, 106.0
10.38000, 111.0
10.39000, 90.0
10.40000, 98.0
10.41000, 89.0
10.42000, 85.0
10.43000, 107.0
10.44000, 105.0
10.45000, 89.0
10.46000, 102.0
10.47000, 106.0
10.48000, 92.0
10.49000, 90.0
10.50000, 98.0
10.51000, 110.0
10.52000, 105.0
10.53000, 83.0
10.54000, 92.0
10.55000, 100.0
10.56000, 96.0
10.57000, 105.0
10.58000, 106.0
10.59000, 91.0
10.60000, 102.0
10.61000, 81.0
10.62000, 96.0
10.63000, 93.0
10.64000, 94.0
10.65000, 94.0
10.66000, 87.0
10.67000, 104.0
10.68000, 103.0
10.69000, 86.0
10.70000, 98.0
10.71000, 110.0
10.72000, 100.0
10.73000, 93.0
10.74000, 112.0
10.75000, 94.0
10.76000, 108.0
10.77000, 93.0
10.78000, 107.0
10.79000, 94.0
10.80000, 84.0
10.81000, 100.0
10.82000, 85.0
10.83000, 101.0
10.84000, 78.0
10.85000, 88.0
10.86000, 88.0
10.87000, 94.0
10.88000, 78.0
10.89000, 96.0
10.90000, 80.0
10.91000, 78.0
10.92000, 88.0
10.93000, 99.0
10.94000, 98.0
10.95000, 88.0
10.96000, 82.0
10.97000, 73.0
10.98000, 109.0
10.99000, 103.0
11.00000, 83.0
11.01000, 96.0
11.02000, 89.0
11.03000, 74.0
11.04000, 76.0
11.05000, 77.0
11.06000, 81.0
11.07000, 94.0
11.08000, 89.0
11.09000, 94.0
11.10000, 99.0
11.11000, 86.0
11.12000, 86.0
11.13000, 80.0
11.14000, 91.0
11.15000, 89.0
11.16000, 88.0
11.17000, 72.0
11.18000, 83.0
11.19000, 88.0
11.20000, 76.0
11.21000, 90.0
11.22000, 88.0
11.23000, 92.0
11.24000, 92.0
11.25000, 85.0
11.26000, 84.0
11.27000, 87.0
11.28000, 74.0
11.29000, 88.0
11.30000, 85.0
11.31000, 74.0
11.32000, 82.0
11.33000, 72.0
11.34000, 85.0
11.35000, 75.0
11.36000, 80.0
11.37000, 68.0
11.38000, 77.0
11.39000, 82.0
11.40000, 84.0
11.41000, 85.0
11.42000, 76.0
11.43000, 76.0
11.44000, 85.0
11.45000, 77.0
11.46000, 72.0
11.47000, 64.0
11.48000, 86.0
11.49000, 73.0
11.50000, 79.0
11.51000, 76.0
11.52000, 72.0
11.53000, 74.0
11.54000, 89.0
11.55000, 69.0
11.56000, 68.0
11.57000, 68.0
11.58000, 71.0
11.59000, 73.0
11.60000, 80.0
11.61000, 92.0
11.62000, 90.0
11.63000, 77.0
11.64000, 70.0
11.65000, 83.0
11.66000, 81.0
11.67000, 84.0
11.68000, 82.0
11.69000, 85.0
11.70000, 91.0
11.71000, 97.0
11.72000, 106.0
11.73000, 98.0
11.74000, 97.0
11.75000, 104.0
11.76000, 108.0
11.77000, 116.0
11.78000, 110.0
11.79000, 108.0
11.80000, 93.0
11.81000, 101.0
11.82000, 109.0
11.83000, 88.0
11.84000, 107.0
11.85000, 101.0
11.86000, 106.0
11.87000, 101.0
11.88000, 103.0
11.89000, 83.0
11.90000, 86.0
11.91000, 81.0
11.92000, 85.0
11.93000, 92.0
11.94000, 74.0
11.95000, 73.0
11.96000, 80.0
11.97000, 70.0
11.98000, 79.0
11.99000, 86.0
12.00000, 72.0
12.01000, 76.0
12.02000, 61.0
12.03000, 70.0
12.04000, 82.0
12.05000, 69.0
12.06000, 67.0
12.07000, 69.0
12.08000, 72.0
12.09000, 71.0
12.10000, 72.0
12.11000, 61.0
12.12000, 61.0
12.13000, 72.0
12.14000, 70.0
12.15000, 68.0
12.16000, 55.0
12.17000, 61.0
12.18000, 73.0
12.19000, 72.0
12.20000, 69.0
12.21000, 72.0
12.22000, 69.0
12.23000, 74.0
12.24000, 63.0
12.25000, 61.0
12.26000, 72.0
12.27000, 78.0
12.28000, 59.0
12.29000, 64.0
12.30000, 68.0
12.31000, 63.0
12.32000, 77.0
12.33000, 75.0
12.34000, 68.0
12.35000, 74.0
12.36000, 96.0
12.37000, 71.0
12.38000, 69.0
12.39000, 74.0
12.40000, 69.0
12.41000, 75.0
12.42000, 61.0
12.43000, 62.0
12.44000, 77.0
12.45000, 65.0
12.46000, 62.0
12.47000, 57.0
12.48000, 61.0
12.49000, 62.0
12.50000, 51.0
12.51000, 50.0
12.52000, 62.0
12.53000, 63.0
12.54000, 59.0
12.55000, 53.0
12.56000, 70.0
12.57000, 67.0
12.58000, 59.0
12.59000, 56.0
12.60000, 55.0
12.61000, 54.0
12.62000, 49.0
12.63000, 56.0
12.64000, 57.0
12.65000, 69.0
12.66000, 60.0
12.67000, 51.0
12.68000, 58.0
12.69000, 59.0
12.70000, 55.0
12.71000, 52.0
12.72000, 59.0
12.73000, 61.0
12.74000, 58.0
12.75000, 58.0
12.76000, 56.0
12.77000, 47.0
12.78000, 55.0
12.79000, 54.0
12.80000, 48.0
12.81000, 58.0
12.82000, 60.0
12.83000, 63.0
12.84000, 60.0
12.85000, 61.0
12.86000, 57.0
12.87000, 48.0
12.88000, 66.0
12.89000, 58.0
12.90000, 54.0
12.91000, 46.0
12.92000, 57.0
12.93000, 57.0
12.94000, 57.0
12.95000, 63.0
12.96000, 65.0
12.97000, 56.0
12.98000, 47.0
12.99000, 57.0
13.00000, 52.0
13.01000, 57.0
13.02000, 53.0
13.03000, 55.0
13.04000, 50.0
13.05000, 52.0
13.06000, 65.0
13.07000, 56.0
13.08000, 42.0
13.09000, 59.0
13.10000, 48.0
13.11000, 49.0
13.12000, 50.0
13.13000, 53.0
13.14000, 51.0
13.15000, 48.0
13.16000, 44.0
13.17000, 44.0
13.18000, 58.0
13.19000, 53.0
13.20000, 50.0
13.21000, 51.0
13.22000, 54.0
13.23000, 47.0
13.24000, 43.0
13.25000, 44.0
13.26000, 45.0
13.27000, 38.0
13.28000, 40.0
13.29000, 43.0
13.30000, 51.0
13.31000, 54.0
13.32000, 52.0
13.33000, 36.0
13.34000, 38.0
13.35000, 42.0
13.36000, 45.0
13.37000, 48.0
13.38000, 46.0
13.39000, 49.0
13.40000, 45.0
13.41000, 51.0
13.42000, 46.0
13.43000, 47.0
13.44000, 42.0
13.45000, 41.0
13.46000, 43.0
13.47000, 55.0
13.48000, 54.0
13.49000, 51.0
13.50000, 54.0
13.51000, 52.0
13.52000, 49.0
13.53000, 51.0
13.54000, 59.0
13.55000, 57.0
13.56000, 41.0
13.57000, 36.0
13.58000, 40.0
13.59000, 47.0
13.60000, 46.0
13.61000, 36.0
13.62000, 42.0
13.63000, 39.0
13.64000, 37.0
13.65000, 42.0
13.66000, 45.0
13.67000, 44.0
13.68000, 52.0
13.69000, 40.0
13.70000, 52.0
13.71000, 42.0
13.72000, 41.0
13.73000, 43.0
13.74000, 40.0
13.75000, 37.0
13.76000, 39.0
13.77000, 51.0
13.78000, 47.0
13.79000, 45.0
13.80000, 39.0
13.81000, 35.0
13.82000, 48.0
13.83000, 48.0
13.84000, 41.0
13.85000, 40.0
13.86000, 45.0
13.87000, 43.0
13.88000, 42.0
13.89000, 38.0
13.90000, 41.0
13.91000, 47.0
13.92000, 43.0
13.93000, 33.0
13.94000, 35.0
13.95000, 36.0
13.96000, 34.0
13.97000, 35.0
13.98000, 42.0
13.99000, 40.0
14.00000, 39.0
14.01000, 29.0
14.02000, 29.0
14.03000, 37.0
14.04000, 38.0
14.05000, 37.0
14.06000, 42.0
14.07000, 43.0
14.08000, 45.0
14.09000, 44.0
14.10000, 41.0
14.11000, 42.0
14.12000, 49.0
14.13000, 49.0
14.14000, 35.0
14.15000, 32.0
14.16000, 38.0
14.17000, 43.0
14.18000, 32.0
14.19000, 31.0
14.20000, 40.0
14.21000, 41.0
14.22000, 34.0
14.23000, 33.0
14.24000, 36.0
14.25000, 38.0
14.26000, 36.0
14.27000, 33.0
14.28000, 29.0
14.29000, 26.0
14.30000, 30.0
14.31000, 34.0
14.32000, 36.0
14.33000, 39.0
14.34000, 37.0
14.35000, 34.0
14.36000, 37.0
14.37000, 40.0
14.38000, 36.0
14.39000, 34.0
14.40000, 43.0
14.41000, 40.0
14.42000, 30.0
14.43000, 32.0
14.44000, 24.0
14.45000, 26.0
14.46000, 33.0
14.47000, 34.0
14.48000, 33.0
14.49000, 29.0
14.50000, 24.0
14.51000, 24.0
14.52000, 32.0
14.53000, 29.0
14.54000, 27.0
14.55000, 35.0
14.56000, 35.0
14.57000, 33.0
14.58000, 40.0
14.59000, 40.0
14.60000, 29.0
14.61000, 26.0
14.62000, 30.0
14.63000, 34.0
14.64000, 35.0
14.65000, 37.0
14.66000, 35.0
14.67000, 35.0
14.68000, 37.0
14.69000, 36.0
14.70000, 34.0
14.71000, 32.0
14.72000, 33.0
14.73000, 25.0
14.74000, 29.0
14.75000, 35.0
14.76000, 36.0
14.77000, 33.0
14.78000, 32.0
14.79000, 26.0
14.80000, 22.0
14.81000, 24.0
14.82000, 27.0
14.83000, 20.0
14.84000, 25.0
14.85000, 27.0
14.86000, 27.0
14.87000, 25.0
14.88000, 23.0
14.89000, 27.0
14.90000, 36.0
14.91000, 35.0
14.92000, 31.0
14.93000, 27.0
14.94000, 23.0
14.95000, 28.0
14.96000, 30.0
14.97000, 30.0
14.98000, 29.0
14.99000, 31.0
15.00000, 30.0
15.01000, 25.0
15.02000, 23.0
15.03000, 27.0
15.04000, 25.0
15.05000, 27.0
15.06000, 28.0
15.07000, 33.0
15.08000, 35.0
15.09000, 27.0
15.10000, 26.0
15.11000, 29.0
15.12000, 28.0
15.13000, 26.0
15.14000, 27.0
15.15000, 26.0
15.16000, 30.0
15.17000, 30.0
15.18000, 28.0
15.19000, 24.0
15.20000, 24.0
15.21000, 27.0
15.22000, 26.0
15.23000, 21.0
15.24000, 19.0
15.25000, 22.0
15.26000, 20.0
15.27000, 19.0
15.28000, 24.0
15.29000, 25.0
15.30000, 23.0
15.31000, 24.0
15.32000, 28.0
15.33000, 22.0
15.34000, 18.0
15.35000, 23.0
15.36000, 22.0
15.37000, 25.0
15.38000, 27.0
15.39000, 31.0
15.40000, 33.0
15.41000, 28.0
15.42000, 26.0
15.43000, 21.0
15.44000, 23.0
15.45000, 24.0
15.46000, 21.0
15.47000, 25.0
15.48000, 27.0
15.49000, 22.0
15.50000, 19.0
15.51000, 23.0
15.52000, 21.0
15.53000, 26.0
15.54000, 28.0
15.55000, 28.0
15.56000, 25.0
15.57000, 25.0
15.58000, 25.0
15.59000, 23.0
15.60000, 26.0
15.61000, 25.0
15.62000, 22.0
15.63000, 21.0
15.64000, 19.0
15.65000, 21.0
15.66000, 22.0
15.67000, 22.0
15.68000, 21.0
15.69000, 19.0
15.70000, 20.0
15.71000, 18.0
15.72000, 17.0
15.73000, 21.0
15.74000, 22.0
15.75000, 24.0
15.76000, 24.0
15.77000, 21.0
15.78000, 17.0
15.79000, 20.0
15.80000, 27.0
15.81000, 23.0
15.82000, 22.0
15.83000, 27.0
15.84000, 30.0
15.85000, 27.0
15.86000, 20.0
15.87000, 20.0
15.88000, 19.0
15.89000, 18.0
15.90000, 23.0
15.91000, 23.0
15.92000, 19.0
15.93000, 18.0
15.94000, 22.0
15.95000, 24.0
15.96000, 17.0
15.97000, 15.0
15.98000, 18.0
15.99000, 20.0
16.00000, 19.0
16.01000, 18.0
16.02000, 20.0
16.03000, 19.0
16.04000, 18.0
16.05000, 23.0
16.06000, 19.0
16.07000, 13.0
16.08000, 16.0
16.09000, 15.0
16.10000, 17.0
16.11000, 16.0
16.12000, 16.0
16.13000, 21.0
16.14000, 21.0
16.15000, 14.0
16.16000, 13.0
16.17000, 14.0
16.18000, 14.0
16.19000, 20.0
16.20000, 22.0
16.21000, 19.0
16.22000, 18.0
16.23000, 16.0
16.24000, 13.0
16.25000, 12.0
16.26000, 13.0
16.27000, 13.0
16.28000, 14.0
16.29000, 17.0
16.30000, 17.0
16.31000, 14.0
16.32000, 20.0
16.33000, 19.0
16.34000, 15.0
16.35000, 17.0
16.36000, 16.0
16.37000, 17.0
16.38000, 15.0
16.39000, 13.0
16.40000, 13.0
16.41000, 16.0
16.42000, 17.0
16.43000, 14.0
16.44000, 15.0
16.45000, 18.0
16.46000, 17.0
16.47000, 15.0
16.48000, 13.0
16.49000, 16.0
16.50000, 18.0
16.51000, 17.0
16.52000, 17.0
16.53000, 16.0
16.54000, 14.0
16.55000, 14.0
16.56000, 13.0
16.57000, 14.0
16.58000, 13.0
16.59000, 15.0
16.60000, 17.0
16.61000, 17.0
16.62000, 16.0
16.63000, 12.0
16.64000, 11.0
16.65000, 10.0
16.66000, 12.0
16.67000, 19.0
16.68000, 17.0
16.69000, 16.0
16.70000, 17.0
16.71000, 14.0
16.72000, 17.0
16.73000, 16.0
16.74000, 13.0
16.75000, 16.0
16.76000, 14.0
16.77000, 13.0
16.78000, 15.0
16.79000, 15.0
16.80000, 15.0
16.81000, 16.0
16.82000, 12.0
16.83000, 10.0
16.84000, 14.0
16.85000, 13.0
16.86000, 10.0
16.87000, 10.0
16.88000, 13.0
16.89000, 15.0
16.90000, 12.0
16.91000, 11.0
16.92000, 10.0
16.93000, 12.0
16.94000, 13.0
16.95000, 12.0
16.96000, 10.0
16.97000, 9.0
16.98000, 11.0
16.99000, 12.0
17.00000, 13.0
17.01000, 12.0
17.02000, 12.0
17.03000, 17.0
17.04000, 13.0
17.05000, 10.0
17.06000, 9.0
17.07000, 7.0
17.08000, 8.0
17.09000, 7.0
17.10000, 12.0
17.11000, 14.0
17.12000, 11.0
17.13000, 10.0
17.14000, 12.0
17.15000, 13.0
17.16000, 11.0
17.17000, 13.0
17.18000, 12.0
17.19000, 17.0
17.20000, 18.0
17.21000, 14.0
17.22000, 13.0
17.23000, 16.0
17.24000, 12.0
17.25000, 7.0
17.26000, 7.0
17.27000, 10.0
17.28000, 12.0
17.29000, 9.0
17.30000, 10.0
17.31000, 11.0
17.32000, 11.0
17.33000, 7.0
17.34000, 8.0
17.35000, 9.0
17.36000, 7.0
17.37000, 12.0
17.38000, 11.0
17.39000, 13.0
17.40000, 14.0
17.41000, 8.0
17.42000, 12.0
17.43000, 15.0
17.44000, 13.0
17.45000, 10.0
17.46000, 9.0
17.47000, 10.0
17.48000, 9.0
17.49000, 12.0
17.50000, 12.0
17.51000, 7.0
17.52000, 7.0
17.53000, 8.0
17.54000, 11.0
17.55000, 10.0
17.56000, 7.0
17.57000, 10.0
17.58000, 15.0
17.59000, 10.0
17.60000, 9.0
17.61000, 12.0
17.62000, 7.0
17.63000, 11.0
17.64000, 14.0
17.65000, 8.0
17.66000, 8.0
17.67000, 7.0
17.68000, 10.0
17.69000, 11.0
17.70000, 11.0
17.71000, 11.0
17.72000, 9.0
17.73000, 7.0
17.74000, 11.0
17.75000, 9.0
17.76000, 7.0
17.77000, 8.0
17.78000, 6.0
17.79000, 7.0
17.80000, 10.0
17.81000, 10.0
17.82000, 10.0
17.83000, 6.0
17.84000, 6.0
17.85000, 5.0
17.86000, 5.0
17.87000, 7.0
17.88000, 8.0
17.89000, 4.0
17.90000, 4.0
17.91000, 4.0
17.92000, 4.0
17.93000, 6.0
17.94000, 7.0
17.95000, 5.0
17.96000, 7.0
17.97000, 9.0
17.98000, 8.0
17.99000, 9.0
18.00000, 10.0
18.01000, 10.0
18.02000, 10.0
18.03000, 6.0
18.04000, 6.0
18.05000, 5.0
18.06000, 8.0
18.07000, 5.0
18.08000, 7.0
18.09000, 7.0
18.10000, 5.0
18.11000, 4.0
18.12000, 6.0
18.13000, 7.0
18.14000, 4.0
18.15000, 6.0
18.16000, 9.0
18.17000, 8.0
18.18000, 7.0
18.19000, 7.0
18.20000, 8.0
18.21000, 5.0
18.22000, 6.0
18.23000, 7.0
18.24000, 6.0
18.25000, 5.0
18.26000, 6.0
18.27000, 5.0
18.28000, 5.0
18.29000, 4.0
18.30000, 4.0
18.31000, 4.0
18.32000, 6.0
18.33000, 7.0
18.34000, 6.0
18.35000, 5.0
18.36000, 5.0
18.37000, 4.0
18.38000, 3.0
18.39000, 3.0
18.40000, 7.0
18.41000, 8.0
18.42000, 6.0
18.43000, 8.0
18.44000, 6.0
18.45000, 3.0
18.46000, 3.0
18.47000, 4.0
18.48000, 3.0
18.49000, 4.0
18.50000, 4.0
18.51000, 2.0
18.52000, 6.0
18.53000, 6.0
18.54000, 4.0
18.55000, 3.0
18.56000, 2.0
18.57000, 3.0
18.58000, 5.0
18.59000, 3.0
18.60000, 6.0
18.61000, 6.0
18.62000, 5.0
18.63000, 7.0
18.64000, 6.0
18.65000, 5.0
18.66000, 5.0
18.67000, 5.0
18.68000, 6.0
18.69000, 1.0
18.70000, 4.0
18.71000, 4.0
18.72000, 4.0
18.73000, 6.0
18.74000, 7.0
18.75000, 5.0
18.76000, 4.0
18.77000, 4.0
18.78000, 4.0
18.79000, 6.0
18.80000, 2.0
18.81000, 2.0
18.82000, 4.0
18.83000, 5.0
18.84000, 3.0
18.85000, 3.0
18.86000, 3.0
18.87000, 5.0
18.88000, 2.0
18.89000, 2.0
18.90000, 4.0
18.91000, 3.0
18.92000, 3.0
18.93000, 2.0
18.94000, 2.0
18.95000, 3.0
18.96000, 2.0
18.97000, 3.0
18.98000, 5.0
18.99000, 5.0
19.00000, 1.0
19.01000, 2.0
19.02000, 3.0
19.03000, 3.0
19.04000, 3.0
19.05000, 5.0
19.06000, 3.0
19.07000, 2.0
19.08000, 3.0
19.09000, 3.0
19.10000, 2.0
19.11000, 1.0
19.12000, 1.0
19.13000, 1.0
19.14000, 4.0
19.15000, 3.0
19.16000, 2.0
19.17000, 3.0
19.18000, 3.0
19.19000, 3.0
19.20000, 1.0
19.21000, 2.0
19.22000, 1.0
19.23000, 3.0
19.24000, 3.0
19.25000, 2.0
19.26000, 4.0
19.27000, 5.0
19.28000, 0.0
19.29000, 1.0
19.30000, 3.0
19.31000, 3.0
19.32000, 3.0
19.33000, 4.0
19.34000, 4.0
19.35000, 3.0
19.36000, 4.0
19.37000, 2.0
19.38000, 3.0
19.39000, 5.0
19.40000, 4.0
19.41000, 1.0
19.42000, 3.0
19.43000, 4.0
19.44000, 2.0
19.45000, 3.0
19.46000, 2.0
19.47000, 1.0
19.48000, 3.0
19.49000, 2.0
19.50000, 1.0
19.51000, 1.0
19.52000, 1.0
19.53000, 4.0
19.54000, 2.0
19.55000, 2.0
19.56000, 2.0
19.57000, 3.0
19.58000, 2.0
19.59000, 0.0
19.60000, 0.0
19.61000, 1.0
19.62000, 0.0
19.63000, 1.0
19.64000, 0.0
19.65000, 0.0
19.66000, 0.0
19.67000, 0.0
19.68000, 0.0
19.69000, 0.0
19.70000, 1.0
19.71000, 0.0
19.72000, 0.0
19.73000, 1.0
19.74000, 1.0
19.75000, 0.0
19.76000, 1.0
19.77000, 2.0
19.78000, 2.0
19.79000, 0.0
19.80000, 0.0
19.81000, 1.0
19.82000, 2.0
19.83000, 0.0
19.84000, 1.0
19.85000, 0.0
19.86000, 0.0
19.87000, 0.0
19.88000, 0.0
19.89000, 0.0
19.90000, 0.0
19.91000, 1.0
19.92000, 0.0
19.93000, 1.0
19.94000, 0.0
19.95000, 0.0
19.96000, 1.0
19.97000, 2.0
19.98000, 1.0
19.99000, 0.0
20.00000, 1.0
20.01000, 0.0
20.02000, 0.0
20.03000, 0.0
20.04000, 0.0
20.05000, 1.0
20.06000, 0.0
20.07000, 1.0
20.08000, 1.0
20.09000, 1.0
20.10000, 0.0
20.11000, 0.0
20.12000, 0.0
20.13000, 0.0
20.14000, 0.0
20.15000, 1.0
20.16000, 1.0
20.17000, 1.0
20.18000, 1.0
20.19000, 0.0
20.20000, 1.0
20.21000, 0.0
20.22000, 0.0
20.23000, 1.0
20.24000, 0.0
20.25000, 0.0
20.26000, 0.0
20.27000, 0.0
#ENDOFDATA   : 
