#FORMAT      : EMSA/MAS Spectral Data File
#VERSION     : 1.0
#TITLE       : 4096-5eV-s4-p6
#DATE        : 29-MAY-2014
#TIME        : 14:56
#OWNER       : 
#NPOINTS     : 4096.0
#NCOLUMNS    : 1.0
#XUNITS      : keV
#YUNITS      : counts
#DATATYPE    : XY
#XPERCHAN    : 0.005
#OFFSET      : -0.2
#SIGNALTYPE  : EDS
#CHOFFSET    : 40.0
#LIVETIME    : 100.65436554
#REALTIME    : 141.283996582
#BEAMKV      : 20.0
#PROBECUR    : 0.0
#MAGCAM      : 3500.0
#XTILTSTGE   : 0.0
#AZIMANGLE   : 0.0
#ELEVANGLE   : 35.0
#XPOSITION mm: -3.1130
#YPOSITION mm: 1.3240
#ZPOSITION mm: 5.0130
##OXINSTPT   : 6
##OXINSTSTROB: 34.42
##OXINSTELEMS: 25,6,13
##OXINSTLABEL: 25, 5.899, Mn
##OXINSTLABEL: 25, 6.490, Mn
##OXINSTLABEL: 25, 0.636, Mn
##OXINSTLABEL: 25, 0.567, Mn
##OXINSTLABEL: 6, 0.277, C
##OXINSTLABEL: 13, 1.487, Al
#SPECTRUM    : Spectral Data Starts Here
-0.20000, 0.0
-0.19500, 0.0
-0.19000, 0.0
-0.18500, 0.0
-0.18000, 0.0
-0.17500, 0.0
-0.17000, 0.0
-0.16500, 0.0
-0.16000, 0.0
-0.15500, 0.0
-0.15000, 0.0
-0.14500, 0.0
-0.14000, 0.0
-0.13500, 0.0
-0.13000, 0.0
-0.12500, 0.0
-0.12000, 0.0
-0.11500, 0.0
-0.11000, 0.0
-0.10500, 0.0
-0.10000, 0.0
-0.09500, 0.0
-0.09000, 0.0
-0.08500, 0.0
-0.08000, 0.0
-0.07500, 0.0
-0.07000, 0.0
-0.06500, 0.0
-0.06000, 1.0
-0.05500, 5.0
-0.05000, 8.0
-0.04500, 24.0
-0.04000, 31.0
-0.03500, 113.0
-0.03000, 233.0
-0.02500, 461.0
-0.02000, 929.0
-0.01500, 1456.0
-0.01000, 2230.0
-0.00500, 3017.0
0.00000, 3750.0
0.00500, 4137.0
0.01000, 4160.0
0.01500, 3681.0
0.02000, 3207.0
0.02500, 2410.0
0.03000, 1646.0
0.03500, 1081.0
0.04000, 618.0
0.04500, 326.0
0.05000, 164.0
0.05500, 107.0
0.06000, 63.0
0.06500, 71.0
0.07000, 49.0
0.07500, 45.0
0.08000, 60.0
0.08500, 56.0
0.09000, 71.0
0.09500, 68.0
0.10000, 65.0
0.10500, 68.0
0.11000, 67.0
0.11500, 64.0
0.12000, 75.0
0.12500, 72.0
0.13000, 54.0
0.13500, 83.0
0.14000, 70.0
0.14500, 70.0
0.15000, 76.0
0.15500, 73.0
0.16000, 84.0
0.16500, 63.0
0.17000, 89.0
0.17500, 92.0
0.18000, 70.0
0.18500, 71.0
0.19000, 100.0
0.19500, 101.0
0.20000, 93.0
0.20500, 108.0
0.21000, 117.0
0.21500, 125.0
0.22000, 139.0
0.22500, 146.0
0.23000, 153.0
0.23500, 192.0
0.24000, 249.0
0.24500, 322.0
0.25000, 341.0
0.25500, 437.0
0.26000, 523.0
0.26500, 639.0
0.27000, 709.0
0.27500, 660.0
0.28000, 665.0
0.28500, 552.0
0.29000, 490.0
0.29500, 417.0
0.30000, 345.0
0.30500, 244.0
0.31000, 182.0
0.31500, 137.0
0.32000, 122.0
0.32500, 112.0
0.33000, 111.0
0.33500, 82.0
0.34000, 105.0
0.34500, 117.0
0.35000, 128.0
0.35500, 114.0
0.36000, 151.0
0.36500, 112.0
0.37000, 141.0
0.37500, 144.0
0.38000, 156.0
0.38500, 153.0
0.39000, 159.0
0.39500, 176.0
0.40000, 208.0
0.40500, 175.0
0.41000, 198.0
0.41500, 219.0
0.42000, 200.0
0.42500, 258.0
0.43000, 236.0
0.43500, 251.0
0.44000, 261.0
0.44500, 305.0
0.45000, 316.0
0.45500, 309.0
0.46000, 333.0
0.46500, 346.0
0.47000, 345.0
0.47500, 410.0
0.48000, 458.0
0.48500, 511.0
0.49000, 534.0
0.49500, 651.0
0.50000, 778.0
0.50500, 883.0
0.51000, 1000.0
0.51500, 1191.0
0.52000, 1413.0
0.52500, 1690.0
0.53000, 2060.0
0.53500, 2241.0
0.54000, 2527.0
0.54500, 2752.0
0.55000, 2974.0
0.55500, 3046.0
0.56000, 2955.0
0.56500, 2788.0
0.57000, 2592.0
0.57500, 2411.0
0.58000, 2197.0
0.58500, 2097.0
0.59000, 2146.0
0.59500, 2321.0
0.60000, 2561.0
0.60500, 3059.0
0.61000, 3662.0
0.61500, 4333.0
0.62000, 5043.0
0.62500, 5648.0
0.63000, 6047.0
0.63500, 6215.0
0.64000, 6182.0
0.64500, 5848.0
0.65000, 5088.0
0.65500, 4373.0
0.66000, 3676.0
0.66500, 2828.0
0.67000, 2132.0
0.67500, 1530.0
0.68000, 1230.0
0.68500, 728.0
0.69000, 523.0
0.69500, 365.0
0.70000, 278.0
0.70500, 230.0
0.71000, 181.0
0.71500, 156.0
0.72000, 155.0
0.72500, 161.0
0.73000, 132.0
0.73500, 133.0
0.74000, 126.0
0.74500, 138.0
0.75000, 124.0
0.75500, 122.0
0.76000, 93.0
0.76500, 116.0
0.77000, 97.0
0.77500, 104.0
0.78000, 88.0
0.78500, 102.0
0.79000, 85.0
0.79500, 96.0
0.80000, 91.0
0.80500, 90.0
0.81000, 93.0
0.81500, 90.0
0.82000, 97.0
0.82500, 91.0
0.83000, 91.0
0.83500, 88.0
0.84000, 106.0
0.84500, 106.0
0.85000, 102.0
0.85500, 105.0
0.86000, 103.0
0.86500, 113.0
0.87000, 126.0
0.87500, 111.0
0.88000, 124.0
0.88500, 118.0
0.89000, 96.0
0.89500, 134.0
0.90000, 141.0
0.90500, 131.0
0.91000, 119.0
0.91500, 133.0
0.92000, 123.0
0.92500, 128.0
0.93000, 134.0
0.93500, 133.0
0.94000, 135.0
0.94500, 132.0
0.95000, 115.0
0.95500, 138.0
0.96000, 145.0
0.96500, 141.0
0.97000, 127.0
0.97500, 134.0
0.98000, 128.0
0.98500, 144.0
0.99000, 148.0
0.99500, 132.0
1.00000, 167.0
1.00500, 170.0
1.01000, 151.0
1.01500, 154.0
1.02000, 149.0
1.02500, 145.0
1.03000, 164.0
1.03500, 171.0
1.04000, 149.0
1.04500, 175.0
1.05000, 177.0
1.05500, 184.0
1.06000, 172.0
1.06500, 175.0
1.07000, 181.0
1.07500, 180.0
1.08000, 197.0
1.08500, 182.0
1.09000, 185.0
1.09500, 195.0
1.10000, 172.0
1.10500, 164.0
1.11000, 177.0
1.11500, 209.0
1.12000, 191.0
1.12500, 213.0
1.13000, 202.0
1.13500, 176.0
1.14000, 191.0
1.14500, 202.0
1.15000, 206.0
1.15500, 218.0
1.16000, 219.0
1.16500, 197.0
1.17000, 211.0
1.17500, 223.0
1.18000, 211.0
1.18500, 229.0
1.19000, 225.0
1.19500, 206.0
1.20000, 209.0
1.20500, 219.0
1.21000, 211.0
1.21500, 207.0
1.22000, 240.0
1.22500, 219.0
1.23000, 220.0
1.23500, 220.0
1.24000, 233.0
1.24500, 233.0
1.25000, 258.0
1.25500, 239.0
1.26000, 249.0
1.26500, 240.0
1.27000, 222.0
1.27500, 242.0
1.28000, 255.0
1.28500, 237.0
1.29000, 251.0
1.29500, 237.0
1.30000, 224.0
1.30500, 241.0
1.31000, 238.0
1.31500, 258.0
1.32000, 247.0
1.32500, 240.0
1.33000, 243.0
1.33500, 225.0
1.34000, 220.0
1.34500, 226.0
1.35000, 236.0
1.35500, 234.0
1.36000, 244.0
1.36500, 229.0
1.37000, 225.0
1.37500, 245.0
1.38000, 256.0
1.38500, 240.0
1.39000, 277.0
1.39500, 288.0
1.40000, 270.0
1.40500, 266.0
1.41000, 253.0
1.41500, 259.0
1.42000, 245.0
1.42500, 268.0
1.43000, 279.0
1.43500, 271.0
1.44000, 271.0
1.44500, 294.0
1.45000, 297.0
1.45500, 307.0
1.46000, 320.0
1.46500, 321.0
1.47000, 314.0
1.47500, 324.0
1.48000, 330.0
1.48500, 348.0
1.49000, 379.0
1.49500, 352.0
1.50000, 367.0
1.50500, 342.0
1.51000, 329.0
1.51500, 332.0
1.52000, 327.0
1.52500, 302.0
1.53000, 286.0
1.53500, 294.0
1.54000, 279.0
1.54500, 273.0
1.55000, 282.0
1.55500, 294.0
1.56000, 273.0
1.56500, 297.0
1.57000, 288.0
1.57500, 264.0
1.58000, 235.0
1.58500, 273.0
1.59000, 277.0
1.59500, 288.0
1.60000, 284.0
1.60500, 257.0
1.61000, 283.0
1.61500, 274.0
1.62000, 273.0
1.62500, 279.0
1.63000, 272.0
1.63500, 280.0
1.64000, 303.0
1.64500, 271.0
1.65000, 287.0
1.65500, 281.0
1.66000, 272.0
1.66500, 308.0
1.67000, 331.0
1.67500, 318.0
1.68000, 291.0
1.68500, 282.0
1.69000, 295.0
1.69500, 302.0
1.70000, 313.0
1.70500, 306.0
1.71000, 324.0
1.71500, 319.0
1.72000, 327.0
1.72500, 332.0
1.73000, 323.0
1.73500, 309.0
1.74000, 318.0
1.74500, 347.0
1.75000, 319.0
1.75500, 324.0
1.76000, 328.0
1.76500, 307.0
1.77000, 308.0
1.77500, 320.0
1.78000, 321.0
1.78500, 298.0
1.79000, 328.0
1.79500, 313.0
1.80000, 306.0
1.80500, 333.0
1.81000, 312.0
1.81500, 288.0
1.82000, 325.0
1.82500, 327.0
1.83000, 317.0
1.83500, 296.0
1.84000, 297.0
1.84500, 317.0
1.85000, 308.0
1.85500, 330.0
1.86000, 331.0
1.86500, 316.0
1.87000, 301.0
1.87500, 295.0
1.88000, 306.0
1.88500, 332.0
1.89000, 289.0
1.89500, 288.0
1.90000, 271.0
1.90500, 292.0
1.91000, 305.0
1.91500, 297.0
1.92000, 290.0
1.92500, 301.0
1.93000, 308.0
1.93500, 308.0
1.94000, 300.0
1.94500, 301.0
1.95000, 303.0
1.95500, 312.0
1.96000, 299.0
1.96500, 303.0
1.97000, 302.0
1.97500, 291.0
1.98000, 286.0
1.98500, 298.0
1.99000, 311.0
1.99500, 287.0
2.00000, 308.0
2.00500, 328.0
2.01000, 312.0
2.01500, 324.0
2.02000, 321.0
2.02500, 296.0
2.03000, 313.0
2.03500, 301.0
2.04000, 294.0
2.04500, 294.0
2.05000, 303.0
2.05500, 330.0
2.06000, 304.0
2.06500, 299.0
2.07000, 302.0
2.07500, 308.0
2.08000, 337.0
2.08500, 327.0
2.09000, 329.0
2.09500, 328.0
2.10000, 296.0
2.10500, 311.0
2.11000, 313.0
2.11500, 304.0
2.12000, 339.0
2.12500, 320.0
2.13000, 320.0
2.13500, 330.0
2.14000, 335.0
2.14500, 309.0
2.15000, 315.0
2.15500, 303.0
2.16000, 328.0
2.16500, 351.0
2.17000, 346.0
2.17500, 320.0
2.18000, 318.0
2.18500, 327.0
2.19000, 327.0
2.19500, 315.0
2.20000, 309.0
2.20500, 339.0
2.21000, 334.0
2.21500, 303.0
2.22000, 292.0
2.22500, 297.0
2.23000, 291.0
2.23500, 320.0
2.24000, 316.0
2.24500, 304.0
2.25000, 306.0
2.25500, 293.0
2.26000, 303.0
2.26500, 310.0
2.27000, 322.0
2.27500, 321.0
2.28000, 315.0
2.28500, 320.0
2.29000, 333.0
2.29500, 336.0
2.30000, 324.0
2.30500, 317.0
2.31000, 319.0
2.31500, 317.0
2.32000, 332.0
2.32500, 352.0
2.33000, 337.0
2.33500, 310.0
2.34000, 337.0
2.34500, 327.0
2.35000, 345.0
2.35500, 338.0
2.36000, 310.0
2.36500, 314.0
2.37000, 331.0
2.37500, 342.0
2.38000, 330.0
2.38500, 311.0
2.39000, 316.0
2.39500, 329.0
2.40000, 330.0
2.40500, 336.0
2.41000, 315.0
2.41500, 323.0
2.42000, 328.0
2.42500, 317.0
2.43000, 308.0
2.43500, 310.0
2.44000, 323.0
2.44500, 302.0
2.45000, 304.0
2.45500, 316.0
2.46000, 314.0
2.46500, 329.0
2.47000, 316.0
2.47500, 313.0
2.48000, 324.0
2.48500, 326.0
2.49000, 319.0
2.49500, 307.0
2.50000, 319.0
2.50500, 325.0
2.51000, 319.0
2.51500, 316.0
2.52000, 317.0
2.52500, 307.0
2.53000, 296.0
2.53500, 301.0
2.54000, 314.0
2.54500, 310.0
2.55000, 322.0
2.55500, 336.0
2.56000, 317.0
2.56500, 319.0
2.57000, 318.0
2.57500, 310.0
2.58000, 298.0
2.58500, 312.0
2.59000, 313.0
2.59500, 314.0
2.60000, 315.0
2.60500, 309.0
2.61000, 327.0
2.61500, 313.0
2.62000, 309.0
2.62500, 318.0
2.63000, 330.0
2.63500, 324.0
2.64000, 310.0
2.64500, 297.0
2.65000, 294.0
2.65500, 306.0
2.66000, 307.0
2.66500, 306.0
2.67000, 313.0
2.67500, 324.0
2.68000, 345.0
2.68500, 317.0
2.69000, 310.0
2.69500, 312.0
2.70000, 288.0
2.70500, 297.0
2.71000, 307.0
2.71500, 322.0
2.72000, 316.0
2.72500, 306.0
2.73000, 314.0
2.73500, 316.0
2.74000, 302.0
2.74500, 301.0
2.75000, 307.0
2.75500, 306.0
2.76000, 314.0
2.76500, 295.0
2.77000, 274.0
2.77500, 291.0
2.78000, 290.0
2.78500, 290.0
2.79000, 312.0
2.79500, 304.0
2.80000, 300.0
2.80500, 309.0
2.81000, 327.0
2.81500, 326.0
2.82000, 313.0
2.82500, 285.0
2.83000, 290.0
2.83500, 311.0
2.84000, 306.0
2.84500, 301.0
2.85000, 295.0
2.85500, 295.0
2.86000, 287.0
2.86500, 306.0
2.87000, 320.0
2.87500, 313.0
2.88000, 315.0
2.88500, 288.0
2.89000, 284.0
2.89500, 296.0
2.90000, 295.0
2.90500, 312.0
2.91000, 314.0
2.91500, 295.0
2.92000, 300.0
2.92500, 286.0
2.93000, 289.0
2.93500, 315.0
2.94000, 327.0
2.94500, 308.0
2.95000, 298.0
2.95500, 300.0
2.96000, 307.0
2.96500, 311.0
2.97000, 295.0
2.97500, 293.0
2.98000, 307.0
2.98500, 303.0
2.99000, 279.0
2.99500, 293.0
3.00000, 288.0
3.00500, 277.0
3.01000, 274.0
3.01500, 275.0
3.02000, 283.0
3.02500, 287.0
3.03000, 272.0
3.03500, 262.0
3.04000, 284.0
3.04500, 309.0
3.05000, 302.0
3.05500, 300.0
3.06000, 296.0
3.06500, 274.0
3.07000, 280.0
3.07500, 293.0
3.08000, 283.0
3.08500, 278.0
3.09000, 295.0
3.09500, 296.0
3.10000, 285.0
3.10500, 285.0
3.11000, 284.0
3.11500, 293.0
3.12000, 304.0
3.12500, 301.0
3.13000, 270.0
3.13500, 261.0
3.14000, 282.0
3.14500, 301.0
3.15000, 297.0
3.15500, 286.0
3.16000, 291.0
3.16500, 297.0
3.17000, 292.0
3.17500, 276.0
3.18000, 276.0
3.18500, 267.0
3.19000, 267.0
3.19500, 285.0
3.20000, 298.0
3.20500, 280.0
3.21000, 258.0
3.21500, 254.0
3.22000, 282.0
3.22500, 288.0
3.23000, 265.0
3.23500, 268.0
3.24000, 272.0
3.24500, 290.0
3.25000, 295.0
3.25500, 279.0
3.26000, 267.0
3.26500, 259.0
3.27000, 254.0
3.27500, 252.0
3.28000, 269.0
3.28500, 279.0
3.29000, 260.0
3.29500, 258.0
3.30000, 262.0
3.30500, 268.0
3.31000, 276.0
3.31500, 266.0
3.32000, 261.0
3.32500, 261.0
3.33000, 266.0
3.33500, 262.0
3.34000, 268.0
3.34500, 280.0
3.35000, 269.0
3.35500, 248.0
3.36000, 257.0
3.36500, 264.0
3.37000, 252.0
3.37500, 256.0
3.38000, 265.0
3.38500, 281.0
3.39000, 284.0
3.39500, 277.0
3.40000, 262.0
3.40500, 255.0
3.41000, 255.0
3.41500, 252.0
3.42000, 265.0
3.42500, 254.0
3.43000, 225.0
3.43500, 247.0
3.44000, 264.0
3.44500, 243.0
3.45000, 242.0
3.45500, 254.0
3.46000, 271.0
3.46500, 270.0
3.47000, 252.0
3.47500, 230.0
3.48000, 226.0
3.48500, 235.0
3.49000, 249.0
3.49500, 250.0
3.50000, 272.0
3.50500, 274.0
3.51000, 269.0
3.51500, 274.0
3.52000, 258.0
3.52500, 239.0
3.53000, 230.0
3.53500, 237.0
3.54000, 260.0
3.54500, 268.0
3.55000, 265.0
3.55500, 262.0
3.56000, 252.0
3.56500, 255.0
3.57000, 258.0
3.57500, 258.0
3.58000, 265.0
3.58500, 263.0
3.59000, 254.0
3.59500, 249.0
3.60000, 249.0
3.60500, 246.0
3.61000, 238.0
3.61500, 248.0
3.62000, 255.0
3.62500, 251.0
3.63000, 246.0
3.63500, 249.0
3.64000, 249.0
3.64500, 251.0
3.65000, 257.0
3.65500, 243.0
3.66000, 233.0
3.66500, 244.0
3.67000, 253.0
3.67500, 251.0
3.68000, 251.0
3.68500, 244.0
3.69000, 245.0
3.69500, 236.0
3.70000, 251.0
3.70500, 247.0
3.71000, 247.0
3.71500, 248.0
3.72000, 243.0
3.72500, 246.0
3.73000, 246.0
3.73500, 237.0
3.74000, 242.0
3.74500, 243.0
3.75000, 247.0
3.75500, 243.0
3.76000, 245.0
3.76500, 249.0
3.77000, 231.0
3.77500, 230.0
3.78000, 243.0
3.78500, 237.0
3.79000, 224.0
3.79500, 242.0
3.80000, 248.0
3.80500, 257.0
3.81000, 251.0
3.81500, 251.0
3.82000, 270.0
3.82500, 265.0
3.83000, 244.0
3.83500, 241.0
3.84000, 240.0
3.84500, 238.0
3.85000, 241.0
3.85500, 239.0
3.86000, 226.0
3.86500, 228.0
3.87000, 235.0
3.87500, 230.0
3.88000, 249.0
3.88500, 224.0
3.89000, 241.0
3.89500, 258.0
3.90000, 229.0
3.90500, 229.0
3.91000, 257.0
3.91500, 234.0
3.92000, 226.0
3.92500, 238.0
3.93000, 234.0
3.93500, 229.0
3.94000, 232.0
3.94500, 215.0
3.95000, 224.0
3.95500, 219.0
3.96000, 224.0
3.96500, 245.0
3.97000, 232.0
3.97500, 216.0
3.98000, 223.0
3.98500, 217.0
3.99000, 227.0
3.99500, 237.0
4.00000, 251.0
4.00500, 243.0
4.01000, 241.0
4.01500, 245.0
4.02000, 256.0
4.02500, 237.0
4.03000, 225.0
4.03500, 234.0
4.04000, 233.0
4.04500, 240.0
4.05000, 224.0
4.05500, 221.0
4.06000, 220.0
4.06500, 242.0
4.07000, 245.0
4.07500, 231.0
4.08000, 250.0
4.08500, 260.0
4.09000, 258.0
4.09500, 270.0
4.10000, 276.0
4.10500, 279.0
4.11000, 282.0
4.11500, 277.0
4.12000, 249.0
4.12500, 263.0
4.13000, 295.0
4.13500, 298.0
4.14000, 298.0
4.14500, 271.0
4.15000, 297.0
4.15500, 296.0
4.16000, 262.0
4.16500, 267.0
4.17000, 292.0
4.17500, 264.0
4.18000, 267.0
4.18500, 270.0
4.19000, 254.0
4.19500, 250.0
4.20000, 259.0
4.20500, 242.0
4.21000, 240.0
4.21500, 244.0
4.22000, 231.0
4.22500, 245.0
4.23000, 245.0
4.23500, 220.0
4.24000, 217.0
4.24500, 233.0
4.25000, 241.0
4.25500, 210.0
4.26000, 203.0
4.26500, 198.0
4.27000, 212.0
4.27500, 211.0
4.28000, 211.0
4.28500, 209.0
4.29000, 209.0
4.29500, 198.0
4.30000, 202.0
4.30500, 212.0
4.31000, 207.0
4.31500, 210.0
4.32000, 217.0
4.32500, 211.0
4.33000, 210.0
4.33500, 211.0
4.34000, 207.0
4.34500, 209.0
4.35000, 206.0
4.35500, 214.0
4.36000, 201.0
4.36500, 195.0
4.37000, 213.0
4.37500, 212.0
4.38000, 215.0
4.38500, 216.0
4.39000, 203.0
4.39500, 208.0
4.40000, 215.0
4.40500, 211.0
4.41000, 213.0
4.41500, 213.0
4.42000, 192.0
4.42500, 196.0
4.43000, 210.0
4.43500, 198.0
4.44000, 171.0
4.44500, 190.0
4.45000, 210.0
4.45500, 213.0
4.46000, 202.0
4.46500, 196.0
4.47000, 209.0
4.47500, 207.0
4.48000, 198.0
4.48500, 205.0
4.49000, 201.0
4.49500, 203.0
4.50000, 210.0
4.50500, 189.0
4.51000, 192.0
4.51500, 178.0
4.52000, 184.0
4.52500, 197.0
4.53000, 198.0
4.53500, 200.0
4.54000, 219.0
4.54500, 199.0
4.55000, 200.0
4.55500, 192.0
4.56000, 190.0
4.56500, 187.0
4.57000, 184.0
4.57500, 201.0
4.58000, 200.0
4.58500, 187.0
4.59000, 183.0
4.59500, 171.0
4.60000, 182.0
4.60500, 203.0
4.61000, 203.0
4.61500, 171.0
4.62000, 175.0
4.62500, 194.0
4.63000, 181.0
4.63500, 192.0
4.64000, 210.0
4.64500, 188.0
4.65000, 197.0
4.65500, 195.0
4.66000, 181.0
4.66500, 199.0
4.67000, 189.0
4.67500, 203.0
4.68000, 194.0
4.68500, 189.0
4.69000, 198.0
4.69500, 206.0
4.70000, 190.0
4.70500, 186.0
4.71000, 182.0
4.71500, 182.0
4.72000, 187.0
4.72500, 191.0
4.73000, 208.0
4.73500, 190.0
4.74000, 201.0
4.74500, 202.0
4.75000, 186.0
4.75500, 200.0
4.76000, 191.0
4.76500, 190.0
4.77000, 175.0
4.77500, 181.0
4.78000, 209.0
4.78500, 199.0
4.79000, 191.0
4.79500, 197.0
4.80000, 190.0
4.80500, 193.0
4.81000, 190.0
4.81500, 191.0
4.82000, 181.0
4.82500, 183.0
4.83000, 187.0
4.83500, 190.0
4.84000, 170.0
4.84500, 168.0
4.85000, 176.0
4.85500, 179.0
4.86000, 188.0
4.86500, 188.0
4.87000, 194.0
4.87500, 189.0
4.88000, 176.0
4.88500, 170.0
4.89000, 178.0
4.89500, 206.0
4.90000, 199.0
4.90500, 181.0
4.91000, 194.0
4.91500, 187.0
4.92000, 170.0
4.92500, 178.0
4.93000, 186.0
4.93500, 175.0
4.94000, 179.0
4.94500, 191.0
4.95000, 201.0
4.95500, 201.0
4.96000, 163.0
4.96500, 174.0
4.97000, 168.0
4.97500, 162.0
4.98000, 183.0
4.98500, 186.0
4.99000, 181.0
4.99500, 173.0
5.00000, 180.0
5.00500, 178.0
5.01000, 202.0
5.01500, 158.0
5.02000, 169.0
5.02500, 163.0
5.03000, 165.0
5.03500, 170.0
5.04000, 178.0
5.04500, 165.0
5.05000, 177.0
5.05500, 184.0
5.06000, 178.0
5.06500, 168.0
5.07000, 179.0
5.07500, 184.0
5.08000, 180.0
5.08500, 184.0
5.09000, 168.0
5.09500, 172.0
5.10000, 176.0
5.10500, 182.0
5.11000, 164.0
5.11500, 159.0
5.12000, 177.0
5.12500, 184.0
5.13000, 165.0
5.13500, 172.0
5.14000, 202.0
5.14500, 168.0
5.15000, 164.0
5.15500, 170.0
5.16000, 162.0
5.16500, 153.0
5.17000, 167.0
5.17500, 190.0
5.18000, 153.0
5.18500, 151.0
5.19000, 189.0
5.19500, 176.0
5.20000, 188.0
5.20500, 186.0
5.21000, 164.0
5.21500, 142.0
5.22000, 182.0
5.22500, 180.0
5.23000, 173.0
5.23500, 154.0
5.24000, 161.0
5.24500, 157.0
5.25000, 181.0
5.25500, 159.0
5.26000, 141.0
5.26500, 169.0
5.27000, 178.0
5.27500, 174.0
5.28000, 150.0
5.28500, 167.0
5.29000, 171.0
5.29500, 168.0
5.30000, 161.0
5.30500, 156.0
5.31000, 148.0
5.31500, 161.0
5.32000, 161.0
5.32500, 155.0
5.33000, 155.0
5.33500, 150.0
5.34000, 159.0
5.34500, 185.0
5.35000, 161.0
5.35500, 147.0
5.36000, 175.0
5.36500, 164.0
5.37000, 154.0
5.37500, 170.0
5.38000, 167.0
5.38500, 164.0
5.39000, 157.0
5.39500, 153.0
5.40000, 149.0
5.40500, 165.0
5.41000, 158.0
5.41500, 169.0
5.42000, 162.0
5.42500, 154.0
5.43000, 129.0
5.43500, 156.0
5.44000, 167.0
5.44500, 176.0
5.45000, 166.0
5.45500, 152.0
5.46000, 157.0
5.46500, 163.0
5.47000, 162.0
5.47500, 139.0
5.48000, 132.0
5.48500, 155.0
5.49000, 166.0
5.49500, 157.0
5.50000, 163.0
5.50500, 139.0
5.51000, 167.0
5.51500, 161.0
5.52000, 173.0
5.52500, 172.0
5.53000, 154.0
5.53500, 187.0
5.54000, 161.0
5.54500, 177.0
5.55000, 160.0
5.55500, 157.0
5.56000, 160.0
5.56500, 174.0
5.57000, 158.0
5.57500, 158.0
5.58000, 175.0
5.58500, 161.0
5.59000, 159.0
5.59500, 156.0
5.60000, 156.0
5.60500, 179.0
5.61000, 176.0
5.61500, 180.0
5.62000, 181.0
5.62500, 175.0
5.63000, 176.0
5.63500, 169.0
5.64000, 153.0
5.64500, 186.0
5.65000, 171.0
5.65500, 181.0
5.66000, 194.0
5.66500, 183.0
5.67000, 200.0
5.67500, 197.0
5.68000, 186.0
5.68500, 171.0
5.69000, 179.0
5.69500, 196.0
5.70000, 205.0
5.70500, 194.0
5.71000, 190.0
5.71500, 255.0
5.72000, 223.0
5.72500, 265.0
5.73000, 301.0
5.73500, 336.0
5.74000, 392.0
5.74500, 428.0
5.75000, 525.0
5.75500, 589.0
5.76000, 727.0
5.76500, 854.0
5.77000, 1024.0
5.77500, 1242.0
5.78000, 1456.0
5.78500, 1754.0
5.79000, 2088.0
5.79500, 2530.0
5.80000, 2980.0
5.80500, 3360.0
5.81000, 3949.0
5.81500, 4542.0
5.82000, 5229.0
5.82500, 5891.0
5.83000, 6580.0
5.83500, 7480.0
5.84000, 8202.0
5.84500, 9204.0
5.85000, 9951.0
5.85500, 10960.0
5.86000, 11716.0
5.86500, 12536.0
5.87000, 13080.0
5.87500, 13714.0
5.88000, 14332.0
5.88500, 14768.0
5.89000, 14743.0
5.89500, 15129.0
5.90000, 14911.0
5.90500, 14837.0
5.91000, 14689.0
5.91500, 14268.0
5.92000, 13654.0
5.92500, 13200.0
5.93000, 12461.0
5.93500, 11701.0
5.94000, 10956.0
5.94500, 10133.0
5.95000, 9145.0
5.95500, 8428.0
5.96000, 7514.0
5.96500, 6614.0
5.97000, 5947.0
5.97500, 5219.0
5.98000, 4660.0
5.98500, 4007.0
5.99000, 3327.0
5.99500, 2852.0
6.00000, 2490.0
6.00500, 2016.0
6.01000, 1700.0
6.01500, 1407.0
6.02000, 1193.0
6.02500, 973.0
6.03000, 844.0
6.03500, 730.0
6.04000, 558.0
6.04500, 465.0
6.05000, 399.0
6.05500, 344.0
6.06000, 294.0
6.06500, 265.0
6.07000, 244.0
6.07500, 211.0
6.08000, 180.0
6.08500, 178.0
6.09000, 179.0
6.09500, 172.0
6.10000, 139.0
6.10500, 137.0
6.11000, 148.0
6.11500, 161.0
6.12000, 177.0
6.12500, 151.0
6.13000, 149.0
6.13500, 177.0
6.14000, 149.0
6.14500, 159.0
6.15000, 162.0
6.15500, 147.0
6.16000, 155.0
6.16500, 154.0
6.17000, 173.0
6.17500, 176.0
6.18000, 140.0
6.18500, 141.0
6.19000, 146.0
6.19500, 138.0
6.20000, 143.0
6.20500, 162.0
6.21000, 145.0
6.21500, 149.0
6.22000, 130.0
6.22500, 129.0
6.23000, 140.0
6.23500, 145.0
6.24000, 164.0
6.24500, 155.0
6.25000, 153.0
6.25500, 163.0
6.26000, 154.0
6.26500, 161.0
6.27000, 140.0
6.27500, 171.0
6.28000, 157.0
6.28500, 175.0
6.29000, 160.0
6.29500, 175.0
6.30000, 168.0
6.30500, 170.0
6.31000, 156.0
6.31500, 160.0
6.32000, 198.0
6.32500, 201.0
6.33000, 206.0
6.33500, 192.0
6.34000, 245.0
6.34500, 226.0
6.35000, 284.0
6.35500, 271.0
6.36000, 270.0
6.36500, 350.0
6.37000, 381.0
6.37500, 415.0
6.38000, 450.0
6.38500, 493.0
6.39000, 564.0
6.39500, 588.0
6.40000, 723.0
6.40500, 744.0
6.41000, 877.0
6.41500, 886.0
6.42000, 1001.0
6.42500, 1134.0
6.43000, 1203.0
6.43500, 1342.0
6.44000, 1402.0
6.44500, 1465.0
6.45000, 1582.0
6.45500, 1720.0
6.46000, 1727.0
6.46500, 1815.0
6.47000, 1934.0
6.47500, 1980.0
6.48000, 1882.0
6.48500, 2018.0
6.49000, 1976.0
6.49500, 1979.0
6.50000, 1937.0
6.50500, 1990.0
6.51000, 1802.0
6.51500, 1867.0
6.52000, 1715.0
6.52500, 1663.0
6.53000, 1480.0
6.53500, 1471.0
6.54000, 1298.0
6.54500, 1257.0
6.55000, 1162.0
6.55500, 1064.0
6.56000, 991.0
6.56500, 862.0
6.57000, 797.0
6.57500, 670.0
6.58000, 629.0
6.58500, 588.0
6.59000, 540.0
6.59500, 437.0
6.60000, 392.0
6.60500, 342.0
6.61000, 303.0
6.61500, 241.0
6.62000, 211.0
6.62500, 211.0
6.63000, 183.0
6.63500, 162.0
6.64000, 148.0
6.64500, 136.0
6.65000, 139.0
6.65500, 129.0
6.66000, 124.0
6.66500, 112.0
6.67000, 102.0
6.67500, 92.0
6.68000, 99.0
6.68500, 103.0
6.69000, 93.0
6.69500, 106.0
6.70000, 92.0
6.70500, 85.0
6.71000, 98.0
6.71500, 86.0
6.72000, 108.0
6.72500, 78.0
6.73000, 104.0
6.73500, 89.0
6.74000, 100.0
6.74500, 98.0
6.75000, 91.0
6.75500, 89.0
6.76000, 94.0
6.76500, 100.0
6.77000, 91.0
6.77500, 95.0
6.78000, 85.0
6.78500, 86.0
6.79000, 81.0
6.79500, 79.0
6.80000, 84.0
6.80500, 89.0
6.81000, 87.0
6.81500, 82.0
6.82000, 95.0
6.82500, 90.0
6.83000, 94.0
6.83500, 96.0
6.84000, 97.0
6.84500, 83.0
6.85000, 94.0
6.85500, 93.0
6.86000, 93.0
6.86500, 105.0
6.87000, 81.0
6.87500, 101.0
6.88000, 90.0
6.88500, 83.0
6.89000, 103.0
6.89500, 93.0
6.90000, 85.0
6.90500, 101.0
6.91000, 97.0
6.91500, 94.0
6.92000, 86.0
6.92500, 76.0
6.93000, 94.0
6.93500, 91.0
6.94000, 69.0
6.94500, 82.0
6.95000, 87.0
6.95500, 77.0
6.96000, 88.0
6.96500, 94.0
6.97000, 85.0
6.97500, 83.0
6.98000, 89.0
6.98500, 98.0
6.99000, 96.0
6.99500, 102.0
7.00000, 106.0
7.00500, 78.0
7.01000, 91.0
7.01500, 87.0
7.02000, 83.0
7.02500, 93.0
7.03000, 81.0
7.03500, 102.0
7.04000, 105.0
7.04500, 92.0
7.05000, 101.0
7.05500, 88.0
7.06000, 82.0
7.06500, 96.0
7.07000, 94.0
7.07500, 81.0
7.08000, 74.0
7.08500, 79.0
7.09000, 82.0
7.09500, 90.0
7.10000, 92.0
7.10500, 86.0
7.11000, 84.0
7.11500, 91.0
7.12000, 104.0
7.12500, 93.0
7.13000, 95.0
7.13500, 77.0
7.14000, 79.0
7.14500, 83.0
7.15000, 84.0
7.15500, 76.0
7.16000, 84.0
7.16500, 81.0
7.17000, 100.0
7.17500, 77.0
7.18000, 68.0
7.18500, 76.0
7.19000, 79.0
7.19500, 84.0
7.20000, 88.0
7.20500, 94.0
7.21000, 87.0
7.21500, 84.0
7.22000, 85.0
7.22500, 86.0
7.23000, 96.0
7.23500, 99.0
7.24000, 83.0
7.24500, 80.0
7.25000, 96.0
7.25500, 87.0
7.26000, 84.0
7.26500, 78.0
7.27000, 65.0
7.27500, 86.0
7.28000, 88.0
7.28500, 87.0
7.29000, 83.0
7.29500, 87.0
7.30000, 85.0
7.30500, 91.0
7.31000, 78.0
7.31500, 106.0
7.32000, 89.0
7.32500, 76.0
7.33000, 81.0
7.33500, 85.0
7.34000, 97.0
7.34500, 89.0
7.35000, 83.0
7.35500, 77.0
7.36000, 83.0
7.36500, 77.0
7.37000, 84.0
7.37500, 85.0
7.38000, 72.0
7.38500, 70.0
7.39000, 99.0
7.39500, 93.0
7.40000, 81.0
7.40500, 87.0
7.41000, 93.0
7.41500, 81.0
7.42000, 81.0
7.42500, 86.0
7.43000, 87.0
7.43500, 87.0
7.44000, 83.0
7.44500, 80.0
7.45000, 69.0
7.45500, 87.0
7.46000, 89.0
7.46500, 74.0
7.47000, 82.0
7.47500, 79.0
7.48000, 87.0
7.48500, 75.0
7.49000, 86.0
7.49500, 78.0
7.50000, 69.0
7.50500, 91.0
7.51000, 84.0
7.51500, 97.0
7.52000, 99.0
7.52500, 82.0
7.53000, 72.0
7.53500, 78.0
7.54000, 95.0
7.54500, 101.0
7.55000, 94.0
7.55500, 91.0
7.56000, 88.0
7.56500, 76.0
7.57000, 80.0
7.57500, 88.0
7.58000, 87.0
7.58500, 88.0
7.59000, 85.0
7.59500, 76.0
7.60000, 85.0
7.60500, 75.0
7.61000, 83.0
7.61500, 87.0
7.62000, 90.0
7.62500, 85.0
7.63000, 82.0
7.63500, 79.0
7.64000, 91.0
7.64500, 80.0
7.65000, 79.0
7.65500, 79.0
7.66000, 81.0
7.66500, 76.0
7.67000, 87.0
7.67500, 73.0
7.68000, 81.0
7.68500, 86.0
7.69000, 74.0
7.69500, 72.0
7.70000, 97.0
7.70500, 90.0
7.71000, 75.0
7.71500, 76.0
7.72000, 73.0
7.72500, 93.0
7.73000, 75.0
7.73500, 62.0
7.74000, 81.0
7.74500, 78.0
7.75000, 93.0
7.75500, 78.0
7.76000, 80.0
7.76500, 86.0
7.77000, 80.0
7.77500, 70.0
7.78000, 84.0
7.78500, 87.0
7.79000, 94.0
7.79500, 70.0
7.80000, 79.0
7.80500, 88.0
7.81000, 69.0
7.81500, 73.0
7.82000, 77.0
7.82500, 89.0
7.83000, 75.0
7.83500, 76.0
7.84000, 78.0
7.84500, 66.0
7.85000, 82.0
7.85500, 91.0
7.86000, 83.0
7.86500, 70.0
7.87000, 72.0
7.87500, 73.0
7.88000, 69.0
7.88500, 67.0
7.89000, 78.0
7.89500, 77.0
7.90000, 79.0
7.90500, 85.0
7.91000, 78.0
7.91500, 81.0
7.92000, 75.0
7.92500, 72.0
7.93000, 72.0
7.93500, 83.0
7.94000, 85.0
7.94500, 83.0
7.95000, 68.0
7.95500, 68.0
7.96000, 64.0
7.96500, 77.0
7.97000, 87.0
7.97500, 81.0
7.98000, 91.0
7.98500, 74.0
7.99000, 85.0
7.99500, 78.0
8.00000, 78.0
8.00500, 89.0
8.01000, 88.0
8.01500, 82.0
8.02000, 79.0
8.02500, 75.0
8.03000, 72.0
8.03500, 74.0
8.04000, 75.0
8.04500, 63.0
8.05000, 78.0
8.05500, 67.0
8.06000, 65.0
8.06500, 74.0
8.07000, 82.0
8.07500, 61.0
8.08000, 71.0
8.08500, 72.0
8.09000, 72.0
8.09500, 66.0
8.10000, 79.0
8.10500, 80.0
8.11000, 76.0
8.11500, 76.0
8.12000, 81.0
8.12500, 78.0
8.13000, 77.0
8.13500, 79.0
8.14000, 84.0
8.14500, 79.0
8.15000, 73.0
8.15500, 76.0
8.16000, 81.0
8.16500, 92.0
8.17000, 90.0
8.17500, 89.0
8.18000, 77.0
8.18500, 72.0
8.19000, 75.0
8.19500, 73.0
8.20000, 74.0
8.20500, 74.0
8.21000, 80.0
8.21500, 70.0
8.22000, 73.0
8.22500, 74.0
8.23000, 75.0
8.23500, 77.0
8.24000, 77.0
8.24500, 79.0
8.25000, 68.0
8.25500, 67.0
8.26000, 75.0
8.26500, 68.0
8.27000, 73.0
8.27500, 72.0
8.28000, 78.0
8.28500, 77.0
8.29000, 73.0
8.29500, 72.0
8.30000, 80.0
8.30500, 82.0
8.31000, 72.0
8.31500, 81.0
8.32000, 70.0
8.32500, 74.0
8.33000, 76.0
8.33500, 74.0
8.34000, 79.0
8.34500, 72.0
8.35000, 76.0
8.35500, 78.0
8.36000, 72.0
8.36500, 66.0
8.37000, 63.0
8.37500, 78.0
8.38000, 79.0
8.38500, 78.0
8.39000, 79.0
8.39500, 67.0
8.40000, 69.0
8.40500, 61.0
8.41000, 53.0
8.41500, 71.0
8.42000, 80.0
8.42500, 80.0
8.43000, 73.0
8.43500, 72.0
8.44000, 83.0
8.44500, 78.0
8.45000, 83.0
8.45500, 79.0
8.46000, 72.0
8.46500, 80.0
8.47000, 75.0
8.47500, 72.0
8.48000, 77.0
8.48500, 75.0
8.49000, 74.0
8.49500, 77.0
8.50000, 75.0
8.50500, 73.0
8.51000, 67.0
8.51500, 71.0
8.52000, 65.0
8.52500, 68.0
8.53000, 73.0
8.53500, 76.0
8.54000, 68.0
8.54500, 65.0
8.55000, 70.0
8.55500, 71.0
8.56000, 52.0
8.56500, 52.0
8.57000, 69.0
8.57500, 71.0
8.58000, 68.0
8.58500, 70.0
8.59000, 78.0
8.59500, 81.0
8.60000, 83.0
8.60500, 70.0
8.61000, 66.0
8.61500, 71.0
8.62000, 74.0
8.62500, 76.0
8.63000, 74.0
8.63500, 74.0
8.64000, 64.0
8.64500, 57.0
8.65000, 66.0
8.65500, 69.0
8.66000, 70.0
8.66500, 77.0
8.67000, 72.0
8.67500, 64.0
8.68000, 71.0
8.68500, 76.0
8.69000, 77.0
8.69500, 68.0
8.70000, 74.0
8.70500, 74.0
8.71000, 80.0
8.71500, 68.0
8.72000, 70.0
8.72500, 62.0
8.73000, 65.0
8.73500, 74.0
8.74000, 69.0
8.74500, 58.0
8.75000, 57.0
8.75500, 65.0
8.76000, 72.0
8.76500, 70.0
8.77000, 70.0
8.77500, 73.0
8.78000, 66.0
8.78500, 67.0
8.79000, 72.0
8.79500, 62.0
8.80000, 66.0
8.80500, 74.0
8.81000, 68.0
8.81500, 73.0
8.82000, 72.0
8.82500, 66.0
8.83000, 67.0
8.83500, 68.0
8.84000, 70.0
8.84500, 64.0
8.85000, 61.0
8.85500, 68.0
8.86000, 74.0
8.86500, 66.0
8.87000, 74.0
8.87500, 82.0
8.88000, 78.0
8.88500, 69.0
8.89000, 68.0
8.89500, 69.0
8.90000, 63.0
8.90500, 68.0
8.91000, 85.0
8.91500, 75.0
8.92000, 60.0
8.92500, 63.0
8.93000, 60.0
8.93500, 59.0
8.94000, 61.0
8.94500, 67.0
8.95000, 68.0
8.95500, 64.0
8.96000, 63.0
8.96500, 68.0
8.97000, 61.0
8.97500, 50.0
8.98000, 60.0
8.98500, 70.0
8.99000, 73.0
8.99500, 68.0
9.00000, 65.0
9.00500, 68.0
9.01000, 74.0
9.01500, 70.0
9.02000, 62.0
9.02500, 65.0
9.03000, 78.0
9.03500, 76.0
9.04000, 61.0
9.04500, 68.0
9.05000, 72.0
9.05500, 75.0
9.06000, 70.0
9.06500, 59.0
9.07000, 58.0
9.07500, 61.0
9.08000, 64.0
9.08500, 69.0
9.09000, 63.0
9.09500, 59.0
9.10000, 63.0
9.10500, 63.0
9.11000, 69.0
9.11500, 67.0
9.12000, 62.0
9.12500, 61.0
9.13000, 69.0
9.13500, 74.0
9.14000, 76.0
9.14500, 76.0
9.15000, 61.0
9.15500, 61.0
9.16000, 64.0
9.16500, 67.0
9.17000, 71.0
9.17500, 59.0
9.18000, 52.0
9.18500, 54.0
9.19000, 68.0
9.19500, 71.0
9.20000, 63.0
9.20500, 57.0
9.21000, 60.0
9.21500, 63.0
9.22000, 69.0
9.22500, 64.0
9.23000, 54.0
9.23500, 64.0
9.24000, 80.0
9.24500, 73.0
9.25000, 70.0
9.25500, 68.0
9.26000, 61.0
9.26500, 55.0
9.27000, 49.0
9.27500, 65.0
9.28000, 70.0
9.28500, 62.0
9.29000, 61.0
9.29500, 68.0
9.30000, 67.0
9.30500, 58.0
9.31000, 64.0
9.31500, 61.0
9.32000, 59.0
9.32500, 68.0
9.33000, 64.0
9.33500, 59.0
9.34000, 55.0
9.34500, 59.0
9.35000, 64.0
9.35500, 65.0
9.36000, 67.0
9.36500, 72.0
9.37000, 65.0
9.37500, 59.0
9.38000, 61.0
9.38500, 71.0
9.39000, 69.0
9.39500, 65.0
9.40000, 64.0
9.40500, 61.0
9.41000, 60.0
9.41500, 57.0
9.42000, 58.0
9.42500, 63.0
9.43000, 61.0
9.43500, 62.0
9.44000, 62.0
9.44500, 64.0
9.45000, 64.0
9.45500, 59.0
9.46000, 55.0
9.46500, 58.0
9.47000, 61.0
9.47500, 55.0
9.48000, 52.0
9.48500, 55.0
9.49000, 55.0
9.49500, 59.0
9.50000, 54.0
9.50500, 49.0
9.51000, 67.0
9.51500, 66.0
9.52000, 52.0
9.52500, 56.0
9.53000, 61.0
9.53500, 66.0
9.54000, 65.0
9.54500, 66.0
9.55000, 68.0
9.55500, 61.0
9.56000, 59.0
9.56500, 68.0
9.57000, 68.0
9.57500, 60.0
9.58000, 63.0
9.58500, 63.0
9.59000, 63.0
9.59500, 67.0
9.60000, 59.0
9.60500, 59.0
9.61000, 64.0
9.61500, 57.0
9.62000, 57.0
9.62500, 56.0
9.63000, 50.0
9.63500, 58.0
9.64000, 71.0
9.64500, 67.0
9.65000, 62.0
9.65500, 63.0
9.66000, 61.0
9.66500, 70.0
9.67000, 64.0
9.67500, 57.0
9.68000, 67.0
9.68500, 61.0
9.69000, 54.0
9.69500, 57.0
9.70000, 60.0
9.70500, 61.0
9.71000, 55.0
9.71500, 56.0
9.72000, 58.0
9.72500, 51.0
9.73000, 53.0
9.73500, 56.0
9.74000, 55.0
9.74500, 58.0
9.75000, 58.0
9.75500, 54.0
9.76000, 62.0
9.76500, 69.0
9.77000, 59.0
9.77500, 57.0
9.78000, 55.0
9.78500, 56.0
9.79000, 55.0
9.79500, 52.0
9.80000, 58.0
9.80500, 55.0
9.81000, 57.0
9.81500, 55.0
9.82000, 64.0
9.82500, 70.0
9.83000, 62.0
9.83500, 60.0
9.84000, 62.0
9.84500, 56.0
9.85000, 55.0
9.85500, 52.0
9.86000, 58.0
9.86500, 63.0
9.87000, 53.0
9.87500, 47.0
9.88000, 43.0
9.88500, 48.0
9.89000, 49.0
9.89500, 51.0
9.90000, 52.0
9.90500, 54.0
9.91000, 58.0
9.91500, 52.0
9.92000, 51.0
9.92500, 52.0
9.93000, 54.0
9.93500, 59.0
9.94000, 63.0
9.94500, 57.0
9.95000, 47.0
9.95500, 59.0
9.96000, 63.0
9.96500, 48.0
9.97000, 45.0
9.97500, 53.0
9.98000, 57.0
9.98500, 53.0
9.99000, 50.0
9.99500, 56.0
10.00000, 50.0
10.00500, 52.0
10.01000, 59.0
10.01500, 58.0
10.02000, 61.0
10.02500, 59.0
10.03000, 59.0
10.03500, 53.0
10.04000, 52.0
10.04500, 57.0
10.05000, 61.0
10.05500, 61.0
10.06000, 52.0
10.06500, 55.0
10.07000, 54.0
10.07500, 54.0
10.08000, 49.0
10.08500, 60.0
10.09000, 62.0
10.09500, 51.0
10.10000, 52.0
10.10500, 48.0
10.11000, 51.0
10.11500, 48.0
10.12000, 41.0
10.12500, 52.0
10.13000, 54.0
10.13500, 58.0
10.14000, 57.0
10.14500, 55.0
10.15000, 54.0
10.15500, 58.0
10.16000, 58.0
10.16500, 56.0
10.17000, 61.0
10.17500, 53.0
10.18000, 48.0
10.18500, 50.0
10.19000, 52.0
10.19500, 51.0
10.20000, 47.0
10.20500, 48.0
10.21000, 60.0
10.21500, 55.0
10.22000, 49.0
10.22500, 51.0
10.23000, 50.0
10.23500, 55.0
10.24000, 52.0
10.24500, 56.0
10.25000, 46.0
10.25500, 49.0
10.26000, 52.0
10.26500, 45.0
10.27000, 56.0
10.27500, 53.0
10.28000, 51.0
10.28500, 61.0
10.29000, 51.0
10.29500, 46.0
10.30000, 40.0
10.30500, 46.0
10.31000, 49.0
10.31500, 45.0
10.32000, 45.0
10.32500, 42.0
10.33000, 45.0
10.33500, 42.0
10.34000, 43.0
10.34500, 46.0
10.35000, 50.0
10.35500, 52.0
10.36000, 43.0
10.36500, 47.0
10.37000, 50.0
10.37500, 59.0
10.38000, 53.0
10.38500, 49.0
10.39000, 50.0
10.39500, 46.0
10.40000, 45.0
10.40500, 48.0
10.41000, 47.0
10.41500, 47.0
10.42000, 53.0
10.42500, 59.0
10.43000, 53.0
10.43500, 50.0
10.44000, 54.0
10.44500, 55.0
10.45000, 44.0
10.45500, 44.0
10.46000, 45.0
10.46500, 45.0
10.47000, 48.0
10.47500, 49.0
10.48000, 46.0
10.48500, 43.0
10.49000, 53.0
10.49500, 58.0
10.50000, 52.0
10.50500, 62.0
10.51000, 50.0
10.51500, 48.0
10.52000, 50.0
10.52500, 46.0
10.53000, 52.0
10.53500, 46.0
10.54000, 46.0
10.54500, 50.0
10.55000, 46.0
10.55500, 42.0
10.56000, 43.0
10.56500, 50.0
10.57000, 50.0
10.57500, 46.0
10.58000, 41.0
10.58500, 45.0
10.59000, 49.0
10.59500, 51.0
10.60000, 46.0
10.60500, 43.0
10.61000, 45.0
10.61500, 37.0
10.62000, 46.0
10.62500, 48.0
10.63000, 52.0
10.63500, 57.0
10.64000, 54.0
10.64500, 46.0
10.65000, 51.0
10.65500, 50.0
10.66000, 45.0
10.66500, 47.0
10.67000, 48.0
10.67500, 46.0
10.68000, 45.0
10.68500, 44.0
10.69000, 52.0
10.69500, 46.0
10.70000, 51.0
10.70500, 46.0
10.71000, 51.0
10.71500, 54.0
10.72000, 50.0
10.72500, 52.0
10.73000, 55.0
10.73500, 53.0
10.74000, 42.0
10.74500, 43.0
10.75000, 56.0
10.75500, 49.0
10.76000, 53.0
10.76500, 34.0
10.77000, 45.0
10.77500, 51.0
10.78000, 38.0
10.78500, 37.0
10.79000, 36.0
10.79500, 44.0
10.80000, 41.0
10.80500, 54.0
10.81000, 50.0
10.81500, 48.0
10.82000, 50.0
10.82500, 44.0
10.83000, 39.0
10.83500, 46.0
10.84000, 39.0
10.84500, 44.0
10.85000, 47.0
10.85500, 45.0
10.86000, 40.0
10.86500, 40.0
10.87000, 39.0
10.87500, 41.0
10.88000, 40.0
10.88500, 45.0
10.89000, 43.0
10.89500, 44.0
10.90000, 42.0
10.90500, 41.0
10.91000, 45.0
10.91500, 40.0
10.92000, 30.0
10.92500, 43.0
10.93000, 42.0
10.93500, 43.0
10.94000, 47.0
10.94500, 41.0
10.95000, 39.0
10.95500, 46.0
10.96000, 45.0
10.96500, 35.0
10.97000, 41.0
10.97500, 43.0
10.98000, 45.0
10.98500, 41.0
10.99000, 44.0
10.99500, 41.0
11.00000, 35.0
11.00500, 39.0
11.01000, 50.0
11.01500, 44.0
11.02000, 40.0
11.02500, 40.0
11.03000, 43.0
11.03500, 47.0
11.04000, 40.0
11.04500, 49.0
11.05000, 44.0
11.05500, 39.0
11.06000, 37.0
11.06500, 42.0
11.07000, 44.0
11.07500, 45.0
11.08000, 41.0
11.08500, 40.0
11.09000, 35.0
11.09500, 43.0
11.10000, 44.0
11.10500, 36.0
11.11000, 35.0
11.11500, 52.0
11.12000, 49.0
11.12500, 37.0
11.13000, 38.0
11.13500, 42.0
11.14000, 33.0
11.14500, 36.0
11.15000, 45.0
11.15500, 45.0
11.16000, 42.0
11.16500, 45.0
11.17000, 37.0
11.17500, 39.0
11.18000, 41.0
11.18500, 50.0
11.19000, 44.0
11.19500, 48.0
11.20000, 39.0
11.20500, 37.0
11.21000, 46.0
11.21500, 39.0
11.22000, 42.0
11.22500, 44.0
11.23000, 44.0
11.23500, 39.0
11.24000, 47.0
11.24500, 48.0
11.25000, 44.0
11.25500, 41.0
11.26000, 36.0
11.26500, 35.0
11.27000, 36.0
11.27500, 45.0
11.28000, 38.0
11.28500, 34.0
11.29000, 45.0
11.29500, 43.0
11.30000, 47.0
11.30500, 45.0
11.31000, 41.0
11.31500, 42.0
11.32000, 41.0
11.32500, 39.0
11.33000, 37.0
11.33500, 35.0
11.34000, 42.0
11.34500, 35.0
11.35000, 33.0
11.35500, 40.0
11.36000, 45.0
11.36500, 40.0
11.37000, 41.0
11.37500, 48.0
11.38000, 39.0
11.38500, 39.0
11.39000, 35.0
11.39500, 44.0
11.40000, 40.0
11.40500, 35.0
11.41000, 43.0
11.41500, 55.0
11.42000, 41.0
11.42500, 37.0
11.43000, 38.0
11.43500, 33.0
11.44000, 37.0
11.44500, 36.0
11.45000, 41.0
11.45500, 44.0
11.46000, 37.0
11.46500, 39.0
11.47000, 39.0
11.47500, 31.0
11.48000, 29.0
11.48500, 47.0
11.49000, 42.0
11.49500, 46.0
11.50000, 39.0
11.50500, 28.0
11.51000, 38.0
11.51500, 37.0
11.52000, 34.0
11.52500, 31.0
11.53000, 39.0
11.53500, 42.0
11.54000, 36.0
11.54500, 33.0
11.55000, 25.0
11.55500, 26.0
11.56000, 29.0
11.56500, 46.0
11.57000, 32.0
11.57500, 33.0
11.58000, 35.0
11.58500, 35.0
11.59000, 46.0
11.59500, 45.0
11.60000, 41.0
11.60500, 40.0
11.61000, 42.0
11.61500, 41.0
11.62000, 40.0
11.62500, 38.0
11.63000, 37.0
11.63500, 46.0
11.64000, 36.0
11.64500, 45.0
11.65000, 30.0
11.65500, 42.0
11.66000, 52.0
11.66500, 39.0
11.67000, 42.0
11.67500, 43.0
11.68000, 47.0
11.68500, 36.0
11.69000, 51.0
11.69500, 36.0
11.70000, 44.0
11.70500, 57.0
11.71000, 56.0
11.71500, 48.0
11.72000, 50.0
11.72500, 53.0
11.73000, 51.0
11.73500, 50.0
11.74000, 49.0
11.74500, 52.0
11.75000, 49.0
11.75500, 51.0
11.76000, 58.0
11.76500, 57.0
11.77000, 67.0
11.77500, 62.0
11.78000, 66.0
11.78500, 62.0
11.79000, 66.0
11.79500, 48.0
11.80000, 53.0
11.80500, 51.0
11.81000, 48.0
11.81500, 56.0
11.82000, 53.0
11.82500, 59.0
11.83000, 62.0
11.83500, 62.0
11.84000, 49.0
11.84500, 56.0
11.85000, 57.0
11.85500, 53.0
11.86000, 48.0
11.86500, 43.0
11.87000, 55.0
11.87500, 52.0
11.88000, 52.0
11.88500, 43.0
11.89000, 43.0
11.89500, 34.0
11.90000, 42.0
11.90500, 43.0
11.91000, 32.0
11.91500, 40.0
11.92000, 37.0
11.92500, 34.0
11.93000, 34.0
11.93500, 39.0
11.94000, 36.0
11.94500, 33.0
11.95000, 39.0
11.95500, 38.0
11.96000, 41.0
11.96500, 36.0
11.97000, 37.0
11.97500, 36.0
11.98000, 38.0
11.98500, 29.0
11.99000, 34.0
11.99500, 42.0
12.00000, 38.0
12.00500, 31.0
12.01000, 33.0
12.01500, 28.0
12.02000, 30.0
12.02500, 39.0
12.03000, 31.0
12.03500, 45.0
12.04000, 35.0
12.04500, 40.0
12.05000, 36.0
12.05500, 38.0
12.06000, 35.0
12.06500, 32.0
12.07000, 36.0
12.07500, 38.0
12.08000, 34.0
12.08500, 42.0
12.09000, 44.0
12.09500, 29.0
12.10000, 38.0
12.10500, 34.0
12.11000, 32.0
12.11500, 36.0
12.12000, 36.0
12.12500, 35.0
12.13000, 43.0
12.13500, 32.0
12.14000, 29.0
12.14500, 35.0
12.15000, 33.0
12.15500, 33.0
12.16000, 34.0
12.16500, 34.0
12.17000, 41.0
12.17500, 34.0
12.18000, 37.0
12.18500, 27.0
12.19000, 27.0
12.19500, 41.0
12.20000, 47.0
12.20500, 30.0
12.21000, 17.0
12.21500, 30.0
12.22000, 34.0
12.22500, 19.0
12.23000, 27.0
12.23500, 30.0
12.24000, 36.0
12.24500, 35.0
12.25000, 33.0
12.25500, 28.0
12.26000, 38.0
12.26500, 40.0
12.27000, 28.0
12.27500, 32.0
12.28000, 29.0
12.28500, 37.0
12.29000, 30.0
12.29500, 45.0
12.30000, 41.0
12.30500, 28.0
12.31000, 34.0
12.31500, 45.0
12.32000, 41.0
12.32500, 40.0
12.33000, 39.0
12.33500, 45.0
12.34000, 30.0
12.34500, 29.0
12.35000, 40.0
12.35500, 37.0
12.36000, 39.0
12.36500, 31.0
12.37000, 38.0
12.37500, 42.0
12.38000, 39.0
12.38500, 48.0
12.39000, 44.0
12.39500, 41.0
12.40000, 49.0
12.40500, 42.0
12.41000, 38.0
12.41500, 28.0
12.42000, 35.0
12.42500, 29.0
12.43000, 27.0
12.43500, 39.0
12.44000, 40.0
12.44500, 38.0
12.45000, 32.0
12.45500, 28.0
12.46000, 35.0
12.46500, 38.0
12.47000, 31.0
12.47500, 24.0
12.48000, 31.0
12.48500, 30.0
12.49000, 27.0
12.49500, 37.0
12.50000, 37.0
12.50500, 42.0
12.51000, 31.0
12.51500, 33.0
12.52000, 29.0
12.52500, 25.0
12.53000, 22.0
12.53500, 33.0
12.54000, 36.0
12.54500, 35.0
12.55000, 33.0
12.55500, 22.0
12.56000, 33.0
12.56500, 27.0
12.57000, 26.0
12.57500, 44.0
12.58000, 29.0
12.58500, 28.0
12.59000, 34.0
12.59500, 29.0
12.60000, 27.0
12.60500, 33.0
12.61000, 37.0
12.61500, 33.0
12.62000, 32.0
12.62500, 32.0
12.63000, 36.0
12.63500, 24.0
12.64000, 38.0
12.64500, 38.0
12.65000, 33.0
12.65500, 26.0
12.66000, 40.0
12.66500, 34.0
12.67000, 34.0
12.67500, 20.0
12.68000, 32.0
12.68500, 33.0
12.69000, 27.0
12.69500, 29.0
12.70000, 27.0
12.70500, 19.0
12.71000, 31.0
12.71500, 31.0
12.72000, 33.0
12.72500, 37.0
12.73000, 32.0
12.73500, 20.0
12.74000, 30.0
12.74500, 35.0
12.75000, 28.0
12.75500, 34.0
12.76000, 19.0
12.76500, 36.0
12.77000, 22.0
12.77500, 26.0
12.78000, 27.0
12.78500, 32.0
12.79000, 47.0
12.79500, 17.0
12.80000, 30.0
12.80500, 29.0
12.81000, 26.0
12.81500, 22.0
12.82000, 26.0
12.82500, 26.0
12.83000, 31.0
12.83500, 18.0
12.84000, 28.0
12.84500, 34.0
12.85000, 29.0
12.85500, 25.0
12.86000, 18.0
12.86500, 33.0
12.87000, 25.0
12.87500, 33.0
12.88000, 41.0
12.88500, 34.0
12.89000, 27.0
12.89500, 27.0
12.90000, 31.0
12.90500, 27.0
12.91000, 30.0
12.91500, 29.0
12.92000, 27.0
12.92500, 28.0
12.93000, 30.0
12.93500, 25.0
12.94000, 13.0
12.94500, 31.0
12.95000, 21.0
12.95500, 33.0
12.96000, 26.0
12.96500, 26.0
12.97000, 25.0
12.97500, 22.0
12.98000, 34.0
12.98500, 31.0
12.99000, 32.0
12.99500, 20.0
13.00000, 29.0
13.00500, 32.0
13.01000, 36.0
13.01500, 28.0
13.02000, 28.0
13.02500, 35.0
13.03000, 41.0
13.03500, 25.0
13.04000, 20.0
13.04500, 31.0
13.05000, 34.0
13.05500, 35.0
13.06000, 26.0
13.06500, 29.0
13.07000, 33.0
13.07500, 21.0
13.08000, 29.0
13.08500, 20.0
13.09000, 23.0
13.09500, 30.0
13.10000, 25.0
13.10500, 19.0
13.11000, 16.0
13.11500, 29.0
13.12000, 25.0
13.12500, 18.0
13.13000, 27.0
13.13500, 25.0
13.14000, 28.0
13.14500, 26.0
13.15000, 23.0
13.15500, 21.0
13.16000, 26.0
13.16500, 17.0
13.17000, 26.0
13.17500, 30.0
13.18000, 30.0
13.18500, 23.0
13.19000, 29.0
13.19500, 27.0
13.20000, 26.0
13.20500, 26.0
13.21000, 25.0
13.21500, 25.0
13.22000, 22.0
13.22500, 23.0
13.23000, 22.0
13.23500, 24.0
13.24000, 21.0
13.24500, 21.0
13.25000, 25.0
13.25500, 34.0
13.26000, 32.0
13.26500, 28.0
13.27000, 22.0
13.27500, 22.0
13.28000, 31.0
13.28500, 16.0
13.29000, 30.0
13.29500, 26.0
13.30000, 23.0
13.30500, 24.0
13.31000, 25.0
13.31500, 20.0
13.32000, 26.0
13.32500, 22.0
13.33000, 22.0
13.33500, 21.0
13.34000, 25.0
13.34500, 31.0
13.35000, 19.0
13.35500, 29.0
13.36000, 25.0
13.36500, 26.0
13.37000, 26.0
13.37500, 27.0
13.38000, 31.0
13.38500, 23.0
13.39000, 18.0
13.39500, 24.0
13.40000, 23.0
13.40500, 19.0
13.41000, 25.0
13.41500, 24.0
13.42000, 25.0
13.42500, 21.0
13.43000, 23.0
13.43500, 23.0
13.44000, 19.0
13.44500, 22.0
13.45000, 29.0
13.45500, 21.0
13.46000, 19.0
13.46500, 23.0
13.47000, 20.0
13.47500, 18.0
13.48000, 27.0
13.48500, 29.0
13.49000, 29.0
13.49500, 21.0
13.50000, 19.0
13.50500, 23.0
13.51000, 24.0
13.51500, 24.0
13.52000, 26.0
13.52500, 23.0
13.53000, 28.0
13.53500, 24.0
13.54000, 24.0
13.54500, 30.0
13.55000, 24.0
13.55500, 15.0
13.56000, 24.0
13.56500, 26.0
13.57000, 21.0
13.57500, 23.0
13.58000, 26.0
13.58500, 26.0
13.59000, 25.0
13.59500, 25.0
13.60000, 24.0
13.60500, 22.0
13.61000, 24.0
13.61500, 22.0
13.62000, 18.0
13.62500, 21.0
13.63000, 19.0
13.63500, 27.0
13.64000, 21.0
13.64500, 23.0
13.65000, 23.0
13.65500, 17.0
13.66000, 28.0
13.66500, 24.0
13.67000, 20.0
13.67500, 27.0
13.68000, 27.0
13.68500, 20.0
13.69000, 18.0
13.69500, 17.0
13.70000, 22.0
13.70500, 13.0
13.71000, 16.0
13.71500, 21.0
13.72000, 25.0
13.72500, 20.0
13.73000, 16.0
13.73500, 27.0
13.74000, 19.0
13.74500, 22.0
13.75000, 23.0
13.75500, 23.0
13.76000, 23.0
13.76500, 24.0
13.77000, 22.0
13.77500, 23.0
13.78000, 21.0
13.78500, 21.0
13.79000, 20.0
13.79500, 29.0
13.80000, 21.0
13.80500, 24.0
13.81000, 17.0
13.81500, 23.0
13.82000, 25.0
13.82500, 22.0
13.83000, 22.0
13.83500, 23.0
13.84000, 20.0
13.84500, 13.0
13.85000, 15.0
13.85500, 18.0
13.86000, 20.0
13.86500, 19.0
13.87000, 20.0
13.87500, 16.0
13.88000, 18.0
13.88500, 23.0
13.89000, 17.0
13.89500, 26.0
13.90000, 21.0
13.90500, 18.0
13.91000, 21.0
13.91500, 18.0
13.92000, 24.0
13.92500, 24.0
13.93000, 22.0
13.93500, 16.0
13.94000, 18.0
13.94500, 11.0
13.95000, 15.0
13.95500, 16.0
13.96000, 17.0
13.96500, 18.0
13.97000, 16.0
13.97500, 21.0
13.98000, 21.0
13.98500, 19.0
13.99000, 22.0
13.99500, 22.0
14.00000, 17.0
14.00500, 21.0
14.01000, 20.0
14.01500, 17.0
14.02000, 25.0
14.02500, 22.0
14.03000, 19.0
14.03500, 17.0
14.04000, 23.0
14.04500, 16.0
14.05000, 18.0
14.05500, 21.0
14.06000, 25.0
14.06500, 16.0
14.07000, 27.0
14.07500, 22.0
14.08000, 20.0
14.08500, 16.0
14.09000, 22.0
14.09500, 22.0
14.10000, 19.0
14.10500, 20.0
14.11000, 24.0
14.11500, 17.0
14.12000, 18.0
14.12500, 19.0
14.13000, 23.0
14.13500, 17.0
14.14000, 12.0
14.14500, 22.0
14.15000, 20.0
14.15500, 23.0
14.16000, 23.0
14.16500, 25.0
14.17000, 19.0
14.17500, 19.0
14.18000, 15.0
14.18500, 12.0
14.19000, 17.0
14.19500, 16.0
14.20000, 20.0
14.20500, 17.0
14.21000, 17.0
14.21500, 16.0
14.22000, 19.0
14.22500, 22.0
14.23000, 21.0
14.23500, 16.0
14.24000, 13.0
14.24500, 17.0
14.25000, 18.0
14.25500, 15.0
14.26000, 16.0
14.26500, 19.0
14.27000, 15.0
14.27500, 20.0
14.28000, 20.0
14.28500, 18.0
14.29000, 22.0
14.29500, 14.0
14.30000, 16.0
14.30500, 15.0
14.31000, 19.0
14.31500, 22.0
14.32000, 21.0
14.32500, 21.0
14.33000, 21.0
14.33500, 17.0
14.34000, 19.0
14.34500, 16.0
14.35000, 12.0
14.35500, 18.0
14.36000, 19.0
14.36500, 19.0
14.37000, 17.0
14.37500, 17.0
14.38000, 15.0
14.38500, 16.0
14.39000, 9.0
14.39500, 19.0
14.40000, 18.0
14.40500, 23.0
14.41000, 18.0
14.41500, 17.0
14.42000, 15.0
14.42500, 19.0
14.43000, 18.0
14.43500, 19.0
14.44000, 13.0
14.44500, 11.0
14.45000, 18.0
14.45500, 17.0
14.46000, 14.0
14.46500, 14.0
14.47000, 14.0
14.47500, 20.0
14.48000, 20.0
14.48500, 23.0
14.49000, 12.0
14.49500, 18.0
14.50000, 15.0
14.50500, 16.0
14.51000, 16.0
14.51500, 15.0
14.52000, 13.0
14.52500, 15.0
14.53000, 18.0
14.53500, 17.0
14.54000, 17.0
14.54500, 16.0
14.55000, 21.0
14.55500, 15.0
14.56000, 19.0
14.56500, 28.0
14.57000, 18.0
14.57500, 13.0
14.58000, 14.0
14.58500, 19.0
14.59000, 16.0
14.59500, 12.0
14.60000, 17.0
14.60500, 17.0
14.61000, 12.0
14.61500, 21.0
14.62000, 17.0
14.62500, 16.0
14.63000, 16.0
14.63500, 12.0
14.64000, 15.0
14.64500, 16.0
14.65000, 17.0
14.65500, 20.0
14.66000, 21.0
14.66500, 18.0
14.67000, 17.0
14.67500, 21.0
14.68000, 12.0
14.68500, 12.0
14.69000, 15.0
14.69500, 16.0
14.70000, 16.0
14.70500, 19.0
14.71000, 20.0
14.71500, 14.0
14.72000, 17.0
14.72500, 14.0
14.73000, 18.0
14.73500, 15.0
14.74000, 11.0
14.74500, 12.0
14.75000, 15.0
14.75500, 15.0
14.76000, 15.0
14.76500, 14.0
14.77000, 18.0
14.77500, 16.0
14.78000, 15.0
14.78500, 13.0
14.79000, 12.0
14.79500, 15.0
14.80000, 13.0
14.80500, 13.0
14.81000, 14.0
14.81500, 13.0
14.82000, 17.0
14.82500, 20.0
14.83000, 16.0
14.83500, 19.0
14.84000, 16.0
14.84500, 10.0
14.85000, 12.0
14.85500, 12.0
14.86000, 14.0
14.86500, 14.0
14.87000, 16.0
14.87500, 11.0
14.88000, 11.0
14.88500, 18.0
14.89000, 16.0
14.89500, 12.0
14.90000, 17.0
14.90500, 16.0
14.91000, 13.0
14.91500, 12.0
14.92000, 18.0
14.92500, 15.0
14.93000, 18.0
14.93500, 18.0
14.94000, 13.0
14.94500, 14.0
14.95000, 15.0
14.95500, 17.0
14.96000, 13.0
14.96500, 16.0
14.97000, 13.0
14.97500, 16.0
14.98000, 15.0
14.98500, 14.0
14.99000, 11.0
14.99500, 10.0
15.00000, 12.0
15.00500, 14.0
15.01000, 15.0
15.01500, 12.0
15.02000, 11.0
15.02500, 13.0
15.03000, 18.0
15.03500, 19.0
15.04000, 17.0
15.04500, 18.0
15.05000, 19.0
15.05500, 15.0
15.06000, 14.0
15.06500, 15.0
15.07000, 14.0
15.07500, 14.0
15.08000, 16.0
15.08500, 11.0
15.09000, 11.0
15.09500, 10.0
15.10000, 14.0
15.10500, 14.0
15.11000, 10.0
15.11500, 10.0
15.12000, 9.0
15.12500, 11.0
15.13000, 9.0
15.13500, 11.0
15.14000, 13.0
15.14500, 14.0
15.15000, 13.0
15.15500, 12.0
15.16000, 13.0
15.16500, 16.0
15.17000, 15.0
15.17500, 12.0
15.18000, 14.0
15.18500, 12.0
15.19000, 12.0
15.19500, 15.0
15.20000, 15.0
15.20500, 12.0
15.21000, 9.0
15.21500, 12.0
15.22000, 22.0
15.22500, 19.0
15.23000, 11.0
15.23500, 10.0
15.24000, 9.0
15.24500, 9.0
15.25000, 10.0
15.25500, 11.0
15.26000, 14.0
15.26500, 10.0
15.27000, 10.0
15.27500, 13.0
15.28000, 13.0
15.28500, 11.0
15.29000, 12.0
15.29500, 13.0
15.30000, 15.0
15.30500, 12.0
15.31000, 11.0
15.31500, 11.0
15.32000, 11.0
15.32500, 8.0
15.33000, 10.0
15.33500, 11.0
15.34000, 14.0
15.34500, 16.0
15.35000, 11.0
15.35500, 13.0
15.36000, 13.0
15.36500, 12.0
15.37000, 12.0
15.37500, 10.0
15.38000, 14.0
15.38500, 16.0
15.39000, 16.0
15.39500, 15.0
15.40000, 11.0
15.40500, 13.0
15.41000, 15.0
15.41500, 13.0
15.42000, 15.0
15.42500, 14.0
15.43000, 13.0
15.43500, 10.0
15.44000, 8.0
15.44500, 10.0
15.45000, 13.0
15.45500, 14.0
15.46000, 9.0
15.46500, 8.0
15.47000, 11.0
15.47500, 8.0
15.48000, 10.0
15.48500, 14.0
15.49000, 15.0
15.49500, 17.0
15.50000, 12.0
15.50500, 9.0
15.51000, 11.0
15.51500, 8.0
15.52000, 8.0
15.52500, 16.0
15.53000, 13.0
15.53500, 6.0
15.54000, 7.0
15.54500, 11.0
15.55000, 12.0
15.55500, 12.0
15.56000, 10.0
15.56500, 13.0
15.57000, 17.0
15.57500, 15.0
15.58000, 14.0
15.58500, 9.0
15.59000, 6.0
15.59500, 9.0
15.60000, 13.0
15.60500, 13.0
15.61000, 8.0
15.61500, 9.0
15.62000, 15.0
15.62500, 14.0
15.63000, 14.0
15.63500, 12.0
15.64000, 10.0
15.64500, 9.0
15.65000, 9.0
15.65500, 10.0
15.66000, 17.0
15.66500, 14.0
15.67000, 8.0
15.67500, 10.0
15.68000, 12.0
15.68500, 9.0
15.69000, 9.0
15.69500, 14.0
15.70000, 15.0
15.70500, 11.0
15.71000, 13.0
15.71500, 12.0
15.72000, 9.0
15.72500, 12.0
15.73000, 10.0
15.73500, 6.0
15.74000, 9.0
15.74500, 14.0
15.75000, 17.0
15.75500, 18.0
15.76000, 9.0
15.76500, 7.0
15.77000, 10.0
15.77500, 8.0
15.78000, 7.0
15.78500, 10.0
15.79000, 8.0
15.79500, 6.0
15.80000, 10.0
15.80500, 7.0
15.81000, 8.0
15.81500, 15.0
15.82000, 14.0
15.82500, 8.0
15.83000, 8.0
15.83500, 13.0
15.84000, 14.0
15.84500, 12.0
15.85000, 8.0
15.85500, 7.0
15.86000, 6.0
15.86500, 8.0
15.87000, 10.0
15.87500, 14.0
15.88000, 12.0
15.88500, 7.0
15.89000, 11.0
15.89500, 11.0
15.90000, 11.0
15.90500, 8.0
15.91000, 6.0
15.91500, 7.0
15.92000, 5.0
15.92500, 10.0
15.93000, 15.0
15.93500, 11.0
15.94000, 6.0
15.94500, 9.0
15.95000, 9.0
15.95500, 6.0
15.96000, 9.0
15.96500, 14.0
15.97000, 14.0
15.97500, 8.0
15.98000, 7.0
15.98500, 11.0
15.99000, 14.0
15.99500, 11.0
16.00000, 9.0
16.00500, 7.0
16.01000, 5.0
16.01500, 9.0
16.02000, 10.0
16.02500, 9.0
16.03000, 9.0
16.03500, 10.0
16.04000, 11.0
16.04500, 10.0
16.05000, 9.0
16.05500, 8.0
16.06000, 10.0
16.06500, 12.0
16.07000, 12.0
16.07500, 10.0
16.08000, 7.0
16.08500, 7.0
16.09000, 9.0
16.09500, 9.0
16.10000, 10.0
16.10500, 9.0
16.11000, 11.0
16.11500, 14.0
16.12000, 9.0
16.12500, 12.0
16.13000, 13.0
16.13500, 9.0
16.14000, 8.0
16.14500, 9.0
16.15000, 10.0
16.15500, 9.0
16.16000, 6.0
16.16500, 5.0
16.17000, 8.0
16.17500, 8.0
16.18000, 9.0
16.18500, 9.0
16.19000, 8.0
16.19500, 7.0
16.20000, 7.0
16.20500, 12.0
16.21000, 11.0
16.21500, 11.0
16.22000, 10.0
16.22500, 11.0
16.23000, 13.0
16.23500, 13.0
16.24000, 14.0
16.24500, 13.0
16.25000, 8.0
16.25500, 7.0
16.26000, 12.0
16.26500, 12.0
16.27000, 12.0
16.27500, 10.0
16.28000, 6.0
16.28500, 6.0
16.29000, 8.0
16.29500, 8.0
16.30000, 7.0
16.30500, 8.0
16.31000, 10.0
16.31500, 9.0
16.32000, 3.0
16.32500, 6.0
16.33000, 9.0
16.33500, 10.0
16.34000, 9.0
16.34500, 8.0
16.35000, 7.0
16.35500, 8.0
16.36000, 10.0
16.36500, 6.0
16.37000, 5.0
16.37500, 7.0
16.38000, 10.0
16.38500, 12.0
16.39000, 10.0
16.39500, 7.0
16.40000, 7.0
16.40500, 5.0
16.41000, 8.0
16.41500, 9.0
16.42000, 8.0
16.42500, 9.0
16.43000, 10.0
16.43500, 8.0
16.44000, 7.0
16.44500, 8.0
16.45000, 7.0
16.45500, 7.0
16.46000, 8.0
16.46500, 8.0
16.47000, 5.0
16.47500, 5.0
16.48000, 6.0
16.48500, 10.0
16.49000, 9.0
16.49500, 9.0
16.50000, 11.0
16.50500, 9.0
16.51000, 6.0
16.51500, 9.0
16.52000, 9.0
16.52500, 7.0
16.53000, 7.0
16.53500, 7.0
16.54000, 12.0
16.54500, 9.0
16.55000, 8.0
16.55500, 7.0
16.56000, 11.0
16.56500, 9.0
16.57000, 9.0
16.57500, 8.0
16.58000, 8.0
16.58500, 9.0
16.59000, 6.0
16.59500, 9.0
16.60000, 7.0
16.60500, 6.0
16.61000, 8.0
16.61500, 10.0
16.62000, 9.0
16.62500, 8.0
16.63000, 3.0
16.63500, 7.0
16.64000, 7.0
16.64500, 6.0
16.65000, 6.0
16.65500, 5.0
16.66000, 10.0
16.66500, 11.0
16.67000, 7.0
16.67500, 6.0
16.68000, 5.0
16.68500, 5.0
16.69000, 8.0
16.69500, 7.0
16.70000, 5.0
16.70500, 8.0
16.71000, 7.0
16.71500, 6.0
16.72000, 4.0
16.72500, 6.0
16.73000, 10.0
16.73500, 11.0
16.74000, 7.0
16.74500, 8.0
16.75000, 9.0
16.75500, 9.0
16.76000, 7.0
16.76500, 6.0
16.77000, 7.0
16.77500, 7.0
16.78000, 6.0
16.78500, 5.0
16.79000, 8.0
16.79500, 9.0
16.80000, 4.0
16.80500, 4.0
16.81000, 5.0
16.81500, 4.0
16.82000, 7.0
16.82500, 9.0
16.83000, 10.0
16.83500, 7.0
16.84000, 6.0
16.84500, 8.0
16.85000, 11.0
16.85500, 13.0
16.86000, 7.0
16.86500, 4.0
16.87000, 5.0
16.87500, 7.0
16.88000, 5.0
16.88500, 6.0
16.89000, 8.0
16.89500, 5.0
16.90000, 7.0
16.90500, 11.0
16.91000, 7.0
16.91500, 6.0
16.92000, 5.0
16.92500, 5.0
16.93000, 6.0
16.93500, 5.0
16.94000, 10.0
16.94500, 7.0
16.95000, 1.0
16.95500, 5.0
16.96000, 6.0
16.96500, 7.0
16.97000, 7.0
16.97500, 6.0
16.98000, 6.0
16.98500, 9.0
16.99000, 9.0
16.99500, 8.0
17.00000, 4.0
17.00500, 6.0
17.01000, 6.0
17.01500, 5.0
17.02000, 6.0
17.02500, 6.0
17.03000, 5.0
17.03500, 5.0
17.04000, 4.0
17.04500, 3.0
17.05000, 4.0
17.05500, 4.0
17.06000, 5.0
17.06500, 9.0
17.07000, 5.0
17.07500, 7.0
17.08000, 10.0
17.08500, 5.0
17.09000, 5.0
17.09500, 6.0
17.10000, 8.0
17.10500, 4.0
17.11000, 6.0
17.11500, 7.0
17.12000, 8.0
17.12500, 4.0
17.13000, 6.0
17.13500, 6.0
17.14000, 5.0
17.14500, 7.0
17.15000, 8.0
17.15500, 5.0
17.16000, 4.0
17.16500, 5.0
17.17000, 6.0
17.17500, 10.0
17.18000, 7.0
17.18500, 4.0
17.19000, 9.0
17.19500, 7.0
17.20000, 4.0
17.20500, 4.0
17.21000, 3.0
17.21500, 3.0
17.22000, 6.0
17.22500, 5.0
17.23000, 9.0
17.23500, 9.0
17.24000, 5.0
17.24500, 2.0
17.25000, 1.0
17.25500, 2.0
17.26000, 6.0
17.26500, 6.0
17.27000, 4.0
17.27500, 4.0
17.28000, 6.0
17.28500, 7.0
17.29000, 5.0
17.29500, 4.0
17.30000, 6.0
17.30500, 7.0
17.31000, 5.0
17.31500, 5.0
17.32000, 4.0
17.32500, 5.0
17.33000, 4.0
17.33500, 5.0
17.34000, 4.0
17.34500, 5.0
17.35000, 4.0
17.35500, 6.0
17.36000, 7.0
17.36500, 4.0
17.37000, 3.0
17.37500, 6.0
17.38000, 8.0
17.38500, 7.0
17.39000, 7.0
17.39500, 5.0
17.40000, 6.0
17.40500, 4.0
17.41000, 5.0
17.41500, 8.0
17.42000, 4.0
17.42500, 4.0
17.43000, 5.0
17.43500, 4.0
17.44000, 5.0
17.44500, 6.0
17.45000, 5.0
17.45500, 4.0
17.46000, 3.0
17.46500, 5.0
17.47000, 8.0
17.47500, 7.0
17.48000, 6.0
17.48500, 5.0
17.49000, 4.0
17.49500, 4.0
17.50000, 5.0
17.50500, 4.0
17.51000, 8.0
17.51500, 7.0
17.52000, 10.0
17.52500, 11.0
17.53000, 6.0
17.53500, 4.0
17.54000, 6.0
17.54500, 9.0
17.55000, 4.0
17.55500, 3.0
17.56000, 4.0
17.56500, 3.0
17.57000, 4.0
17.57500, 6.0
17.58000, 4.0
17.58500, 6.0
17.59000, 4.0
17.59500, 2.0
17.60000, 3.0
17.60500, 2.0
17.61000, 3.0
17.61500, 3.0
17.62000, 3.0
17.62500, 5.0
17.63000, 4.0
17.63500, 5.0
17.64000, 4.0
17.64500, 8.0
17.65000, 5.0
17.65500, 3.0
17.66000, 2.0
17.66500, 5.0
17.67000, 3.0
17.67500, 5.0
17.68000, 6.0
17.68500, 3.0
17.69000, 3.0
17.69500, 2.0
17.70000, 4.0
17.70500, 4.0
17.71000, 7.0
17.71500, 5.0
17.72000, 5.0
17.72500, 4.0
17.73000, 3.0
17.73500, 4.0
17.74000, 5.0
17.74500, 3.0
17.75000, 3.0
17.75500, 6.0
17.76000, 4.0
17.76500, 6.0
17.77000, 5.0
17.77500, 3.0
17.78000, 4.0
17.78500, 6.0
17.79000, 2.0
17.79500, 3.0
17.80000, 2.0
17.80500, 4.0
17.81000, 1.0
17.81500, 3.0
17.82000, 4.0
17.82500, 3.0
17.83000, 5.0
17.83500, 5.0
17.84000, 3.0
17.84500, 2.0
17.85000, 3.0
17.85500, 5.0
17.86000, 3.0
17.86500, 2.0
17.87000, 3.0
17.87500, 3.0
17.88000, 6.0
17.88500, 2.0
17.89000, 3.0
17.89500, 3.0
17.90000, 5.0
17.90500, 6.0
17.91000, 6.0
17.91500, 7.0
17.92000, 4.0
17.92500, 3.0
17.93000, 5.0
17.93500, 6.0
17.94000, 8.0
17.94500, 3.0
17.95000, 4.0
17.95500, 3.0
17.96000, 1.0
17.96500, 3.0
17.97000, 2.0
17.97500, 4.0
17.98000, 2.0
17.98500, 3.0
17.99000, 5.0
17.99500, 4.0
18.00000, 6.0
18.00500, 4.0
18.01000, 3.0
18.01500, 4.0
18.02000, 1.0
18.02500, 6.0
18.03000, 3.0
18.03500, 5.0
18.04000, 6.0
18.04500, 3.0
18.05000, 3.0
18.05500, 5.0
18.06000, 3.0
18.06500, 3.0
18.07000, 2.0
18.07500, 4.0
18.08000, 6.0
18.08500, 3.0
18.09000, 8.0
18.09500, 6.0
18.10000, 2.0
18.10500, 1.0
18.11000, 1.0
18.11500, 4.0
18.12000, 4.0
18.12500, 6.0
18.13000, 1.0
18.13500, 4.0
18.14000, 4.0
18.14500, 3.0
18.15000, 2.0
18.15500, 3.0
18.16000, 2.0
18.16500, 5.0
18.17000, 2.0
18.17500, 4.0
18.18000, 1.0
18.18500, 2.0
18.19000, 3.0
18.19500, 2.0
18.20000, 3.0
18.20500, 7.0
18.21000, 2.0
18.21500, 4.0
18.22000, 2.0
18.22500, 4.0
18.23000, 2.0
18.23500, 2.0
18.24000, 2.0
18.24500, 6.0
18.25000, 3.0
18.25500, 3.0
18.26000, 3.0
18.26500, 5.0
18.27000, 3.0
18.27500, 2.0
18.28000, 3.0
18.28500, 4.0
18.29000, 4.0
18.29500, 2.0
18.30000, 3.0
18.30500, 2.0
18.31000, 4.0
18.31500, 6.0
18.32000, 3.0
18.32500, 4.0
18.33000, 3.0
18.33500, 5.0
18.34000, 3.0
18.34500, 3.0
18.35000, 3.0
18.35500, 3.0
18.36000, 4.0
18.36500, 4.0
18.37000, 0.0
18.37500, 2.0
18.38000, 1.0
18.38500, 7.0
18.39000, 1.0
18.39500, 2.0
18.40000, 3.0
18.40500, 3.0
18.41000, 1.0
18.41500, 1.0
18.42000, 2.0
18.42500, 3.0
18.43000, 1.0
18.43500, 4.0
18.44000, 2.0
18.44500, 4.0
18.45000, 2.0
18.45500, 2.0
18.46000, 0.0
18.46500, 2.0
18.47000, 2.0
18.47500, 3.0
18.48000, 1.0
18.48500, 1.0
18.49000, 3.0
18.49500, 1.0
18.50000, 3.0
18.50500, 1.0
18.51000, 1.0
18.51500, 2.0
18.52000, 4.0
18.52500, 1.0
18.53000, 0.0
18.53500, 2.0
18.54000, 2.0
18.54500, 5.0
18.55000, 1.0
18.55500, 2.0
18.56000, 2.0
18.56500, 3.0
18.57000, 0.0
18.57500, 1.0
18.58000, 2.0
18.58500, 2.0
18.59000, 2.0
18.59500, 1.0
18.60000, 3.0
18.60500, 2.0
18.61000, 3.0
18.61500, 3.0
18.62000, 3.0
18.62500, 4.0
18.63000, 2.0
18.63500, 3.0
18.64000, 1.0
18.64500, 2.0
18.65000, 4.0
18.65500, 1.0
18.66000, 3.0
18.66500, 2.0
18.67000, 2.0
18.67500, 4.0
18.68000, 2.0
18.68500, 0.0
18.69000, 1.0
18.69500, 4.0
18.70000, 4.0
18.70500, 3.0
18.71000, 1.0
18.71500, 0.0
18.72000, 5.0
18.72500, 4.0
18.73000, 3.0
18.73500, 4.0
18.74000, 1.0
18.74500, 0.0
18.75000, 2.0
18.75500, 1.0
18.76000, 2.0
18.76500, 1.0
18.77000, 0.0
18.77500, 6.0
18.78000, 2.0
18.78500, 1.0
18.79000, 6.0
18.79500, 1.0
18.80000, 1.0
18.80500, 1.0
18.81000, 2.0
18.81500, 1.0
18.82000, 2.0
18.82500, 0.0
18.83000, 2.0
18.83500, 0.0
18.84000, 2.0
18.84500, 1.0
18.85000, 5.0
18.85500, 0.0
18.86000, 3.0
18.86500, 2.0
18.87000, 1.0
18.87500, 2.0
18.88000, 0.0
18.88500, 1.0
18.89000, 3.0
18.89500, 2.0
18.90000, 1.0
18.90500, 2.0
18.91000, 3.0
18.91500, 2.0
18.92000, 1.0
18.92500, 0.0
18.93000, 1.0
18.93500, 1.0
18.94000, 0.0
18.94500, 3.0
18.95000, 0.0
18.95500, 2.0
18.96000, 1.0
18.96500, 2.0
18.97000, 2.0
18.97500, 2.0
18.98000, 5.0
18.98500, 1.0
18.99000, 3.0
18.99500, 1.0
19.00000, 2.0
19.00500, 2.0
19.01000, 2.0
19.01500, 3.0
19.02000, 2.0
19.02500, 0.0
19.03000, 2.0
19.03500, 1.0
19.04000, 3.0
19.04500, 2.0
19.05000, 1.0
19.05500, 3.0
19.06000, 0.0
19.06500, 1.0
19.07000, 0.0
19.07500, 1.0
19.08000, 2.0
19.08500, 1.0
19.09000, 2.0
19.09500, 0.0
19.10000, 2.0
19.10500, 4.0
19.11000, 2.0
19.11500, 1.0
19.12000, 2.0
19.12500, 0.0
19.13000, 0.0
19.13500, 2.0
19.14000, 0.0
19.14500, 2.0
19.15000, 2.0
19.15500, 2.0
19.16000, 0.0
19.16500, 1.0
19.17000, 0.0
19.17500, 2.0
19.18000, 1.0
19.18500, 2.0
19.19000, 1.0
19.19500, 3.0
19.20000, 0.0
19.20500, 3.0
19.21000, 0.0
19.21500, 4.0
19.22000, 2.0
19.22500, 2.0
19.23000, 1.0
19.23500, 1.0
19.24000, 1.0
19.24500, 4.0
19.25000, 1.0
19.25500, 3.0
19.26000, 0.0
19.26500, 1.0
19.27000, 1.0
19.27500, 2.0
19.28000, 1.0
19.28500, 2.0
19.29000, 0.0
19.29500, 1.0
19.30000, 0.0
19.30500, 0.0
19.31000, 3.0
19.31500, 0.0
19.32000, 1.0
19.32500, 1.0
19.33000, 1.0
19.33500, 1.0
19.34000, 3.0
19.34500, 3.0
19.35000, 0.0
19.35500, 0.0
19.36000, 1.0
19.36500, 0.0
19.37000, 1.0
19.37500, 1.0
19.38000, 1.0
19.38500, 0.0
19.39000, 1.0
19.39500, 2.0
19.40000, 1.0
19.40500, 0.0
19.41000, 0.0
19.41500, 0.0
19.42000, 2.0
19.42500, 1.0
19.43000, 1.0
19.43500, 0.0
19.44000, 0.0
19.44500, 0.0
19.45000, 1.0
19.45500, 1.0
19.46000, 0.0
19.46500, 3.0
19.47000, 0.0
19.47500, 0.0
19.48000, 1.0
19.48500, 0.0
19.49000, 0.0
19.49500, 0.0
19.50000, 1.0
19.50500, 1.0
19.51000, 0.0
19.51500, 0.0
19.52000, 0.0
19.52500, 2.0
19.53000, 2.0
19.53500, 0.0
19.54000, 1.0
19.54500, 0.0
19.55000, 1.0
19.55500, 1.0
19.56000, 2.0
19.56500, 0.0
19.57000, 1.0
19.57500, 2.0
19.58000, 0.0
19.58500, 1.0
19.59000, 0.0
19.59500, 1.0
19.60000, 1.0
19.60500, 1.0
19.61000, 1.0
19.61500, 2.0
19.62000, 0.0
19.62500, 1.0
19.63000, 0.0
19.63500, 0.0
19.64000, 4.0
19.64500, 0.0
19.65000, 0.0
19.65500, 0.0
19.66000, 0.0
19.66500, 0.0
19.67000, 1.0
19.67500, 0.0
19.68000, 0.0
19.68500, 1.0
19.69000, 0.0
19.69500, 0.0
19.70000, 0.0
19.70500, 0.0
19.71000, 0.0
19.71500, 0.0
19.72000, 1.0
19.72500, 0.0
19.73000, 1.0
19.73500, 0.0
19.74000, 0.0
19.74500, 0.0
19.75000, 1.0
19.75500, 0.0
19.76000, 0.0
19.76500, 1.0
19.77000, 0.0
19.77500, 1.0
19.78000, 0.0
19.78500, 0.0
19.79000, 1.0
19.79500, 0.0
19.80000, 0.0
19.80500, 0.0
19.81000, 1.0
19.81500, 0.0
19.82000, 0.0
19.82500, 0.0
19.83000, 0.0
19.83500, 0.0
19.84000, 0.0
19.84500, 2.0
19.85000, 0.0
19.85500, 0.0
19.86000, 0.0
19.86500, 1.0
19.87000, 1.0
19.87500, 1.0
19.88000, 1.0
19.88500, 0.0
19.89000, 0.0
19.89500, 0.0
19.90000, 1.0
19.90500, 1.0
19.91000, 0.0
19.91500, 0.0
19.92000, 0.0
19.92500, 0.0
19.93000, 0.0
19.93500, 0.0
19.94000, 0.0
19.94500, 0.0
19.95000, 1.0
19.95500, 0.0
19.96000, 0.0
19.96500, 0.0
19.97000, 0.0
19.97500, 0.0
19.98000, 0.0
19.98500, 0.0
19.99000, 0.0
19.99500, 0.0
20.00000, 0.0
20.00500, 0.0
20.01000, 0.0
20.01500, 0.0
20.02000, 1.0
20.02500, 0.0
20.03000, 0.0
20.03500, 0.0
20.04000, 0.0
20.04500, 0.0
20.05000, 0.0
20.05500, 0.0
20.06000, 0.0
20.06500, 0.0
20.07000, 0.0
20.07500, 0.0
20.08000, 0.0
20.08500, 0.0
20.09000, 0.0
20.09500, 0.0
20.10000, 0.0
20.10500, 0.0
20.11000, 0.0
20.11500, 1.0
20.12000, 0.0
20.12500, 0.0
20.13000, 0.0
20.13500, 0.0
20.14000, 0.0
20.14500, 0.0
20.15000, 0.0
20.15500, 0.0
20.16000, 0.0
20.16500, 0.0
20.17000, 0.0
20.17500, 0.0
20.18000, 0.0
20.18500, 0.0
20.19000, 0.0
20.19500, 0.0
20.20000, 0.0
20.20500, 0.0
20.21000, 0.0
20.21500, 0.0
20.22000, 0.0
20.22500, 1.0
20.23000, 0.0
20.23500, 1.0
20.24000, 0.0
20.24500, 0.0
20.25000, 0.0
20.25500, 0.0
20.26000, 0.0
20.26500, 0.0
20.27000, 0.0
20.27500, 0.0
#ENDOFDATA   : 
