#FORMAT      : EMSA/MAS Spectral Data File
#VERSION     : 1.0
#TITLE       : 2048-5eV-s4-p6
#DATE        : 29-MAY-2014
#TIME        : 15:02
#OWNER       : 
#NPOINTS     : 2048.0
#NCOLUMNS    : 1.0
#XUNITS      : keV
#YUNITS      : counts
#DATATYPE    : XY
#XPERCHAN    : 0.005
#OFFSET      : -0.1
#SIGNALTYPE  : EDS
#CHOFFSET    : 20.0
#LIVETIME    : 100.449752808
#REALTIME    : 140.939025879
#BEAMKV      : 20.0
#PROBECUR    : 0.0
#MAGCAM      : 3500.0
#XTILTSTGE   : 0.0
#AZIMANGLE   : 0.0
#ELEVANGLE   : 35.0
#XPOSITION mm: -3.1130
#YPOSITION mm: 1.3240
#ZPOSITION mm: 5.0130
##OXINSTPT   : 6
##OXINSTSTROB: 34.44
##OXINSTELEMS: 25,6,13
##OXINSTLABEL: 25, 5.899, Mn
##OXINSTLABEL: 25, 6.490, Mn
##OXINSTLABEL: 25, 0.636, Mn
##OXINSTLABEL: 25, 0.567, Mn
##OXINSTLABEL: 6, 0.277, C
##OXINSTLABEL: 13, 1.487, Al
#SPECTRUM    : Spectral Data Starts Here
-0.10000, 0.0
-0.09500, 0.0
-0.09000, 0.0
-0.08500, 0.0
-0.08000, 0.0
-0.07500, 0.0
-0.07000, 1.0
-0.06500, 1.0
-0.06000, 0.0
-0.05500, 3.0
-0.05000, 6.0
-0.04500, 21.0
-0.04000, 48.0
-0.03500, 116.0
-0.03000, 286.0
-0.02500, 520.0
-0.02000, 893.0
-0.01500, 1465.0
-0.01000, 2249.0
-0.00500, 3040.0
0.00000, 3650.0
0.00500, 4016.0
0.01000, 4125.0
0.01500, 3733.0
0.02000, 3092.0
0.02500, 2340.0
0.03000, 1616.0
0.03500, 1071.0
0.04000, 613.0
0.04500, 343.0
0.05000, 192.0
0.05500, 106.0
0.06000, 66.0
0.06500, 54.0
0.07000, 57.0
0.07500, 57.0
0.08000, 55.0
0.08500, 61.0
0.09000, 58.0
0.09500, 63.0
0.10000, 65.0
0.10500, 61.0
0.11000, 64.0
0.11500, 72.0
0.12000, 70.0
0.12500, 65.0
0.13000, 50.0
0.13500, 61.0
0.14000, 80.0
0.14500, 73.0
0.15000, 74.0
0.15500, 79.0
0.16000, 75.0
0.16500, 72.0
0.17000, 75.0
0.17500, 77.0
0.18000, 82.0
0.18500, 72.0
0.19000, 80.0
0.19500, 90.0
0.20000, 98.0
0.20500, 97.0
0.21000, 113.0
0.21500, 119.0
0.22000, 127.0
0.22500, 132.0
0.23000, 147.0
0.23500, 197.0
0.24000, 239.0
0.24500, 294.0
0.25000, 364.0
0.25500, 463.0
0.26000, 545.0
0.26500, 608.0
0.27000, 630.0
0.27500, 615.0
0.28000, 614.0
0.28500, 552.0
0.29000, 517.0
0.29500, 430.0
0.30000, 311.0
0.30500, 245.0
0.31000, 164.0
0.31500, 138.0
0.32000, 121.0
0.32500, 110.0
0.33000, 101.0
0.33500, 108.0
0.34000, 106.0
0.34500, 108.0
0.35000, 121.0
0.35500, 138.0
0.36000, 136.0
0.36500, 151.0
0.37000, 143.0
0.37500, 137.0
0.38000, 146.0
0.38500, 155.0
0.39000, 167.0
0.39500, 175.0
0.40000, 175.0
0.40500, 178.0
0.41000, 197.0
0.41500, 213.0
0.42000, 228.0
0.42500, 214.0
0.43000, 225.0
0.43500, 239.0
0.44000, 256.0
0.44500, 278.0
0.45000, 317.0
0.45500, 313.0
0.46000, 293.0
0.46500, 319.0
0.47000, 360.0
0.47500, 384.0
0.48000, 432.0
0.48500, 468.0
0.49000, 526.0
0.49500, 626.0
0.50000, 740.0
0.50500, 855.0
0.51000, 1040.0
0.51500, 1191.0
0.52000, 1415.0
0.52500, 1656.0
0.53000, 1930.0
0.53500, 2251.0
0.54000, 2519.0
0.54500, 2803.0
0.55000, 2918.0
0.55500, 2993.0
0.56000, 3009.0
0.56500, 2882.0
0.57000, 2700.0
0.57500, 2382.0
0.58000, 2250.0
0.58500, 2076.0
0.59000, 2055.0
0.59500, 2186.0
0.60000, 2578.0
0.60500, 3106.0
0.61000, 3663.0
0.61500, 4384.0
0.62000, 4998.0
0.62500, 5612.0
0.63000, 5994.0
0.63500, 6242.0
0.64000, 6065.0
0.64500, 5648.0
0.65000, 5165.0
0.65500, 4439.0
0.66000, 3588.0
0.66500, 2774.0
0.67000, 2126.0
0.67500, 1563.0
0.68000, 1087.0
0.68500, 746.0
0.69000, 542.0
0.69500, 376.0
0.70000, 270.0
0.70500, 216.0
0.71000, 170.0
0.71500, 171.0
0.72000, 153.0
0.72500, 139.0
0.73000, 133.0
0.73500, 123.0
0.74000, 127.0
0.74500, 136.0
0.75000, 132.0
0.75500, 107.0
0.76000, 93.0
0.76500, 89.0
0.77000, 94.0
0.77500, 99.0
0.78000, 97.0
0.78500, 94.0
0.79000, 99.0
0.79500, 99.0
0.80000, 107.0
0.80500, 103.0
0.81000, 106.0
0.81500, 98.0
0.82000, 99.0
0.82500, 99.0
0.83000, 102.0
0.83500, 100.0
0.84000, 103.0
0.84500, 115.0
0.85000, 97.0
0.85500, 88.0
0.86000, 95.0
0.86500, 106.0
0.87000, 108.0
0.87500, 119.0
0.88000, 125.0
0.88500, 116.0
0.89000, 118.0
0.89500, 124.0
0.90000, 102.0
0.90500, 121.0
0.91000, 127.0
0.91500, 115.0
0.92000, 116.0
0.92500, 120.0
0.93000, 129.0
0.93500, 135.0
0.94000, 130.0
0.94500, 133.0
0.95000, 144.0
0.95500, 148.0
0.96000, 147.0
0.96500, 141.0
0.97000, 139.0
0.97500, 149.0
0.98000, 150.0
0.98500, 140.0
0.99000, 146.0
0.99500, 149.0
1.00000, 154.0
1.00500, 136.0
1.01000, 133.0
1.01500, 143.0
1.02000, 148.0
1.02500, 162.0
1.03000, 161.0
1.03500, 153.0
1.04000, 161.0
1.04500, 156.0
1.05000, 159.0
1.05500, 164.0
1.06000, 165.0
1.06500, 176.0
1.07000, 177.0
1.07500, 163.0
1.08000, 158.0
1.08500, 168.0
1.09000, 176.0
1.09500, 194.0
1.10000, 201.0
1.10500, 176.0
1.11000, 186.0
1.11500, 197.0
1.12000, 184.0
1.12500, 185.0
1.13000, 191.0
1.13500, 199.0
1.14000, 204.0
1.14500, 201.0
1.15000, 204.0
1.15500, 210.0
1.16000, 200.0
1.16500, 194.0
1.17000, 199.0
1.17500, 194.0
1.18000, 194.0
1.18500, 206.0
1.19000, 221.0
1.19500, 218.0
1.20000, 217.0
1.20500, 215.0
1.21000, 220.0
1.21500, 230.0
1.22000, 231.0
1.22500, 230.0
1.23000, 233.0
1.23500, 226.0
1.24000, 244.0
1.24500, 244.0
1.25000, 235.0
1.25500, 232.0
1.26000, 242.0
1.26500, 233.0
1.27000, 240.0
1.27500, 248.0
1.28000, 254.0
1.28500, 263.0
1.29000, 244.0
1.29500, 233.0
1.30000, 221.0
1.30500, 223.0
1.31000, 233.0
1.31500, 239.0
1.32000, 223.0
1.32500, 227.0
1.33000, 242.0
1.33500, 236.0
1.34000, 243.0
1.34500, 242.0
1.35000, 232.0
1.35500, 236.0
1.36000, 237.0
1.36500, 237.0
1.37000, 253.0
1.37500, 257.0
1.38000, 242.0
1.38500, 247.0
1.39000, 256.0
1.39500, 243.0
1.40000, 252.0
1.40500, 246.0
1.41000, 249.0
1.41500, 269.0
1.42000, 277.0
1.42500, 267.0
1.43000, 261.0
1.43500, 270.0
1.44000, 276.0
1.44500, 300.0
1.45000, 300.0
1.45500, 306.0
1.46000, 331.0
1.46500, 333.0
1.47000, 320.0
1.47500, 314.0
1.48000, 350.0
1.48500, 352.0
1.49000, 341.0
1.49500, 359.0
1.50000, 342.0
1.50500, 325.0
1.51000, 329.0
1.51500, 324.0
1.52000, 321.0
1.52500, 316.0
1.53000, 311.0
1.53500, 298.0
1.54000, 308.0
1.54500, 320.0
1.55000, 284.0
1.55500, 269.0
1.56000, 289.0
1.56500, 294.0
1.57000, 301.0
1.57500, 291.0
1.58000, 273.0
1.58500, 268.0
1.59000, 272.0
1.59500, 294.0
1.60000, 289.0
1.60500, 261.0
1.61000, 264.0
1.61500, 281.0
1.62000, 284.0
1.62500, 273.0
1.63000, 280.0
1.63500, 280.0
1.64000, 283.0
1.64500, 301.0
1.65000, 294.0
1.65500, 305.0
1.66000, 308.0
1.66500, 297.0
1.67000, 293.0
1.67500, 292.0
1.68000, 288.0
1.68500, 299.0
1.69000, 310.0
1.69500, 319.0
1.70000, 320.0
1.70500, 311.0
1.71000, 329.0
1.71500, 319.0
1.72000, 299.0
1.72500, 302.0
1.73000, 306.0
1.73500, 299.0
1.74000, 310.0
1.74500, 321.0
1.75000, 315.0
1.75500, 311.0
1.76000, 316.0
1.76500, 342.0
1.77000, 334.0
1.77500, 327.0
1.78000, 325.0
1.78500, 297.0
1.79000, 302.0
1.79500, 292.0
1.80000, 288.0
1.80500, 295.0
1.81000, 300.0
1.81500, 317.0
1.82000, 307.0
1.82500, 300.0
1.83000, 292.0
1.83500, 286.0
1.84000, 292.0
1.84500, 302.0
1.85000, 314.0
1.85500, 309.0
1.86000, 300.0
1.86500, 307.0
1.87000, 309.0
1.87500, 318.0
1.88000, 317.0
1.88500, 305.0
1.89000, 297.0
1.89500, 285.0
1.90000, 283.0
1.90500, 278.0
1.91000, 268.0
1.91500, 285.0
1.92000, 302.0
1.92500, 301.0
1.93000, 300.0
1.93500, 310.0
1.94000, 317.0
1.94500, 325.0
1.95000, 308.0
1.95500, 302.0
1.96000, 317.0
1.96500, 324.0
1.97000, 313.0
1.97500, 300.0
1.98000, 293.0
1.98500, 293.0
1.99000, 298.0
1.99500, 294.0
2.00000, 313.0
2.00500, 319.0
2.01000, 300.0
2.01500, 315.0
2.02000, 312.0
2.02500, 317.0
2.03000, 316.0
2.03500, 305.0
2.04000, 306.0
2.04500, 314.0
2.05000, 316.0
2.05500, 300.0
2.06000, 292.0
2.06500, 299.0
2.07000, 311.0
2.07500, 326.0
2.08000, 324.0
2.08500, 322.0
2.09000, 308.0
2.09500, 312.0
2.10000, 312.0
2.10500, 308.0
2.11000, 303.0
2.11500, 321.0
2.12000, 322.0
2.12500, 317.0
2.13000, 302.0
2.13500, 315.0
2.14000, 324.0
2.14500, 300.0
2.15000, 286.0
2.15500, 297.0
2.16000, 308.0
2.16500, 322.0
2.17000, 327.0
2.17500, 329.0
2.18000, 324.0
2.18500, 327.0
2.19000, 337.0
2.19500, 303.0
2.20000, 295.0
2.20500, 318.0
2.21000, 332.0
2.21500, 323.0
2.22000, 318.0
2.22500, 300.0
2.23000, 302.0
2.23500, 323.0
2.24000, 302.0
2.24500, 292.0
2.25000, 308.0
2.25500, 312.0
2.26000, 326.0
2.26500, 317.0
2.27000, 316.0
2.27500, 323.0
2.28000, 318.0
2.28500, 304.0
2.29000, 303.0
2.29500, 321.0
2.30000, 326.0
2.30500, 325.0
2.31000, 323.0
2.31500, 342.0
2.32000, 352.0
2.32500, 335.0
2.33000, 340.0
2.33500, 352.0
2.34000, 326.0
2.34500, 307.0
2.35000, 314.0
2.35500, 331.0
2.36000, 346.0
2.36500, 335.0
2.37000, 292.0
2.37500, 298.0
2.38000, 315.0
2.38500, 320.0
2.39000, 314.0
2.39500, 304.0
2.40000, 320.0
2.40500, 308.0
2.41000, 321.0
2.41500, 334.0
2.42000, 334.0
2.42500, 321.0
2.43000, 306.0
2.43500, 323.0
2.44000, 313.0
2.44500, 308.0
2.45000, 312.0
2.45500, 320.0
2.46000, 324.0
2.46500, 315.0
2.47000, 318.0
2.47500, 334.0
2.48000, 320.0
2.48500, 310.0
2.49000, 326.0
2.49500, 309.0
2.50000, 295.0
2.50500, 303.0
2.51000, 306.0
2.51500, 318.0
2.52000, 297.0
2.52500, 303.0
2.53000, 308.0
2.53500, 326.0
2.54000, 304.0
2.54500, 310.0
2.55000, 319.0
2.55500, 326.0
2.56000, 341.0
2.56500, 312.0
2.57000, 316.0
2.57500, 302.0
2.58000, 308.0
2.58500, 344.0
2.59000, 307.0
2.59500, 321.0
2.60000, 333.0
2.60500, 334.0
2.61000, 314.0
2.61500, 308.0
2.62000, 285.0
2.62500, 288.0
2.63000, 287.0
2.63500, 301.0
2.64000, 322.0
2.64500, 293.0
2.65000, 298.0
2.65500, 319.0
2.66000, 316.0
2.66500, 321.0
2.67000, 324.0
2.67500, 318.0
2.68000, 297.0
2.68500, 301.0
2.69000, 306.0
2.69500, 294.0
2.70000, 302.0
2.70500, 296.0
2.71000, 303.0
2.71500, 305.0
2.72000, 296.0
2.72500, 293.0
2.73000, 304.0
2.73500, 296.0
2.74000, 308.0
2.74500, 298.0
2.75000, 293.0
2.75500, 271.0
2.76000, 312.0
2.76500, 300.0
2.77000, 302.0
2.77500, 299.0
2.78000, 294.0
2.78500, 302.0
2.79000, 296.0
2.79500, 296.0
2.80000, 281.0
2.80500, 288.0
2.81000, 292.0
2.81500, 282.0
2.82000, 318.0
2.82500, 314.0
2.83000, 302.0
2.83500, 283.0
2.84000, 286.0
2.84500, 293.0
2.85000, 303.0
2.85500, 302.0
2.86000, 288.0
2.86500, 285.0
2.87000, 295.0
2.87500, 316.0
2.88000, 311.0
2.88500, 279.0
2.89000, 276.0
2.89500, 292.0
2.90000, 306.0
2.90500, 309.0
2.91000, 305.0
2.91500, 318.0
2.92000, 292.0
2.92500, 281.0
2.93000, 303.0
2.93500, 299.0
2.94000, 303.0
2.94500, 289.0
2.95000, 306.0
2.95500, 307.0
2.96000, 297.0
2.96500, 287.0
2.97000, 282.0
2.97500, 293.0
2.98000, 312.0
2.98500, 290.0
2.99000, 285.0
2.99500, 280.0
3.00000, 291.0
3.00500, 280.0
3.01000, 283.0
3.01500, 289.0
3.02000, 305.0
3.02500, 281.0
3.03000, 279.0
3.03500, 271.0
3.04000, 271.0
3.04500, 285.0
3.05000, 289.0
3.05500, 271.0
3.06000, 296.0
3.06500, 305.0
3.07000, 299.0
3.07500, 291.0
3.08000, 272.0
3.08500, 292.0
3.09000, 286.0
3.09500, 267.0
3.10000, 261.0
3.10500, 279.0
3.11000, 269.0
3.11500, 282.0
3.12000, 281.0
3.12500, 274.0
3.13000, 275.0
3.13500, 294.0
3.14000, 282.0
3.14500, 279.0
3.15000, 283.0
3.15500, 301.0
3.16000, 299.0
3.16500, 295.0
3.17000, 298.0
3.17500, 285.0
3.18000, 280.0
3.18500, 286.0
3.19000, 296.0
3.19500, 269.0
3.20000, 277.0
3.20500, 290.0
3.21000, 293.0
3.21500, 284.0
3.22000, 263.0
3.22500, 272.0
3.23000, 280.0
3.23500, 267.0
3.24000, 283.0
3.24500, 279.0
3.25000, 267.0
3.25500, 280.0
3.26000, 276.0
3.26500, 271.0
3.27000, 261.0
3.27500, 256.0
3.28000, 270.0
3.28500, 263.0
3.29000, 277.0
3.29500, 283.0
3.30000, 283.0
3.30500, 277.0
3.31000, 281.0
3.31500, 264.0
3.32000, 245.0
3.32500, 270.0
3.33000, 291.0
3.33500, 299.0
3.34000, 301.0
3.34500, 275.0
3.35000, 277.0
3.35500, 267.0
3.36000, 265.0
3.36500, 266.0
3.37000, 245.0
3.37500, 268.0
3.38000, 297.0
3.38500, 297.0
3.39000, 272.0
3.39500, 245.0
3.40000, 260.0
3.40500, 284.0
3.41000, 267.0
3.41500, 250.0
3.42000, 242.0
3.42500, 254.0
3.43000, 246.0
3.43500, 237.0
3.44000, 251.0
3.44500, 255.0
3.45000, 275.0
3.45500, 255.0
3.46000, 254.0
3.46500, 255.0
3.47000, 284.0
3.47500, 256.0
3.48000, 260.0
3.48500, 242.0
3.49000, 257.0
3.49500, 263.0
3.50000, 278.0
3.50500, 285.0
3.51000, 242.0
3.51500, 259.0
3.52000, 264.0
3.52500, 262.0
3.53000, 260.0
3.53500, 253.0
3.54000, 236.0
3.54500, 246.0
3.55000, 248.0
3.55500, 260.0
3.56000, 262.0
3.56500, 257.0
3.57000, 248.0
3.57500, 244.0
3.58000, 251.0
3.58500, 254.0
3.59000, 235.0
3.59500, 240.0
3.60000, 252.0
3.60500, 237.0
3.61000, 267.0
3.61500, 232.0
3.62000, 267.0
3.62500, 262.0
3.63000, 218.0
3.63500, 230.0
3.64000, 254.0
3.64500, 221.0
3.65000, 239.0
3.65500, 249.0
3.66000, 228.0
3.66500, 241.0
3.67000, 247.0
3.67500, 256.0
3.68000, 262.0
3.68500, 253.0
3.69000, 232.0
3.69500, 257.0
3.70000, 245.0
3.70500, 248.0
3.71000, 253.0
3.71500, 237.0
3.72000, 218.0
3.72500, 252.0
3.73000, 267.0
3.73500, 252.0
3.74000, 228.0
3.74500, 238.0
3.75000, 244.0
3.75500, 237.0
3.76000, 236.0
3.76500, 249.0
3.77000, 229.0
3.77500, 222.0
3.78000, 214.0
3.78500, 224.0
3.79000, 242.0
3.79500, 249.0
3.80000, 243.0
3.80500, 256.0
3.81000, 252.0
3.81500, 234.0
3.82000, 226.0
3.82500, 245.0
3.83000, 222.0
3.83500, 214.0
3.84000, 236.0
3.84500, 224.0
3.85000, 226.0
3.85500, 246.0
3.86000, 209.0
3.86500, 258.0
3.87000, 241.0
3.87500, 244.0
3.88000, 240.0
3.88500, 242.0
3.89000, 234.0
3.89500, 217.0
3.90000, 222.0
3.90500, 209.0
3.91000, 238.0
3.91500, 233.0
3.92000, 218.0
3.92500, 235.0
3.93000, 233.0
3.93500, 227.0
3.94000, 229.0
3.94500, 216.0
3.95000, 237.0
3.95500, 206.0
3.96000, 224.0
3.96500, 195.0
3.97000, 219.0
3.97500, 229.0
3.98000, 232.0
3.98500, 227.0
3.99000, 239.0
3.99500, 247.0
4.00000, 225.0
4.00500, 213.0
4.01000, 243.0
4.01500, 237.0
4.02000, 226.0
4.02500, 239.0
4.03000, 225.0
4.03500, 225.0
4.04000, 244.0
4.04500, 236.0
4.05000, 247.0
4.05500, 226.0
4.06000, 249.0
4.06500, 225.0
4.07000, 215.0
4.07500, 250.0
4.08000, 228.0
4.08500, 246.0
4.09000, 248.0
4.09500, 235.0
4.10000, 237.0
4.10500, 250.0
4.11000, 265.0
4.11500, 266.0
4.12000, 256.0
4.12500, 291.0
4.13000, 265.0
4.13500, 271.0
4.14000, 251.0
4.14500, 275.0
4.15000, 260.0
4.15500, 272.0
4.16000, 293.0
4.16500, 302.0
4.17000, 290.0
4.17500, 275.0
4.18000, 281.0
4.18500, 280.0
4.19000, 280.0
4.19500, 253.0
4.20000, 242.0
4.20500, 225.0
4.21000, 255.0
4.21500, 232.0
4.22000, 219.0
4.22500, 231.0
4.23000, 243.0
4.23500, 232.0
4.24000, 219.0
4.24500, 220.0
4.25000, 208.0
4.25500, 224.0
4.26000, 216.0
4.26500, 218.0
4.27000, 224.0
4.27500, 220.0
4.28000, 203.0
4.28500, 214.0
4.29000, 221.0
4.29500, 188.0
4.30000, 202.0
4.30500, 222.0
4.31000, 172.0
4.31500, 199.0
4.32000, 207.0
4.32500, 189.0
4.33000, 207.0
4.33500, 198.0
4.34000, 220.0
4.34500, 188.0
4.35000, 185.0
4.35500, 210.0
4.36000, 185.0
4.36500, 201.0
4.37000, 212.0
4.37500, 194.0
4.38000, 218.0
4.38500, 191.0
4.39000, 204.0
4.39500, 209.0
4.40000, 188.0
4.40500, 205.0
4.41000, 214.0
4.41500, 158.0
4.42000, 189.0
4.42500, 206.0
4.43000, 193.0
4.43500, 199.0
4.44000, 219.0
4.44500, 220.0
4.45000, 210.0
4.45500, 201.0
4.46000, 198.0
4.46500, 211.0
4.47000, 212.0
4.47500, 212.0
4.48000, 216.0
4.48500, 195.0
4.49000, 189.0
4.49500, 203.0
4.50000, 217.0
4.50500, 218.0
4.51000, 211.0
4.51500, 180.0
4.52000, 187.0
4.52500, 197.0
4.53000, 215.0
4.53500, 204.0
4.54000, 190.0
4.54500, 186.0
4.55000, 205.0
4.55500, 196.0
4.56000, 186.0
4.56500, 183.0
4.57000, 193.0
4.57500, 203.0
4.58000, 176.0
4.58500, 193.0
4.59000, 194.0
4.59500, 195.0
4.60000, 199.0
4.60500, 221.0
4.61000, 198.0
4.61500, 198.0
4.62000, 177.0
4.62500, 196.0
4.63000, 182.0
4.63500, 178.0
4.64000, 177.0
4.64500, 190.0
4.65000, 181.0
4.65500, 154.0
4.66000, 168.0
4.66500, 186.0
4.67000, 187.0
4.67500, 197.0
4.68000, 171.0
4.68500, 192.0
4.69000, 187.0
4.69500, 181.0
4.70000, 201.0
4.70500, 190.0
4.71000, 204.0
4.71500, 181.0
4.72000, 194.0
4.72500, 191.0
4.73000, 165.0
4.73500, 185.0
4.74000, 214.0
4.74500, 175.0
4.75000, 198.0
4.75500, 193.0
4.76000, 202.0
4.76500, 180.0
4.77000, 198.0
4.77500, 183.0
4.78000, 164.0
4.78500, 181.0
4.79000, 231.0
4.79500, 182.0
4.80000, 170.0
4.80500, 186.0
4.81000, 187.0
4.81500, 212.0
4.82000, 206.0
4.82500, 206.0
4.83000, 175.0
4.83500, 204.0
4.84000, 189.0
4.84500, 183.0
4.85000, 175.0
4.85500, 188.0
4.86000, 169.0
4.86500, 172.0
4.87000, 179.0
4.87500, 179.0
4.88000, 191.0
4.88500, 179.0
4.89000, 173.0
4.89500, 170.0
4.90000, 177.0
4.90500, 167.0
4.91000, 196.0
4.91500, 186.0
4.92000, 181.0
4.92500, 187.0
4.93000, 167.0
4.93500, 188.0
4.94000, 190.0
4.94500, 184.0
4.95000, 186.0
4.95500, 171.0
4.96000, 170.0
4.96500, 169.0
4.97000, 182.0
4.97500, 180.0
4.98000, 155.0
4.98500, 168.0
4.99000, 169.0
4.99500, 153.0
5.00000, 179.0
5.00500, 171.0
5.01000, 180.0
5.01500, 173.0
5.02000, 180.0
5.02500, 173.0
5.03000, 179.0
5.03500, 177.0
5.04000, 182.0
5.04500, 180.0
5.05000, 188.0
5.05500, 173.0
5.06000, 182.0
5.06500, 201.0
5.07000, 152.0
5.07500, 176.0
5.08000, 191.0
5.08500, 173.0
5.09000, 185.0
5.09500, 174.0
5.10000, 185.0
5.10500, 176.0
5.11000, 164.0
5.11500, 174.0
5.12000, 163.0
5.12500, 166.0
5.13000, 179.0
5.13500, 175.0
5.14000, 171.0
5.14500, 161.0
5.15000, 158.0
5.15500, 157.0
5.16000, 163.0
5.16500, 148.0
5.17000, 188.0
5.17500, 162.0
5.18000, 177.0
5.18500, 157.0
5.19000, 155.0
5.19500, 153.0
5.20000, 150.0
5.20500, 156.0
5.21000, 178.0
5.21500, 187.0
5.22000, 178.0
5.22500, 158.0
5.23000, 152.0
5.23500, 165.0
5.24000, 173.0
5.24500, 144.0
5.25000, 139.0
5.25500, 161.0
5.26000, 145.0
5.26500, 173.0
5.27000, 162.0
5.27500, 163.0
5.28000, 163.0
5.28500, 158.0
5.29000, 155.0
5.29500, 150.0
5.30000, 150.0
5.30500, 155.0
5.31000, 145.0
5.31500, 164.0
5.32000, 147.0
5.32500, 163.0
5.33000, 177.0
5.33500, 162.0
5.34000, 172.0
5.34500, 167.0
5.35000, 167.0
5.35500, 141.0
5.36000, 164.0
5.36500, 166.0
5.37000, 159.0
5.37500, 130.0
5.38000, 146.0
5.38500, 143.0
5.39000, 158.0
5.39500, 149.0
5.40000, 195.0
5.40500, 152.0
5.41000, 166.0
5.41500, 142.0
5.42000, 134.0
5.42500, 152.0
5.43000, 169.0
5.43500, 146.0
5.44000, 164.0
5.44500, 152.0
5.45000, 169.0
5.45500, 151.0
5.46000, 162.0
5.46500, 167.0
5.47000, 167.0
5.47500, 173.0
5.48000, 158.0
5.48500, 153.0
5.49000, 144.0
5.49500, 148.0
5.50000, 150.0
5.50500, 169.0
5.51000, 136.0
5.51500, 166.0
5.52000, 137.0
5.52500, 146.0
5.53000, 180.0
5.53500, 150.0
5.54000, 143.0
5.54500, 148.0
5.55000, 164.0
5.55500, 154.0
5.56000, 146.0
5.56500, 157.0
5.57000, 179.0
5.57500, 185.0
5.58000, 151.0
5.58500, 158.0
5.59000, 167.0
5.59500, 164.0
5.60000, 157.0
5.60500, 156.0
5.61000, 152.0
5.61500, 156.0
5.62000, 180.0
5.62500, 172.0
5.63000, 169.0
5.63500, 148.0
5.64000, 187.0
5.64500, 173.0
5.65000, 173.0
5.65500, 150.0
5.66000, 165.0
5.66500, 174.0
5.67000, 191.0
5.67500, 197.0
5.68000, 200.0
5.68500, 189.0
5.69000, 200.0
5.69500, 207.0
5.70000, 212.0
5.70500, 206.0
5.71000, 208.0
5.71500, 231.0
5.72000, 241.0
5.72500, 273.0
5.73000, 287.0
5.73500, 307.0
5.74000, 406.0
5.74500, 443.0
5.75000, 480.0
5.75500, 600.0
5.76000, 715.0
5.76500, 799.0
5.77000, 998.0
5.77500, 1186.0
5.78000, 1432.0
5.78500, 1685.0
5.79000, 2065.0
5.79500, 2382.0
5.80000, 2789.0
5.80500, 3320.0
5.81000, 3918.0
5.81500, 4555.0
5.82000, 5182.0
5.82500, 5955.0
5.83000, 6656.0
5.83500, 7526.0
5.84000, 8508.0
5.84500, 9154.0
5.85000, 10062.0
5.85500, 10881.0
5.86000, 11634.0
5.86500, 12481.0
5.87000, 13213.0
5.87500, 13699.0
5.88000, 14206.0
5.88500, 14547.0
5.89000, 14910.0
5.89500, 14951.0
5.90000, 14848.0
5.90500, 14706.0
5.91000, 14442.0
5.91500, 14148.0
5.92000, 13675.0
5.92500, 13271.0
5.93000, 12530.0
5.93500, 11613.0
5.94000, 11056.0
5.94500, 10016.0
5.95000, 9175.0
5.95500, 8445.0
5.96000, 7518.0
5.96500, 6775.0
5.97000, 5886.0
5.97500, 5186.0
5.98000, 4455.0
5.98500, 3924.0
5.99000, 3336.0
5.99500, 2875.0
6.00000, 2474.0
6.00500, 2028.0
6.01000, 1755.0
6.01500, 1465.0
6.02000, 1194.0
6.02500, 977.0
6.03000, 817.0
6.03500, 690.0
6.04000, 591.0
6.04500, 476.0
6.05000, 403.0
6.05500, 332.0
6.06000, 292.0
6.06500, 284.0
6.07000, 236.0
6.07500, 222.0
6.08000, 208.0
6.08500, 182.0
6.09000, 172.0
6.09500, 162.0
6.10000, 162.0
6.10500, 179.0
6.11000, 161.0
6.11500, 157.0
6.12000, 154.0
6.12500, 159.0
6.13000, 154.0
6.13500, 157.0
6.14000, 148.0
6.14500, 143.0
6.15000, 141.0
6.15500, 147.0
6.16000, 150.0
6.16500, 151.0
6.17000, 155.0
6.17500, 135.0
6.18000, 141.0
6.18500, 146.0
6.19000, 129.0
6.19500, 141.0
6.20000, 155.0
6.20500, 167.0
6.21000, 153.0
6.21500, 150.0
6.22000, 148.0
6.22500, 152.0
6.23000, 159.0
6.23500, 142.0
6.24000, 148.0
6.24500, 139.0
6.25000, 158.0
6.25500, 172.0
6.26000, 175.0
6.26500, 155.0
6.27000, 145.0
6.27500, 147.0
6.28000, 180.0
6.28500, 180.0
6.29000, 167.0
6.29500, 169.0
6.30000, 183.0
6.30500, 171.0
6.31000, 198.0
6.31500, 191.0
6.32000, 192.0
6.32500, 210.0
6.33000, 196.0
6.33500, 216.0
6.34000, 240.0
6.34500, 254.0
6.35000, 266.0
6.35500, 277.0
6.36000, 300.0
6.36500, 338.0
6.37000, 406.0
6.37500, 414.0
6.38000, 446.0
6.38500, 518.0
6.39000, 545.0
6.39500, 621.0
6.40000, 731.0
6.40500, 789.0
6.41000, 819.0
6.41500, 926.0
6.42000, 1030.0
6.42500, 1109.0
6.43000, 1196.0
6.43500, 1230.0
6.44000, 1368.0
6.44500, 1536.0
6.45000, 1605.0
6.45500, 1670.0
6.46000, 1755.0
6.46500, 1840.0
6.47000, 1952.0
6.47500, 2002.0
6.48000, 1902.0
6.48500, 1912.0
6.49000, 1943.0
6.49500, 1984.0
6.50000, 1952.0
6.50500, 1919.0
6.51000, 1794.0
6.51500, 1792.0
6.52000, 1746.0
6.52500, 1609.0
6.53000, 1538.0
6.53500, 1488.0
6.54000, 1390.0
6.54500, 1247.0
6.55000, 1164.0
6.55500, 1099.0
6.56000, 980.0
6.56500, 844.0
6.57000, 733.0
6.57500, 711.0
6.58000, 636.0
6.58500, 564.0
6.59000, 510.0
6.59500, 436.0
6.60000, 383.0
6.60500, 326.0
6.61000, 279.0
6.61500, 258.0
6.62000, 246.0
6.62500, 214.0
6.63000, 189.0
6.63500, 171.0
6.64000, 157.0
6.64500, 142.0
6.65000, 128.0
6.65500, 111.0
6.66000, 118.0
6.66500, 121.0
6.67000, 104.0
6.67500, 99.0
6.68000, 102.0
6.68500, 104.0
6.69000, 93.0
6.69500, 89.0
6.70000, 74.0
6.70500, 78.0
6.71000, 79.0
6.71500, 88.0
6.72000, 96.0
6.72500, 95.0
6.73000, 90.0
6.73500, 99.0
6.74000, 95.0
6.74500, 99.0
6.75000, 108.0
6.75500, 98.0
6.76000, 96.0
6.76500, 94.0
6.77000, 79.0
6.77500, 74.0
6.78000, 104.0
6.78500, 98.0
6.79000, 88.0
6.79500, 86.0
6.80000, 85.0
6.80500, 87.0
6.81000, 89.0
6.81500, 93.0
6.82000, 84.0
6.82500, 95.0
6.83000, 94.0
6.83500, 91.0
6.84000, 78.0
6.84500, 87.0
6.85000, 90.0
6.85500, 85.0
6.86000, 77.0
6.86500, 84.0
6.87000, 90.0
6.87500, 101.0
6.88000, 95.0
6.88500, 103.0
6.89000, 85.0
6.89500, 75.0
6.90000, 89.0
6.90500, 90.0
6.91000, 94.0
6.91500, 92.0
6.92000, 93.0
6.92500, 84.0
6.93000, 81.0
6.93500, 88.0
6.94000, 98.0
6.94500, 97.0
6.95000, 73.0
6.95500, 79.0
6.96000, 99.0
6.96500, 102.0
6.97000, 94.0
6.97500, 94.0
6.98000, 78.0
6.98500, 94.0
6.99000, 85.0
6.99500, 81.0
7.00000, 95.0
7.00500, 92.0
7.01000, 83.0
7.01500, 88.0
7.02000, 89.0
7.02500, 82.0
7.03000, 88.0
7.03500, 93.0
7.04000, 94.0
7.04500, 88.0
7.05000, 86.0
7.05500, 79.0
7.06000, 83.0
7.06500, 85.0
7.07000, 84.0
7.07500, 95.0
7.08000, 90.0
7.08500, 86.0
7.09000, 89.0
7.09500, 97.0
7.10000, 95.0
7.10500, 84.0
7.11000, 83.0
7.11500, 83.0
7.12000, 85.0
7.12500, 89.0
7.13000, 76.0
7.13500, 92.0
7.14000, 88.0
7.14500, 75.0
7.15000, 87.0
7.15500, 93.0
7.16000, 86.0
7.16500, 93.0
7.17000, 90.0
7.17500, 91.0
7.18000, 88.0
7.18500, 78.0
7.19000, 80.0
7.19500, 98.0
7.20000, 97.0
7.20500, 73.0
7.21000, 87.0
7.21500, 93.0
7.22000, 84.0
7.22500, 85.0
7.23000, 84.0
7.23500, 93.0
7.24000, 94.0
7.24500, 89.0
7.25000, 91.0
7.25500, 97.0
7.26000, 93.0
7.26500, 95.0
7.27000, 86.0
7.27500, 75.0
7.28000, 89.0
7.28500, 84.0
7.29000, 79.0
7.29500, 87.0
7.30000, 91.0
7.30500, 96.0
7.31000, 96.0
7.31500, 82.0
7.32000, 76.0
7.32500, 87.0
7.33000, 93.0
7.33500, 88.0
7.34000, 92.0
7.34500, 92.0
7.35000, 83.0
7.35500, 81.0
7.36000, 83.0
7.36500, 84.0
7.37000, 82.0
7.37500, 89.0
7.38000, 98.0
7.38500, 98.0
7.39000, 97.0
7.39500, 90.0
7.40000, 84.0
7.40500, 86.0
7.41000, 84.0
7.41500, 80.0
7.42000, 83.0
7.42500, 84.0
7.43000, 89.0
7.43500, 91.0
7.44000, 92.0
7.44500, 83.0
7.45000, 80.0
7.45500, 86.0
7.46000, 87.0
7.46500, 79.0
7.47000, 75.0
7.47500, 81.0
7.48000, 81.0
7.48500, 73.0
7.49000, 71.0
7.49500, 80.0
7.50000, 84.0
7.50500, 86.0
7.51000, 90.0
7.51500, 84.0
7.52000, 86.0
7.52500, 90.0
7.53000, 94.0
7.53500, 99.0
7.54000, 99.0
7.54500, 90.0
7.55000, 80.0
7.55500, 82.0
7.56000, 83.0
7.56500, 79.0
7.57000, 86.0
7.57500, 86.0
7.58000, 79.0
7.58500, 75.0
7.59000, 76.0
7.59500, 85.0
7.60000, 86.0
7.60500, 77.0
7.61000, 75.0
7.61500, 76.0
7.62000, 79.0
7.62500, 87.0
7.63000, 93.0
7.63500, 82.0
7.64000, 79.0
7.64500, 79.0
7.65000, 75.0
7.65500, 74.0
7.66000, 75.0
7.66500, 74.0
7.67000, 72.0
7.67500, 68.0
7.68000, 78.0
7.68500, 91.0
7.69000, 88.0
7.69500, 82.0
7.70000, 84.0
7.70500, 84.0
7.71000, 89.0
7.71500, 88.0
7.72000, 85.0
7.72500, 81.0
7.73000, 82.0
7.73500, 85.0
7.74000, 79.0
7.74500, 74.0
7.75000, 78.0
7.75500, 85.0
7.76000, 83.0
7.76500, 76.0
7.77000, 78.0
7.77500, 79.0
7.78000, 85.0
7.78500, 83.0
7.79000, 73.0
7.79500, 82.0
7.80000, 78.0
7.80500, 74.0
7.81000, 81.0
7.81500, 83.0
7.82000, 83.0
7.82500, 83.0
7.83000, 79.0
7.83500, 79.0
7.84000, 82.0
7.84500, 81.0
7.85000, 79.0
7.85500, 69.0
7.86000, 69.0
7.86500, 78.0
7.87000, 81.0
7.87500, 77.0
7.88000, 57.0
7.88500, 64.0
7.89000, 75.0
7.89500, 67.0
7.90000, 71.0
7.90500, 78.0
7.91000, 85.0
7.91500, 87.0
7.92000, 80.0
7.92500, 86.0
7.93000, 81.0
7.93500, 81.0
7.94000, 82.0
7.94500, 71.0
7.95000, 69.0
7.95500, 69.0
7.96000, 69.0
7.96500, 70.0
7.97000, 75.0
7.97500, 79.0
7.98000, 75.0
7.98500, 84.0
7.99000, 81.0
7.99500, 71.0
8.00000, 75.0
8.00500, 76.0
8.01000, 70.0
8.01500, 75.0
8.02000, 69.0
8.02500, 67.0
8.03000, 74.0
8.03500, 76.0
8.04000, 79.0
8.04500, 75.0
8.05000, 74.0
8.05500, 73.0
8.06000, 68.0
8.06500, 66.0
8.07000, 77.0
8.07500, 81.0
8.08000, 72.0
8.08500, 73.0
8.09000, 77.0
8.09500, 81.0
8.10000, 81.0
8.10500, 78.0
8.11000, 80.0
8.11500, 72.0
8.12000, 78.0
8.12500, 91.0
8.13000, 81.0
8.13500, 79.0
8.14000, 81.0
8.14500, 79.0
8.15000, 89.0
8.15500, 95.0
8.16000, 89.0
8.16500, 77.0
8.17000, 75.0
8.17500, 75.0
8.18000, 75.0
8.18500, 76.0
8.19000, 83.0
8.19500, 87.0
8.20000, 68.0
8.20500, 62.0
8.21000, 73.0
8.21500, 80.0
8.22000, 80.0
8.22500, 77.0
8.23000, 72.0
8.23500, 72.0
8.24000, 78.0
8.24500, 73.0
8.25000, 71.0
8.25500, 88.0
8.26000, 86.0
8.26500, 81.0
8.27000, 86.0
8.27500, 83.0
8.28000, 75.0
8.28500, 80.0
8.29000, 78.0
8.29500, 68.0
8.30000, 65.0
8.30500, 71.0
8.31000, 77.0
8.31500, 69.0
8.32000, 63.0
8.32500, 69.0
8.33000, 83.0
8.33500, 85.0
8.34000, 72.0
8.34500, 62.0
8.35000, 67.0
8.35500, 69.0
8.36000, 67.0
8.36500, 70.0
8.37000, 67.0
8.37500, 68.0
8.38000, 70.0
8.38500, 67.0
8.39000, 65.0
8.39500, 78.0
8.40000, 77.0
8.40500, 68.0
8.41000, 73.0
8.41500, 72.0
8.42000, 65.0
8.42500, 67.0
8.43000, 74.0
8.43500, 77.0
8.44000, 69.0
8.44500, 72.0
8.45000, 80.0
8.45500, 80.0
8.46000, 79.0
8.46500, 80.0
8.47000, 78.0
8.47500, 75.0
8.48000, 79.0
8.48500, 76.0
8.49000, 82.0
8.49500, 79.0
8.50000, 76.0
8.50500, 81.0
8.51000, 79.0
8.51500, 76.0
8.52000, 74.0
8.52500, 77.0
8.53000, 71.0
8.53500, 71.0
8.54000, 73.0
8.54500, 68.0
8.55000, 73.0
8.55500, 77.0
8.56000, 76.0
8.56500, 72.0
8.57000, 66.0
8.57500, 67.0
8.58000, 73.0
8.58500, 68.0
8.59000, 68.0
8.59500, 71.0
8.60000, 63.0
8.60500, 68.0
8.61000, 74.0
8.61500, 69.0
8.62000, 68.0
8.62500, 78.0
8.63000, 74.0
8.63500, 72.0
8.64000, 73.0
8.64500, 68.0
8.65000, 77.0
8.65500, 76.0
8.66000, 80.0
8.66500, 70.0
8.67000, 72.0
8.67500, 85.0
8.68000, 81.0
8.68500, 71.0
8.69000, 71.0
8.69500, 65.0
8.70000, 67.0
8.70500, 70.0
8.71000, 78.0
8.71500, 72.0
8.72000, 69.0
8.72500, 69.0
8.73000, 65.0
8.73500, 67.0
8.74000, 70.0
8.74500, 69.0
8.75000, 63.0
8.75500, 64.0
8.76000, 69.0
8.76500, 67.0
8.77000, 62.0
8.77500, 61.0
8.78000, 64.0
8.78500, 72.0
8.79000, 66.0
8.79500, 75.0
8.80000, 74.0
8.80500, 61.0
8.81000, 58.0
8.81500, 61.0
8.82000, 75.0
8.82500, 75.0
8.83000, 69.0
8.83500, 71.0
8.84000, 69.0
8.84500, 60.0
8.85000, 59.0
8.85500, 61.0
8.86000, 56.0
8.86500, 62.0
8.87000, 77.0
8.87500, 79.0
8.88000, 73.0
8.88500, 69.0
8.89000, 65.0
8.89500, 64.0
8.90000, 70.0
8.90500, 67.0
8.91000, 64.0
8.91500, 66.0
8.92000, 66.0
8.92500, 65.0
8.93000, 59.0
8.93500, 63.0
8.94000, 72.0
8.94500, 75.0
8.95000, 66.0
8.95500, 67.0
8.96000, 73.0
8.96500, 83.0
8.97000, 71.0
8.97500, 67.0
8.98000, 61.0
8.98500, 65.0
8.99000, 60.0
8.99500, 58.0
9.00000, 64.0
9.00500, 57.0
9.01000, 58.0
9.01500, 59.0
9.02000, 59.0
9.02500, 64.0
9.03000, 66.0
9.03500, 66.0
9.04000, 68.0
9.04500, 61.0
9.05000, 63.0
9.05500, 65.0
9.06000, 63.0
9.06500, 62.0
9.07000, 67.0
9.07500, 68.0
9.08000, 58.0
9.08500, 65.0
9.09000, 73.0
9.09500, 76.0
9.10000, 73.0
9.10500, 67.0
9.11000, 61.0
9.11500, 61.0
9.12000, 60.0
9.12500, 54.0
9.13000, 63.0
9.13500, 63.0
9.14000, 57.0
9.14500, 64.0
9.15000, 65.0
9.15500, 69.0
9.16000, 69.0
9.16500, 61.0
9.17000, 60.0
9.17500, 64.0
9.18000, 67.0
9.18500, 59.0
9.19000, 58.0
9.19500, 57.0
9.20000, 60.0
9.20500, 65.0
9.21000, 59.0
9.21500, 52.0
9.22000, 63.0
9.22500, 72.0
9.23000, 71.0
9.23500, 55.0
9.24000, 67.0
9.24500, 69.0
9.25000, 70.0
9.25500, 69.0
9.26000, 54.0
9.26500, 66.0
9.27000, 75.0
9.27500, 62.0
9.28000, 55.0
9.28500, 59.0
9.29000, 56.0
9.29500, 63.0
9.30000, 61.0
9.30500, 69.0
9.31000, 66.0
9.31500, 58.0
9.32000, 61.0
9.32500, 65.0
9.33000, 60.0
9.33500, 57.0
9.34000, 56.0
9.34500, 61.0
9.35000, 63.0
9.35500, 58.0
9.36000, 62.0
9.36500, 73.0
9.37000, 64.0
9.37500, 57.0
9.38000, 55.0
9.38500, 48.0
9.39000, 49.0
9.39500, 64.0
9.40000, 69.0
9.40500, 57.0
9.41000, 61.0
9.41500, 60.0
9.42000, 60.0
9.42500, 59.0
9.43000, 55.0
9.43500, 58.0
9.44000, 67.0
9.44500, 67.0
9.45000, 67.0
9.45500, 72.0
9.46000, 60.0
9.46500, 56.0
9.47000, 54.0
9.47500, 63.0
9.48000, 57.0
9.48500, 61.0
9.49000, 60.0
9.49500, 70.0
9.50000, 58.0
9.50500, 55.0
9.51000, 53.0
9.51500, 64.0
9.52000, 58.0
9.52500, 68.0
9.53000, 58.0
9.53500, 64.0
9.54000, 65.0
9.54500, 64.0
9.55000, 56.0
9.55500, 53.0
9.56000, 60.0
9.56500, 58.0
9.57000, 57.0
9.57500, 59.0
9.58000, 47.0
9.58500, 52.0
9.59000, 55.0
9.59500, 63.0
9.60000, 60.0
9.60500, 58.0
9.61000, 65.0
9.61500, 50.0
9.62000, 47.0
9.62500, 57.0
9.63000, 65.0
9.63500, 61.0
9.64000, 62.0
9.64500, 51.0
9.65000, 51.0
9.65500, 51.0
9.66000, 62.0
9.66500, 51.0
9.67000, 56.0
9.67500, 55.0
9.68000, 56.0
9.68500, 55.0
9.69000, 48.0
9.69500, 58.0
9.70000, 70.0
9.70500, 58.0
9.71000, 64.0
9.71500, 57.0
9.72000, 59.0
9.72500, 58.0
9.73000, 51.0
9.73500, 51.0
9.74000, 44.0
9.74500, 55.0
9.75000, 64.0
9.75500, 61.0
9.76000, 56.0
9.76500, 59.0
9.77000, 63.0
9.77500, 59.0
9.78000, 55.0
9.78500, 50.0
9.79000, 52.0
9.79500, 43.0
9.80000, 54.0
9.80500, 62.0
9.81000, 62.0
9.81500, 68.0
9.82000, 54.0
9.82500, 57.0
9.83000, 61.0
9.83500, 63.0
9.84000, 59.0
9.84500, 56.0
9.85000, 60.0
9.85500, 53.0
9.86000, 55.0
9.86500, 60.0
9.87000, 65.0
9.87500, 48.0
9.88000, 63.0
9.88500, 69.0
9.89000, 69.0
9.89500, 61.0
9.90000, 63.0
9.90500, 61.0
9.91000, 49.0
9.91500, 52.0
9.92000, 54.0
9.92500, 59.0
9.93000, 57.0
9.93500, 56.0
9.94000, 55.0
9.94500, 48.0
9.95000, 54.0
9.95500, 59.0
9.96000, 56.0
9.96500, 52.0
9.97000, 59.0
9.97500, 54.0
9.98000, 49.0
9.98500, 52.0
9.99000, 51.0
9.99500, 62.0
10.00000, 53.0
10.00500, 59.0
10.01000, 63.0
10.01500, 56.0
10.02000, 54.0
10.02500, 53.0
10.03000, 56.0
10.03500, 60.0
10.04000, 64.0
10.04500, 65.0
10.05000, 52.0
10.05500, 47.0
10.06000, 52.0
10.06500, 66.0
10.07000, 56.0
10.07500, 60.0
10.08000, 61.0
10.08500, 51.0
10.09000, 38.0
10.09500, 43.0
10.10000, 52.0
10.10500, 47.0
10.11000, 54.0
10.11500, 65.0
10.12000, 66.0
10.12500, 57.0
10.13000, 46.0
10.13500, 42.0
#ENDOFDATA   : 
