 #  Results from PENEPMA.
 #  Angular distribution of emerging electrons.
 #  1st and 2nd columns: THETA and PHI (deg).
 #  3rd and 4th columns: probability density and STU (1/sr)

   2.000000E+00  6.000001E+00  6.830417E-02  1.772008E-02
   2.000000E+00  1.800000E+01  7.974346E-02  1.915021E-02
   2.000000E+00  3.000000E+01  7.038481E-02  1.798856E-02
   2.000000E+00  4.200000E+01  7.035302E-02  1.798851E-02
   2.000000E+00  5.400001E+01  7.762794E-02  1.889817E-02
   2.000000E+00  6.600001E+01  7.560311E-02  1.864337E-02
   2.000000E+00  7.800001E+01  7.773872E-02  1.889885E-02
   2.000000E+00  9.000001E+01  7.140057E-02  1.812131E-02
   2.000000E+00  1.020000E+02  6.583272E-02  1.737889E-02
   2.000000E+00  1.140000E+02  7.971187E-02  1.915014E-02
   2.000000E+00  1.260000E+02  7.665757E-02  1.877104E-02
   2.000000E+00  1.380000E+02  7.042117E-02  1.798863E-02
   2.000000E+00  1.500000E+02  7.408469E-02  1.845010E-02
   2.000000E+00  1.620000E+02  8.230142E-02  1.946050E-02
   2.000000E+00  1.740000E+02  6.839264E-02  1.772025E-02
   2.000000E+00  1.860000E+02  8.404410E-02  1.964654E-02
   2.000000E+00  1.980000E+02  7.708377E-02  1.883461E-02
   2.000000E+00  2.100000E+02  7.879124E-02  1.902479E-02
   2.000000E+00  2.220000E+02  7.862984E-02  1.902451E-02
   2.000000E+00  2.340000E+02  7.563960E-02  1.864296E-02
   2.000000E+00  2.460000E+02  7.194189E-02  1.818732E-02
   2.000000E+00  2.580000E+02  7.815021E-02  1.896196E-02
   2.000000E+00  2.700000E+02  8.173359E-02  1.939875E-02
   2.000000E+00  2.820000E+02  8.443926E-02  1.970538E-02
   2.000000E+00  2.940000E+02  7.924167E-02  1.908755E-02
   2.000000E+00  3.060000E+02  7.498071E-02  1.857831E-02
   2.000000E+00  3.180000E+02  5.742768E-02  1.623797E-02
   2.000000E+00  3.300000E+02  7.201570E-02  1.818745E-02
   2.000000E+00  3.420000E+02  6.673199E-02  1.751651E-02
   2.000000E+00  3.540000E+02  7.746312E-02  1.889788E-02
    
   6.000001E+00  6.000001E+00  7.996205E-02  1.108587E-02
   6.000001E+00  1.800000E+01  7.223495E-02  1.052993E-02
   6.000001E+00  3.000000E+01  7.743212E-02  1.090382E-02
   6.000001E+00  4.200000E+01  7.632925E-02  1.082992E-02
   6.000001E+00  5.400001E+01  8.047109E-02  1.112195E-02
   6.000001E+00  6.600001E+01  7.841192E-02  1.097701E-02
   6.000001E+00  7.800001E+01  6.476371E-02  9.969475E-03
   6.000001E+00  9.000001E+01  7.388776E-02  1.065585E-02
   6.000001E+00  1.020000E+02  7.361798E-02  1.063083E-02
   6.000001E+00  1.140000E+02  7.213681E-02  1.051723E-02
   6.000001E+00  1.260000E+02  7.146460E-02  1.047900E-02
   6.000001E+00  1.380000E+02  6.944475E-02  1.032497E-02
   6.000001E+00  1.500000E+02  7.330616E-02  1.060571E-02
   6.000001E+00  1.620000E+02  7.596484E-02  1.080521E-02
   6.000001E+00  1.740000E+02  7.119229E-02  1.045345E-02
   6.000001E+00  1.860000E+02  6.919995E-02  1.029909E-02
   6.000001E+00  1.980000E+02  6.919898E-02  1.029946E-02
   6.000001E+00  2.100000E+02  6.979241E-02  1.035072E-02
   6.000001E+00  2.220000E+02  7.211907E-02  1.051731E-02
   6.000001E+00  2.340000E+02  7.106048E-02  1.044071E-02
   6.000001E+00  2.460000E+02  7.187976E-02  1.050443E-02
   6.000001E+00  2.580000E+02  7.838665E-02  1.097698E-02
   6.000001E+00  2.700000E+02  7.579346E-02  1.079285E-02
   6.000001E+00  2.820000E+02  7.204766E-02  1.051713E-02
   6.000001E+00  2.940000E+02  7.758203E-02  1.091604E-02
   6.000001E+00  3.060000E+02  7.444301E-02  1.069342E-02
   6.000001E+00  3.180000E+02  7.584950E-02  1.079290E-02
   6.000001E+00  3.300000E+02  7.227719E-02  1.052999E-02
   6.000001E+00  3.420000E+02  6.984438E-02  1.035078E-02
   6.000001E+00  3.540000E+02  8.008961E-02  1.109787E-02
    
   1.000000E+01  6.000001E+00  7.511779E-02  8.336850E-03
   1.000000E+01  1.800000E+01  7.275622E-02  8.196785E-03
   1.000000E+01  3.000000E+01  7.654065E-02  8.412020E-03
   1.000000E+01  4.200000E+01  7.601124E-02  8.383203E-03
   1.000000E+01  5.400001E+01  7.302176E-02  8.214177E-03
   1.000000E+01  6.600001E+01  7.005040E-02  8.047496E-03
   1.000000E+01  7.800001E+01  7.616267E-02  8.389265E-03
   1.000000E+01  9.000001E+01  7.217553E-02  8.166948E-03
   1.000000E+01  1.020000E+02  7.415734E-02  8.284430E-03
   1.000000E+01  1.140000E+02  7.487184E-02  8.319643E-03
   1.000000E+01  1.260000E+02  7.708393E-02  8.446399E-03
   1.000000E+01  1.380000E+02  7.173529E-02  8.143104E-03
   1.000000E+01  1.500000E+02  7.518424E-02  8.336906E-03
   1.000000E+01  1.620000E+02  7.345170E-02  8.237674E-03
   1.000000E+01  1.740000E+02  7.755901E-02  8.469329E-03
   1.000000E+01  1.860000E+02  7.566955E-02  8.366058E-03
   1.000000E+01  1.980000E+02  7.539382E-02  8.348503E-03
   1.000000E+01  2.100000E+02  7.692284E-02  8.434971E-03
   1.000000E+01  2.220000E+02  7.364690E-02  8.249454E-03
   1.000000E+01  2.340000E+02  7.810860E-02  8.497869E-03
   1.000000E+01  2.460000E+02  7.659802E-02  8.417734E-03
   1.000000E+01  2.580000E+02  7.908199E-02  8.548991E-03
   1.000000E+01  2.700000E+02  7.137185E-02  8.119388E-03
   1.000000E+01  2.820000E+02  7.242993E-02  8.184573E-03
   1.000000E+01  2.940000E+02  7.289762E-02  8.208268E-03
   1.000000E+01  3.060000E+02  7.548765E-02  8.354337E-03
   1.000000E+01  3.180000E+02  7.540934E-02  8.348609E-03
   1.000000E+01  3.300000E+02  7.878528E-02  8.537594E-03
   1.000000E+01  3.420000E+02  7.058938E-02  8.077474E-03
   1.000000E+01  3.540000E+02  7.379464E-02  8.261079E-03
    
   1.400000E+01  6.000001E+00  7.256307E-02  6.937346E-03
   1.400000E+01  1.800000E+01  7.135922E-02  6.879582E-03
   1.400000E+01  3.000000E+01  7.270442E-02  6.947979E-03
   1.400000E+01  4.200000E+01  7.230414E-02  6.926509E-03
   1.400000E+01  5.400001E+01  7.429675E-02  7.019433E-03
   1.400000E+01  6.600001E+01  7.544272E-02  7.075989E-03
   1.400000E+01  7.800001E+01  7.188642E-02  6.904847E-03
   1.400000E+01  9.000001E+01  7.071593E-02  6.850448E-03
   1.400000E+01  1.020000E+02  7.374776E-02  6.994566E-03
   1.400000E+01  1.140000E+02  7.261098E-02  6.940971E-03
   1.400000E+01  1.260000E+02  7.542469E-02  7.075976E-03
   1.400000E+01  1.380000E+02  7.007286E-02  6.814168E-03
   1.400000E+01  1.500000E+02  6.972004E-02  6.799431E-03
   1.400000E+01  1.620000E+02  7.129642E-02  6.879511E-03
   1.400000E+01  1.740000E+02  7.511914E-02  7.061997E-03
   1.400000E+01  1.860000E+02  7.328809E-02  6.973089E-03
   1.400000E+01  1.980000E+02  7.225510E-02  6.922899E-03
   1.400000E+01  2.100000E+02  7.669027E-02  7.132390E-03
   1.400000E+01  2.220000E+02  7.383846E-02  7.001698E-03
   1.400000E+01  2.340000E+02  7.433870E-02  7.023013E-03
   1.400000E+01  2.460000E+02  7.635972E-02  7.121625E-03
   1.400000E+01  2.580000E+02  7.367965E-02  6.991005E-03
   1.400000E+01  2.700000E+02  7.608571E-02  7.107656E-03
   1.400000E+01  2.820000E+02  7.247863E-02  6.933690E-03
   1.400000E+01  2.940000E+02  7.456057E-02  7.033678E-03
   1.400000E+01  3.060000E+02  7.646475E-02  7.125246E-03
   1.400000E+01  3.180000E+02  7.388063E-02  7.001650E-03
   1.400000E+01  3.300000E+02  8.022321E-02  7.298032E-03
   1.400000E+01  3.420000E+02  7.540084E-02  7.076265E-03
   1.400000E+01  3.540000E+02  7.035808E-02  6.839591E-03
    
   1.800000E+01  6.000001E+00  7.494492E-02  6.240071E-03
   1.800000E+01  1.800000E+01  6.967659E-02  6.015607E-03
   1.800000E+01  3.000000E+01  7.224786E-02  6.126336E-03
   1.800000E+01  4.200000E+01  7.300567E-02  6.158681E-03
   1.800000E+01  5.400001E+01  7.349284E-02  6.178504E-03
   1.800000E+01  6.600001E+01  6.986829E-02  6.023341E-03
   1.800000E+01  7.800001E+01  7.184453E-02  6.108865E-03
   1.800000E+01  9.000001E+01  7.500516E-02  6.242447E-03
   1.800000E+01  1.020000E+02  7.565997E-02  6.271770E-03
   1.800000E+01  1.140000E+02  7.506377E-02  6.244877E-03
   1.800000E+01  1.260000E+02  7.412259E-02  6.205665E-03
   1.800000E+01  1.380000E+02  7.563169E-02  6.269260E-03
   1.800000E+01  1.500000E+02  7.393015E-02  6.198288E-03
   1.800000E+01  1.620000E+02  7.654014E-02  6.308213E-03
   1.800000E+01  1.740000E+02  7.334867E-02  6.173503E-03
   1.800000E+01  1.860000E+02  7.448319E-02  6.222792E-03
   1.800000E+01  1.980000E+02  7.353831E-02  6.181001E-03
   1.800000E+01  2.100000E+02  7.234249E-02  6.128869E-03
   1.800000E+01  2.220000E+02  7.400106E-02  6.200706E-03
   1.800000E+01  2.340000E+02  7.277044E-02  6.148734E-03
   1.800000E+01  2.460000E+02  7.136907E-02  6.088893E-03
   1.800000E+01  2.580000E+02  7.420168E-02  6.208105E-03
   1.800000E+01  2.700000E+02  7.004300E-02  6.030832E-03
   1.800000E+01  2.820000E+02  7.085767E-02  6.066281E-03
   1.800000E+01  2.940000E+02  7.500456E-02  6.242538E-03
   1.800000E+01  3.060000E+02  7.497464E-02  6.242430E-03
   1.800000E+01  3.180000E+02  7.483549E-02  6.237557E-03
   1.800000E+01  3.300000E+02  6.791130E-02  5.941562E-03
   1.800000E+01  3.420000E+02  7.290224E-02  6.153726E-03
   1.800000E+01  3.540000E+02  7.465605E-02  6.227839E-03
    
   2.200000E+01  6.000001E+00  7.173255E-02  5.544100E-03
   2.200000E+01  1.800000E+01  7.437350E-02  5.648057E-03
   2.200000E+01  3.000000E+01  7.009833E-02  5.480023E-03
   2.200000E+01  4.200000E+01  7.127097E-02  5.529111E-03
   2.200000E+01  5.400001E+01  7.487840E-02  5.666521E-03
   2.200000E+01  6.600001E+01  7.090243E-02  5.512134E-03
   2.200000E+01  7.800001E+01  6.936345E-02  5.451480E-03
   2.200000E+01  9.000001E+01  7.404811E-02  5.635185E-03
   2.200000E+01  1.020000E+02  7.105310E-02  5.517847E-03
   2.200000E+01  1.140000E+02  7.321301E-02  5.602011E-03
   2.200000E+01  1.260000E+02  7.279877E-02  5.587094E-03
   2.200000E+01  1.380000E+02  7.072945E-02  5.504736E-03
   2.200000E+01  1.500000E+02  7.245051E-02  5.572255E-03
   2.200000E+01  1.620000E+02  7.052321E-02  5.500855E-03
   2.200000E+01  1.740000E+02  7.215995E-02  5.560928E-03
   2.200000E+01  1.860000E+02  7.573340E-02  5.697557E-03
   2.200000E+01  1.980000E+02  7.172120E-02  5.544109E-03
   2.200000E+01  2.100000E+02  7.227125E-02  5.564812E-03
   2.200000E+01  2.220000E+02  7.021727E-02  5.483815E-03
   2.200000E+01  2.340000E+02  7.296325E-02  5.592670E-03
   2.200000E+01  2.460000E+02  6.870438E-02  5.424733E-03
   2.200000E+01  2.580000E+02  6.772042E-02  5.384488E-03
   2.200000E+01  2.700000E+02  7.294446E-02  5.592606E-03
   2.200000E+01  2.820000E+02  7.461733E-02  5.655440E-03
   2.200000E+01  2.940000E+02  7.046030E-02  5.495175E-03
   2.200000E+01  3.060000E+02  7.210646E-02  5.560929E-03
   2.200000E+01  3.180000E+02  6.914023E-02  5.441992E-03
   2.200000E+01  3.300000E+02  7.130789E-02  5.527235E-03
   2.200000E+01  3.420000E+02  7.008171E-02  5.479972E-03
   2.200000E+01  3.540000E+02  7.018509E-02  5.483796E-03
    
   2.600000E+01  6.000001E+00  7.231726E-02  5.146203E-03
   2.600000E+01  1.800000E+01  7.209091E-02  5.138818E-03
   2.600000E+01  3.000000E+01  6.757508E-02  4.973778E-03
   2.600000E+01  4.200000E+01  6.945085E-02  5.041937E-03
   2.600000E+01  5.400001E+01  6.664924E-02  4.938504E-03
   2.600000E+01  6.600001E+01  6.906219E-02  5.029818E-03
   2.600000E+01  7.800001E+01  7.004611E-02  5.064430E-03
   2.600000E+01  9.000001E+01  7.052383E-02  5.082350E-03
   2.600000E+01  1.020000E+02  6.959125E-02  5.047931E-03
   2.600000E+01  1.140000E+02  6.924724E-02  5.035926E-03
   2.600000E+01  1.260000E+02  6.798558E-02  4.989035E-03
   2.600000E+01  1.380000E+02  6.864825E-02  5.014739E-03
   2.600000E+01  1.500000E+02  7.210132E-02  5.140408E-03
   2.600000E+01  1.620000E+02  6.965917E-02  5.052432E-03
   2.600000E+01  1.740000E+02  7.215732E-02  5.141825E-03
   2.600000E+01  1.860000E+02  7.127554E-02  5.110634E-03
   2.600000E+01  1.980000E+02  6.974708E-02  5.053991E-03
   2.600000E+01  2.100000E+02  7.124528E-02  5.107725E-03
   2.600000E+01  2.220000E+02  7.032405E-02  5.074880E-03
   2.600000E+01  2.340000E+02  6.888527E-02  5.022339E-03
   2.600000E+01  2.460000E+02  7.123833E-02  5.109292E-03
   2.600000E+01  2.580000E+02  7.297400E-02  5.171170E-03
   2.600000E+01  2.700000E+02  6.913903E-02  5.031455E-03
   2.600000E+01  2.820000E+02  6.842824E-02  5.005643E-03
   2.600000E+01  2.940000E+02  6.858686E-02  5.011833E-03
   2.600000E+01  3.060000E+02  7.131702E-02  5.113627E-03
   2.600000E+01  3.180000E+02  6.934488E-02  5.042005E-03
   2.600000E+01  3.300000E+02  6.992927E-02  5.059936E-03
   2.600000E+01  3.420000E+02  6.811776E-02  4.993565E-03
   2.600000E+01  3.540000E+02  7.033356E-02  5.076360E-03
    
   3.000000E+01  6.000001E+00  7.027887E-02  4.751180E-03
   3.000000E+01  1.800000E+01  7.125671E-02  4.786692E-03
   3.000000E+01  3.000000E+01  6.854989E-02  4.691848E-03
   3.000000E+01  4.200000E+01  6.746008E-02  4.654522E-03
   3.000000E+01  5.400001E+01  7.217790E-02  4.815845E-03
   3.000000E+01  6.600001E+01  6.748083E-02  4.655648E-03
   3.000000E+01  7.800001E+01  6.935269E-02  4.722823E-03
   3.000000E+01  9.000001E+01  7.145249E-02  4.792775E-03
   3.000000E+01  1.020000E+02  6.994770E-02  4.740123E-03
   3.000000E+01  1.140000E+02  6.931559E-02  4.720360E-03
   3.000000E+01  1.260000E+02  6.865369E-02  4.695621E-03
   3.000000E+01  1.380000E+02  6.704022E-02  4.638154E-03
   3.000000E+01  1.500000E+02  7.019849E-02  4.751204E-03
   3.000000E+01  1.620000E+02  6.953850E-02  4.726574E-03
   3.000000E+01  1.740000E+02  7.143195E-02  4.791462E-03
   3.000000E+01  1.860000E+02  6.947070E-02  4.724061E-03
   3.000000E+01  1.980000E+02  6.934613E-02  4.721621E-03
   3.000000E+01  2.100000E+02  6.733009E-02  4.649495E-03
   3.000000E+01  2.220000E+02  6.807048E-02  4.674445E-03
   3.000000E+01  2.340000E+02  6.860274E-02  4.694397E-03
   3.000000E+01  2.460000E+02  6.816810E-02  4.679410E-03
   3.000000E+01  2.580000E+02  6.860780E-02  4.694411E-03
   3.000000E+01  2.700000E+02  6.874935E-02  4.706807E-03
   3.000000E+01  2.820000E+02  6.992927E-02  4.740151E-03
   3.000000E+01  2.940000E+02  6.717970E-02  4.645664E-03
   3.000000E+01  3.060000E+02  7.104013E-02  4.778091E-03
   3.000000E+01  3.180000E+02  7.123308E-02  4.783014E-03
   3.000000E+01  3.300000E+02  7.070611E-02  4.765847E-03
   3.000000E+01  3.420000E+02  6.820616E-02  4.680703E-03
   3.000000E+01  3.540000E+02  6.772453E-02  4.663274E-03
    
   3.400000E+01  6.000001E+00  6.816998E-02  4.427799E-03
   3.400000E+01  1.800000E+01  6.791479E-02  4.417224E-03
   3.400000E+01  3.000000E+01  6.764768E-02  4.408776E-03
   3.400000E+01  4.200000E+01  6.791051E-02  4.418271E-03
   3.400000E+01  5.400001E+01  6.712207E-02  4.390739E-03
   3.400000E+01  6.600001E+01  6.794821E-02  4.418357E-03
   3.400000E+01  7.800001E+01  6.498170E-02  4.320117E-03
   3.400000E+01  9.000001E+01  6.808989E-02  4.422552E-03
   3.400000E+01  1.020000E+02  6.904462E-02  4.453984E-03
   3.400000E+01  1.140000E+02  6.855573E-02  4.438275E-03
   3.400000E+01  1.260000E+02  6.399540E-02  4.286543E-03
   3.400000E+01  1.380000E+02  6.775472E-02  4.411960E-03
   3.400000E+01  1.500000E+02  6.858955E-02  4.440355E-03
   3.400000E+01  1.620000E+02  6.609403E-02  4.357736E-03
   3.400000E+01  1.740000E+02  6.679636E-02  4.380129E-03
   3.400000E+01  1.860000E+02  6.682929E-02  4.383333E-03
   3.400000E+01  1.980000E+02  6.563467E-02  4.344845E-03
   3.400000E+01  2.100000E+02  6.724485E-02  4.393958E-03
   3.400000E+01  2.220000E+02  6.654123E-02  4.371567E-03
   3.400000E+01  2.340000E+02  6.658021E-02  4.372706E-03
   3.400000E+01  2.460000E+02  6.756315E-02  4.405584E-03
   3.400000E+01  2.580000E+02  6.745145E-02  4.401373E-03
   3.400000E+01  2.700000E+02  6.860970E-02  4.440363E-03
   3.400000E+01  2.820000E+02  6.863663E-02  4.440421E-03
   3.400000E+01  2.940000E+02  6.717245E-02  4.391831E-03
   3.400000E+01  3.060000E+02  6.830364E-02  4.428883E-03
   3.400000E+01  3.180000E+02  6.789756E-02  4.417209E-03
   3.400000E+01  3.300000E+02  6.709739E-02  4.390712E-03
   3.400000E+01  3.420000E+02  6.392738E-02  4.284308E-03
   3.400000E+01  3.540000E+02  6.569866E-02  4.345950E-03
    
   3.800000E+01  6.000001E+00  6.382475E-02  4.079618E-03
   3.800000E+01  1.800000E+01  6.330641E-02  4.063546E-03
   3.800000E+01  3.000000E+01  6.823770E-02  4.221347E-03
   3.800000E+01  4.200000E+01  6.559186E-02  4.139557E-03
   3.800000E+01  5.400001E+01  6.429704E-02  4.095635E-03
   3.800000E+01  6.600001E+01  6.256895E-02  4.040758E-03
   3.800000E+01  7.800001E+01  6.292976E-02  4.054956E-03
   3.800000E+01  9.000001E+01  6.589382E-02  4.146913E-03
   3.800000E+01  1.020000E+02  6.289137E-02  4.051195E-03
   3.800000E+01  1.140000E+02  6.240799E-02  4.035029E-03
   3.800000E+01  1.260000E+02  6.448070E-02  4.101257E-03
   3.800000E+01  1.380000E+02  6.185272E-02  4.017805E-03
   3.800000E+01  1.500000E+02  6.493203E-02  4.118151E-03
   3.800000E+01  1.620000E+02  6.641860E-02  4.163606E-03
   3.800000E+01  1.740000E+02  6.413056E-02  4.090034E-03
   3.800000E+01  1.860000E+02  6.411517E-02  4.089954E-03
   3.800000E+01  1.980000E+02  6.357101E-02  4.072016E-03
   3.800000E+01  2.100000E+02  6.299391E-02  4.054040E-03
   3.800000E+01  2.220000E+02  6.456694E-02  4.104950E-03
   3.800000E+01  2.340000E+02  6.414638E-02  4.091834E-03
   3.800000E+01  2.460000E+02  6.510521E-02  4.121835E-03
   3.800000E+01  2.580000E+02  6.386966E-02  4.082430E-03
   3.800000E+01  2.700000E+02  6.367799E-02  4.076732E-03
   3.800000E+01  2.820000E+02  6.580276E-02  4.144194E-03
   3.800000E+01  2.940000E+02  6.393669E-02  4.084298E-03
   3.800000E+01  3.060000E+02  6.627363E-02  4.161766E-03
   3.800000E+01  3.180000E+02  6.477532E-02  4.110576E-03
   3.800000E+01  3.300000E+02  6.524369E-02  4.126506E-03
   3.800000E+01  3.420000E+02  6.516509E-02  4.123633E-03
   3.800000E+01  3.540000E+02  6.360642E-02  4.073012E-03
    
   4.200000E+01  6.000001E+00  6.067976E-02  3.817263E-03
   4.200000E+01  1.800000E+01  6.429040E-02  3.929894E-03
   4.200000E+01  3.000000E+01  6.189615E-02  3.856288E-03
   4.200000E+01  4.200000E+01  6.291617E-02  3.887418E-03
   4.200000E+01  5.400001E+01  6.131424E-02  3.836806E-03
   4.200000E+01  6.600001E+01  6.292244E-02  3.887470E-03
   4.200000E+01  7.800001E+01  6.091197E-02  3.824893E-03
   4.200000E+01  9.000001E+01  6.389954E-02  3.917454E-03
   4.200000E+01  1.020000E+02  6.355775E-02  3.909096E-03
   4.200000E+01  1.140000E+02  5.879224E-02  3.756171E-03
   4.200000E+01  1.260000E+02  6.102344E-02  3.828295E-03
   4.200000E+01  1.380000E+02  6.145012E-02  3.841864E-03
   4.200000E+01  1.500000E+02  6.118502E-02  3.832593E-03
   4.200000E+01  1.620000E+02  6.320914E-02  3.896589E-03
   4.200000E+01  1.740000E+02  6.402139E-02  3.922384E-03
   4.200000E+01  1.860000E+02  6.009000E-02  3.798413E-03
   4.200000E+01  1.980000E+02  6.069739E-02  3.818087E-03
   4.200000E+01  2.100000E+02  6.395159E-02  3.919105E-03
   4.200000E+01  2.220000E+02  6.227676E-02  3.868987E-03
   4.200000E+01  2.340000E+02  6.307008E-02  3.892406E-03
   4.200000E+01  2.460000E+02  6.125257E-02  3.835079E-03
   4.200000E+01  2.580000E+02  6.288325E-02  3.886578E-03
   4.200000E+01  2.700000E+02  6.098774E-02  3.826613E-03
   4.200000E+01  2.820000E+02  6.280165E-02  3.884051E-03
   4.200000E+01  2.940000E+02  6.343003E-02  3.904139E-03
   4.200000E+01  3.060000E+02  6.265575E-02  3.878976E-03
   4.200000E+01  3.180000E+02  6.222856E-02  3.867217E-03
   4.200000E+01  3.300000E+02  6.094796E-02  3.825806E-03
   4.200000E+01  3.420000E+02  6.061190E-02  3.814714E-03
   4.200000E+01  3.540000E+02  6.148486E-02  3.844418E-03
    
   4.600000E+01  6.000001E+00  5.884726E-02  3.626171E-03
   4.600000E+01  1.800000E+01  5.848245E-02  3.615265E-03
   4.600000E+01  3.000000E+01  5.986409E-02  3.657877E-03
   4.600000E+01  4.200000E+01  5.950978E-02  3.645540E-03
   4.600000E+01  5.400001E+01  5.971992E-02  3.653269E-03
   4.600000E+01  6.600001E+01  5.804437E-02  3.601218E-03
   4.600000E+01  7.800001E+01  5.860649E-02  3.618419E-03
   4.600000E+01  9.000001E+01  5.651057E-02  3.551649E-03
   4.600000E+01  1.020000E+02  5.682203E-02  3.562703E-03
   4.600000E+01  1.140000E+02  5.757798E-02  3.586333E-03
   4.600000E+01  1.260000E+02  5.916137E-02  3.635491E-03
   4.600000E+01  1.380000E+02  5.787440E-02  3.594954E-03
   4.600000E+01  1.500000E+02  6.038291E-02  3.674015E-03
   4.600000E+01  1.620000E+02  5.830396E-02  3.609093E-03
   4.600000E+01  1.740000E+02  6.110690E-02  3.696945E-03
   4.600000E+01  1.860000E+02  5.829789E-02  3.608274E-03
   4.600000E+01  1.980000E+02  5.709942E-02  3.571375E-03
   4.600000E+01  2.100000E+02  5.959383E-02  3.648618E-03
   4.600000E+01  2.220000E+02  5.714125E-02  3.572223E-03
   4.600000E+01  2.340000E+02  5.990955E-02  3.658670E-03
   4.600000E+01  2.460000E+02  5.899473E-02  3.632437E-03
   4.600000E+01  2.580000E+02  5.859305E-02  3.617653E-03
   4.600000E+01  2.700000E+02  5.712832E-02  3.572153E-03
   4.600000E+01  2.820000E+02  5.819874E-02  3.605886E-03
   4.600000E+01  2.940000E+02  5.860464E-02  3.618447E-03
   4.600000E+01  3.060000E+02  5.860922E-02  3.619923E-03
   4.600000E+01  3.180000E+02  5.750718E-02  3.584028E-03
   4.600000E+01  3.300000E+02  5.936695E-02  3.644028E-03
   4.600000E+01  3.420000E+02  6.007826E-02  3.663301E-03
   4.600000E+01  3.540000E+02  5.971264E-02  3.654062E-03
    
   5.000001E+01  6.000001E+00  5.426323E-02  3.375778E-03
   5.000001E+01  1.800000E+01  5.242693E-02  3.316398E-03
   5.000001E+01  3.000000E+01  5.456186E-02  3.383129E-03
   5.000001E+01  4.200000E+01  5.390138E-02  3.363956E-03
   5.000001E+01  5.400001E+01  5.475450E-02  3.388979E-03
   5.000001E+01  6.600001E+01  5.337069E-02  3.345479E-03
   5.000001E+01  7.800001E+01  5.514464E-02  3.401487E-03
   5.000001E+01  9.000001E+01  5.237997E-02  3.314115E-03
   5.000001E+01  1.020000E+02  5.623140E-02  3.434873E-03
   5.000001E+01  1.140000E+02  5.433031E-02  3.375763E-03
   5.000001E+01  1.260000E+02  5.419734E-02  3.372113E-03
   5.000001E+01  1.380000E+02  5.461036E-02  3.386791E-03
   5.000001E+01  1.500000E+02  5.448226E-02  3.381658E-03
   5.000001E+01  1.620000E+02  5.566034E-02  3.418192E-03
   5.000001E+01  1.740000E+02  5.463850E-02  3.386100E-03
   5.000001E+01  1.860000E+02  5.461955E-02  3.385401E-03
   5.000001E+01  1.980000E+02  5.726788E-02  3.466526E-03
   5.000001E+01  2.100000E+02  5.643934E-02  3.441399E-03
   5.000001E+01  2.220000E+02  5.546325E-02  3.411754E-03
   5.000001E+01  2.340000E+02  5.398533E-02  3.365455E-03
   5.000001E+01  2.460000E+02  5.479124E-02  3.390461E-03
   5.000001E+01  2.580000E+02  5.379148E-02  3.361038E-03
   5.000001E+01  2.700000E+02  5.317808E-02  3.338793E-03
   5.000001E+01  2.820000E+02  5.417992E-02  3.372090E-03
   5.000001E+01  2.940000E+02  5.446282E-02  3.382391E-03
   5.000001E+01  3.060000E+02  5.365911E-02  3.355133E-03
   5.000001E+01  3.180000E+02  5.597043E-02  3.427679E-03
   5.000001E+01  3.300000E+02  5.411314E-02  3.369870E-03
   5.000001E+01  3.420000E+02  5.577213E-02  3.421851E-03
   5.000001E+01  3.540000E+02  5.439747E-02  3.378755E-03
    
   5.400001E+01  6.000001E+00  5.055374E-02  3.169932E-03
   5.400001E+01  1.800000E+01  5.196748E-02  3.213808E-03
   5.400001E+01  3.000000E+01  5.000479E-02  3.153683E-03
   5.400001E+01  4.200000E+01  5.053353E-02  3.169153E-03
   5.400001E+01  5.400001E+01  5.047880E-02  3.168447E-03
   5.400001E+01  6.600001E+01  5.071495E-02  3.174843E-03
   5.400001E+01  7.800001E+01  5.003773E-02  3.152985E-03
   5.400001E+01  9.000001E+01  4.962713E-02  3.140204E-03
   5.400001E+01  1.020000E+02  4.953231E-02  3.138078E-03
   5.400001E+01  1.140000E+02  4.905845E-02  3.122446E-03
   5.400001E+01  1.260000E+02  5.244370E-02  3.229066E-03
   5.400001E+01  1.380000E+02  5.245017E-02  3.229051E-03
   5.400001E+01  1.500000E+02  4.870624E-02  3.111013E-03
   5.400001E+01  1.620000E+02  5.008519E-02  3.154348E-03
   5.400001E+01  1.740000E+02  5.098219E-02  3.183170E-03
   5.400001E+01  1.860000E+02  4.921462E-02  3.127446E-03
   5.400001E+01  1.980000E+02  4.922839E-02  3.128165E-03
   5.400001E+01  2.100000E+02  4.945274E-02  3.135244E-03
   5.400001E+01  2.220000E+02  4.915996E-02  3.125329E-03
   5.400001E+01  2.340000E+02  5.169092E-02  3.205526E-03
   5.400001E+01  2.460000E+02  4.985094E-02  3.148035E-03
   5.400001E+01  2.580000E+02  5.218558E-02  3.220758E-03
   5.400001E+01  2.700000E+02  5.057338E-02  3.172014E-03
   5.400001E+01  2.820000E+02  5.012429E-02  3.156531E-03
   5.400001E+01  2.940000E+02  5.111972E-02  3.187409E-03
   5.400001E+01  3.060000E+02  4.997433E-02  3.150872E-03
   5.400001E+01  3.180000E+02  5.119584E-02  3.190171E-03
   5.400001E+01  3.300000E+02  4.880552E-02  3.113859E-03
   5.400001E+01  3.420000E+02  5.082093E-02  3.178342E-03
   5.400001E+01  3.540000E+02  4.935637E-02  3.133123E-03
    
   5.800001E+01  6.000001E+00  4.595392E-02  2.952023E-03
   5.800001E+01  1.800000E+01  4.674075E-02  2.977358E-03
   5.800001E+01  3.000000E+01  4.557311E-02  2.939683E-03
   5.800001E+01  4.200000E+01  4.398205E-02  2.887486E-03
   5.800001E+01  5.400001E+01  4.418269E-02  2.893801E-03
   5.800001E+01  6.600001E+01  4.392279E-02  2.885355E-03
   5.800001E+01  7.800001E+01  4.437848E-02  2.900817E-03
   5.800001E+01  9.000001E+01  4.636682E-02  2.965731E-03
   5.800001E+01  1.020000E+02  4.593972E-02  2.951340E-03
   5.800001E+01  1.140000E+02  4.546265E-02  2.936216E-03
   5.800001E+01  1.260000E+02  4.618776E-02  2.960944E-03
   5.800001E+01  1.380000E+02  4.409411E-02  2.891663E-03
   5.800001E+01  1.500000E+02  4.466052E-02  2.909884E-03
   5.800001E+01  1.620000E+02  4.484285E-02  2.916159E-03
   5.800001E+01  1.740000E+02  4.594777E-02  2.952071E-03
   5.800001E+01  1.860000E+02  4.361424E-02  2.879028E-03
   5.800001E+01  1.980000E+02  4.653381E-02  2.970531E-03
   5.800001E+01  2.100000E+02  4.483092E-02  2.916866E-03
   5.800001E+01  2.220000E+02  4.463716E-02  2.909158E-03
   5.800001E+01  2.340000E+02  4.651120E-02  2.969895E-03
   5.800001E+01  2.460000E+02  4.616629E-02  2.959599E-03
   5.800001E+01  2.580000E+02  4.484560E-02  2.916106E-03
   5.800001E+01  2.700000E+02  4.298074E-02  2.855007E-03
   5.800001E+01  2.820000E+02  4.380139E-02  2.881889E-03
   5.800001E+01  2.940000E+02  4.479506E-02  2.914731E-03
   5.800001E+01  3.060000E+02  4.476670E-02  2.913340E-03
   5.800001E+01  3.180000E+02  4.547984E-02  2.936919E-03
   5.800001E+01  3.300000E+02  4.572402E-02  2.944501E-03
   5.800001E+01  3.420000E+02  4.542054E-02  2.934829E-03
   5.800001E+01  3.540000E+02  4.520372E-02  2.927887E-03
    
   6.200001E+01  6.000001E+00  3.931659E-02  2.676585E-03
   6.200001E+01  1.800000E+01  3.850163E-02  2.648455E-03
   6.200001E+01  3.000000E+01  3.861576E-02  2.652660E-03
   6.200001E+01  4.200000E+01  3.963355E-02  2.687000E-03
   6.200001E+01  5.400001E+01  3.963963E-02  2.688411E-03
   6.200001E+01  6.600001E+01  3.956395E-02  2.684947E-03
   6.200001E+01  7.800001E+01  3.938343E-02  2.680086E-03
   6.200001E+01  9.000001E+01  4.043945E-02  2.714759E-03
   6.200001E+01  1.020000E+02  3.791812E-02  2.627977E-03
   6.200001E+01  1.140000E+02  3.795808E-02  2.629301E-03
   6.200001E+01  1.260000E+02  4.011209E-02  2.703001E-03
   6.200001E+01  1.380000E+02  3.770928E-02  2.620098E-03
   6.200001E+01  1.500000E+02  3.850225E-02  2.649884E-03
   6.200001E+01  1.620000E+02  3.876942E-02  2.656963E-03
   6.200001E+01  1.740000E+02  3.844405E-02  2.647778E-03
   6.200001E+01  1.860000E+02  3.835341E-02  2.642844E-03
   6.200001E+01  1.980000E+02  4.078063E-02  2.727746E-03
   6.200001E+01  2.100000E+02  4.025072E-02  2.708520E-03
   6.200001E+01  2.220000E+02  3.995143E-02  2.698129E-03
   6.200001E+01  2.340000E+02  4.064168E-02  2.721608E-03
   6.200001E+01  2.460000E+02  3.980058E-02  2.693264E-03
   6.200001E+01  2.580000E+02  4.020733E-02  2.706414E-03
   6.200001E+01  2.700000E+02  3.880608E-02  2.659001E-03
   6.200001E+01  2.820000E+02  4.072724E-02  2.724343E-03
   6.200001E+01  2.940000E+02  3.962655E-02  2.686997E-03
   6.200001E+01  3.060000E+02  3.843295E-02  2.647055E-03
   6.200001E+01  3.180000E+02  4.056517E-02  2.719505E-03
   6.200001E+01  3.300000E+02  3.886603E-02  2.661856E-03
   6.200001E+01  3.420000E+02  3.865340E-02  2.653373E-03
   6.200001E+01  3.540000E+02  3.857898E-02  2.650589E-03
    
   6.600001E+01  6.000001E+00  3.439142E-02  2.460892E-03
   6.600001E+01  1.800000E+01  3.411233E-02  2.450924E-03
   6.600001E+01  3.000000E+01  3.361703E-02  2.433758E-03
   6.600001E+01  4.200000E+01  3.526074E-02  2.492617E-03
   6.600001E+01  5.400001E+01  3.354104E-02  2.430167E-03
   6.600001E+01  6.600001E+01  3.321398E-02  2.417922E-03
   6.600001E+01  7.800001E+01  3.317176E-02  2.417173E-03
   6.600001E+01  9.000001E+01  3.386986E-02  2.442368E-03
   6.600001E+01  1.020000E+02  3.357370E-02  2.431597E-03
   6.600001E+01  1.140000E+02  3.317888E-02  2.417182E-03
   6.600001E+01  1.260000E+02  3.184901E-02  2.368263E-03
   6.600001E+01  1.380000E+02  3.265830E-02  2.398321E-03
   6.600001E+01  1.500000E+02  3.233416E-02  2.385902E-03
   6.600001E+01  1.620000E+02  3.271883E-02  2.399798E-03
   6.600001E+01  1.740000E+02  3.301978E-02  2.410676E-03
   6.600001E+01  1.860000E+02  3.430825E-02  2.459485E-03
   6.600001E+01  1.980000E+02  3.226062E-02  2.382984E-03
   6.600001E+01  2.100000E+02  3.255995E-02  2.394669E-03
   6.600001E+01  2.220000E+02  3.365286E-02  2.434495E-03
   6.600001E+01  2.340000E+02  3.357697E-02  2.431625E-03
   6.600001E+01  2.460000E+02  3.229031E-02  2.385929E-03
   6.600001E+01  2.580000E+02  3.270796E-02  2.399074E-03
   6.600001E+01  2.700000E+02  3.285439E-02  2.404861E-03
   6.600001E+01  2.820000E+02  3.298835E-02  2.410666E-03
   6.600001E+01  2.940000E+02  3.442926E-02  2.462357E-03
   6.600001E+01  3.060000E+02  3.266052E-02  2.398325E-03
   6.600001E+01  3.180000E+02  3.333539E-02  2.422957E-03
   6.600001E+01  3.300000E+02  3.232276E-02  2.385184E-03
   6.600001E+01  3.420000E+02  3.234127E-02  2.385900E-03
   6.600001E+01  3.540000E+02  3.483337E-02  2.477177E-03
    
   7.000001E+01  6.000001E+00  2.663252E-02  2.135691E-03
   7.000001E+01  1.800000E+01  2.650247E-02  2.130189E-03
   7.000001E+01  3.000000E+01  2.660289E-02  2.136370E-03
   7.000001E+01  4.200000E+01  2.641057E-02  2.126310E-03
   7.000001E+01  5.400001E+01  2.698622E-02  2.149532E-03
   7.000001E+01  6.600001E+01  2.606537E-02  2.112288E-03
   7.000001E+01  7.800001E+01  2.690279E-02  2.146431E-03
   7.000001E+01  9.000001E+01  2.565117E-02  2.097366E-03
   7.000001E+01  1.020000E+02  2.601254E-02  2.109949E-03
   7.000001E+01  1.140000E+02  2.683567E-02  2.143351E-03
   7.000001E+01  1.260000E+02  2.694765E-02  2.147944E-03
   7.000001E+01  1.380000E+02  2.798631E-02  2.189098E-03
   7.000001E+01  1.500000E+02  2.618659E-02  2.116972E-03
   7.000001E+01  1.620000E+02  2.652114E-02  2.130215E-03
   7.000001E+01  1.740000E+02  2.653666E-02  2.131737E-03
   7.000001E+01  1.860000E+02  2.633166E-02  2.122454E-03
   7.000001E+01  1.980000E+02  2.817517E-02  2.196640E-03
   7.000001E+01  2.100000E+02  2.710269E-02  2.154106E-03
   7.000001E+01  2.220000E+02  2.689112E-02  2.147200E-03
   7.000001E+01  2.340000E+02  2.754953E-02  2.172411E-03
   7.000001E+01  2.460000E+02  2.685479E-02  2.144132E-03
   7.000001E+01  2.580000E+02  2.730291E-02  2.162506E-03
   7.000001E+01  2.700000E+02  2.695658E-02  2.148707E-03
   7.000001E+01  2.820000E+02  2.580484E-02  2.101304E-03
   7.000001E+01  2.940000E+02  2.676555E-02  2.141041E-03
   7.000001E+01  3.060000E+02  2.579937E-02  2.101336E-03
   7.000001E+01  3.180000E+02  2.705627E-02  2.151793E-03
   7.000001E+01  3.300000E+02  2.641156E-02  2.126305E-03
   7.000001E+01  3.420000E+02  2.681818E-02  2.144128E-03
   7.000001E+01  3.540000E+02  2.652981E-02  2.130968E-03
    
   7.400001E+01  6.000001E+00  2.119993E-02  1.884215E-03
   7.400001E+01  1.800000E+01  2.009033E-02  1.834101E-03
   7.400001E+01  3.000000E+01  1.968796E-02  1.815049E-03
   7.400001E+01  4.200000E+01  1.966664E-02  1.814185E-03
   7.400001E+01  5.400001E+01  2.109610E-02  1.879156E-03
   7.400001E+01  6.600001E+01  2.133264E-02  1.890059E-03
   7.400001E+01  7.800001E+01  1.943452E-02  1.803706E-03
   7.400001E+01  9.000001E+01  2.154774E-02  1.899206E-03
   7.400001E+01  1.020000E+02  2.031332E-02  1.843570E-03
   7.400001E+01  1.140000E+02  1.946602E-02  1.804615E-03
   7.400001E+01  1.260000E+02  2.151206E-02  1.897551E-03
   7.400001E+01  1.380000E+02  2.138605E-02  1.892537E-03
   7.400001E+01  1.500000E+02  2.070694E-02  1.861471E-03
   7.400001E+01  1.620000E+02  2.012157E-02  1.834952E-03
   7.400001E+01  1.740000E+02  2.158035E-02  1.900864E-03
   7.400001E+01  1.860000E+02  2.079562E-02  1.865675E-03
   7.400001E+01  1.980000E+02  1.957619E-02  1.809855E-03
   7.400001E+01  2.100000E+02  2.028791E-02  1.842696E-03
   7.400001E+01  2.220000E+02  2.036621E-02  1.846110E-03
   7.400001E+01  2.340000E+02  1.995390E-02  1.827193E-03
   7.400001E+01  2.460000E+02  2.076978E-02  1.864865E-03
   7.400001E+01  2.580000E+02  2.018192E-02  1.838375E-03
   7.400001E+01  2.700000E+02  1.998000E-02  1.828080E-03
   7.400001E+01  2.820000E+02  1.934975E-02  1.799323E-03
   7.400001E+01  2.940000E+02  2.076548E-02  1.864009E-03
   7.400001E+01  3.060000E+02  2.039598E-02  1.847814E-03
   7.400001E+01  3.180000E+02  2.087489E-02  1.869050E-03
   7.400001E+01  3.300000E+02  2.015919E-02  1.836710E-03
   7.400001E+01  3.420000E+02  1.973999E-02  1.819415E-03
   7.400001E+01  3.540000E+02  1.991938E-02  1.825466E-03
    
   7.800001E+01  6.000001E+00  1.376900E-02  1.504555E-03
   7.800001E+01  1.800000E+01  1.386069E-02  1.509598E-03
   7.800001E+01  3.000000E+01  1.334979E-02  1.482063E-03
   7.800001E+01  4.200000E+01  1.381335E-02  1.507577E-03
   7.800001E+01  5.400001E+01  1.437345E-02  1.537649E-03
   7.800001E+01  6.600001E+01  1.371273E-02  1.501495E-03
   7.800001E+01  7.800001E+01  1.336937E-02  1.483093E-03
   7.800001E+01  9.000001E+01  1.362515E-02  1.497424E-03
   7.800001E+01  1.020000E+02  1.363851E-02  1.497427E-03
   7.800001E+01  1.140000E+02  1.446030E-02  1.542566E-03
   7.800001E+01  1.260000E+02  1.398574E-02  1.516665E-03
   7.800001E+01  1.380000E+02  1.409132E-02  1.522668E-03
   7.800001E+01  1.500000E+02  1.331824E-02  1.480038E-03
   7.800001E+01  1.620000E+02  1.389226E-02  1.511621E-03
   7.800001E+01  1.740000E+02  1.453936E-02  1.546555E-03
   7.800001E+01  1.860000E+02  1.324784E-02  1.475913E-03
   7.800001E+01  1.980000E+02  1.376261E-02  1.504535E-03
   7.800001E+01  2.100000E+02  1.302751E-02  1.463433E-03
   7.800001E+01  2.220000E+02  1.363280E-02  1.497422E-03
   7.800001E+01  2.340000E+02  1.512342E-02  1.577815E-03
   7.800001E+01  2.460000E+02  1.430631E-02  1.534640E-03
   7.800001E+01  2.580000E+02  1.409268E-02  1.522675E-03
   7.800001E+01  2.700000E+02  1.384182E-02  1.508596E-03
   7.800001E+01  2.820000E+02  1.350939E-02  1.490319E-03
   7.800001E+01  2.940000E+02  1.442577E-02  1.540590E-03
   7.800001E+01  3.060000E+02  1.402855E-02  1.518672E-03
   7.800001E+01  3.180000E+02  1.380636E-02  1.506603E-03
   7.800001E+01  3.300000E+02  1.411331E-02  1.523671E-03
   7.800001E+01  3.420000E+02  1.373750E-02  1.503545E-03
   7.800001E+01  3.540000E+02  1.446532E-02  1.542570E-03
    
   8.200001E+01  6.000001E+00  8.178931E-03  1.152241E-03
   8.200001E+01  1.800000E+01  7.971926E-03  1.140552E-03
   8.200001E+01  3.000000E+01  7.951161E-03  1.136618E-03
   8.200001E+01  4.200000E+01  7.625425E-03  1.112805E-03
   8.200001E+01  5.400001E+01  7.992232E-03  1.139248E-03
   8.200001E+01  6.600001E+01  8.711719E-03  1.190331E-03
   8.200001E+01  7.800001E+01  8.324173E-03  1.162516E-03
   8.200001E+01  9.000001E+01  8.532669E-03  1.177776E-03
   8.200001E+01  1.020000E+02  7.174095E-03  1.078870E-03
   8.200001E+01  1.140000E+02  7.701274E-03  1.118145E-03
   8.200001E+01  1.260000E+02  8.774681E-03  1.194092E-03
   8.200001E+01  1.380000E+02  7.700437E-03  1.118183E-03
   8.200001E+01  1.500000E+02  7.709507E-03  1.119464E-03
   8.200001E+01  1.620000E+02  7.795452E-03  1.124782E-03
   8.200001E+01  1.740000E+02  7.512410E-03  1.104749E-03
   8.200001E+01  1.860000E+02  8.442878E-03  1.171433E-03
   8.200001E+01  1.980000E+02  7.736170E-03  1.120801E-03
   8.200001E+01  2.100000E+02  8.516683E-03  1.176505E-03
   8.200001E+01  2.220000E+02  7.355321E-03  1.092586E-03
   8.200001E+01  2.340000E+02  8.236160E-03  1.156111E-03
   8.200001E+01  2.460000E+02  8.134414E-03  1.149637E-03
   8.200001E+01  2.580000E+02  8.498496E-03  1.175239E-03
   8.200001E+01  2.700000E+02  8.245663E-03  1.157379E-03
   8.200001E+01  2.820000E+02  8.734615E-03  1.191594E-03
   8.200001E+01  2.940000E+02  8.132460E-03  1.149645E-03
   8.200001E+01  3.060000E+02  7.734003E-03  1.120809E-03
   8.200001E+01  3.180000E+02  7.514046E-03  1.104750E-03
   8.200001E+01  3.300000E+02  8.498499E-03  1.175239E-03
   8.200001E+01  3.420000E+02  8.269007E-03  1.158679E-03
   8.200001E+01  3.540000E+02  8.857588E-03  1.200290E-03
    
   8.600001E+01  6.000001E+00  3.457085E-03  7.466331E-04
   8.600001E+01  1.800000E+01  3.203517E-03  7.185476E-04
   8.600001E+01  3.000000E+01  2.896917E-03  6.829703E-04
   8.600001E+01  4.200000E+01  3.435280E-03  7.446034E-04
   8.600001E+01  5.400001E+01  3.257550E-03  7.246447E-04
   8.600001E+01  6.600001E+01  3.060318E-03  7.020320E-04
   8.600001E+01  7.800001E+01  3.094720E-03  7.061946E-04
   8.600001E+01  9.000001E+01  2.767675E-03  6.677647E-04
   8.600001E+01  1.020000E+02  2.934270E-03  6.872697E-04
   8.600001E+01  1.140000E+02  3.061813E-03  7.020342E-04
   8.600001E+01  1.260000E+02  3.685936E-03  7.716815E-04
   8.600001E+01  1.380000E+02  3.510446E-03  7.524449E-04
   8.600001E+01  1.500000E+02  2.820945E-03  6.743198E-04
   8.600001E+01  1.620000E+02  3.168479E-03  7.144557E-04
   8.600001E+01  1.740000E+02  2.933191E-03  6.872519E-04
   8.600001E+01  1.860000E+02  3.219069E-03  7.205819E-04
   8.600001E+01  1.980000E+02  3.525309E-03  7.543865E-04
   8.600001E+01  2.100000E+02  3.076766E-03  7.041153E-04
   8.600001E+01  2.220000E+02  3.275327E-03  7.266653E-04
   8.600001E+01  2.340000E+02  3.170386E-03  7.144591E-04
   8.600001E+01  2.460000E+02  3.181614E-03  7.164978E-04
   8.600001E+01  2.580000E+02  3.421686E-03  7.465924E-04
   8.600001E+01  2.700000E+02  3.082099E-03  7.041240E-04
   8.600001E+01  2.820000E+02  3.276627E-03  7.266671E-04
   8.600001E+01  2.940000E+02  2.822033E-03  6.743217E-04
   8.600001E+01  3.060000E+02  2.843995E-03  6.764998E-04
   8.600001E+01  3.180000E+02  2.768076E-03  6.677656E-04
   8.600001E+01  3.300000E+02  3.389735E-03  7.386844E-04
   8.600001E+01  3.420000E+02  3.272009E-03  7.266599E-04
   8.600001E+01  3.540000E+02  3.475586E-03  7.485387E-04
    
   9.000001E+01  6.000001E+00  2.895090E-04  2.161216E-04
   9.000001E+01  1.800000E+01  3.609899E-04  2.416270E-04
   9.000001E+01  3.000000E+01  3.456215E-04  2.355222E-04
   9.000001E+01  4.200000E+01  3.085440E-04  2.227781E-04
   9.000001E+01  5.400001E+01  3.103694E-04  2.227877E-04
   9.000001E+01  6.600001E+01  2.370145E-04  1.948204E-04
   9.000001E+01  7.800001E+01  2.728122E-04  2.092667E-04
   9.000001E+01  9.000001E+01  2.903266E-04  2.161259E-04
   9.000001E+01  1.020000E+02  2.020372E-04  1.792185E-04
   9.000001E+01  1.140000E+02  2.182355E-04  1.871739E-04
   9.000001E+01  1.260000E+02  4.160977E-04  2.591202E-04
   9.000001E+01  1.380000E+02  2.182913E-04  1.871739E-04
   9.000001E+01  1.500000E+02  2.738148E-04  2.092725E-04
   9.000001E+01  1.620000E+02  4.714617E-04  2.755061E-04
   9.000001E+01  1.740000E+02  1.822541E-04  1.708681E-04
   9.000001E+01  1.860000E+02  2.190213E-04  1.871788E-04
   9.000001E+01  1.980000E+02  3.983450E-04  2.534262E-04
   9.000001E+01  2.100000E+02  3.085395E-04  2.227781E-04
   9.000001E+01  2.220000E+02  2.373108E-04  1.948220E-04
   9.000001E+01  2.340000E+02  2.179769E-04  1.871722E-04
   9.000001E+01  2.460000E+02  3.088096E-04  2.227795E-04
   9.000001E+01  2.580000E+02  2.897459E-04  2.161230E-04
   9.000001E+01  2.700000E+02  3.458486E-04  2.355234E-04
   9.000001E+01  2.820000E+02  2.542624E-04  2.021688E-04
   9.000001E+01  2.940000E+02  2.029758E-04  1.792862E-04
   9.000001E+01  3.060000E+02  3.290233E-04  2.292970E-04
   9.000001E+01  3.180000E+02  3.435037E-04  2.355117E-04
   9.000001E+01  3.300000E+02  2.195245E-04  1.871820E-04
   9.000001E+01  3.420000E+02  9.163790E-05  1.208271E-04
   9.000001E+01  3.540000E+02  2.534904E-04  2.021643E-04
    
   9.400001E+01  6.000001E+00  1.000000E-35  1.000000E-35
   9.400001E+01  1.800000E+01  1.000000E-35  1.000000E-35
   9.400001E+01  3.000000E+01  1.000000E-35  1.000000E-35
   9.400001E+01  4.200000E+01  1.000000E-35  1.000000E-35
   9.400001E+01  5.400001E+01  1.000000E-35  1.000000E-35
   9.400001E+01  6.600001E+01  1.000000E-35  1.000000E-35
   9.400001E+01  7.800001E+01  1.000000E-35  1.000000E-35
   9.400001E+01  9.000001E+01  1.000000E-35  1.000000E-35
   9.400001E+01  1.020000E+02  1.000000E-35  1.000000E-35
   9.400001E+01  1.140000E+02  1.000000E-35  1.000000E-35
   9.400001E+01  1.260000E+02  1.000000E-35  1.000000E-35
   9.400001E+01  1.380000E+02  1.000000E-35  1.000000E-35
   9.400001E+01  1.500000E+02  1.000000E-35  1.000000E-35
   9.400001E+01  1.620000E+02  1.000000E-35  1.000000E-35
   9.400001E+01  1.740000E+02  1.000000E-35  1.000000E-35
   9.400001E+01  1.860000E+02  1.000000E-35  1.000000E-35
   9.400001E+01  1.980000E+02  1.000000E-35  1.000000E-35
   9.400001E+01  2.100000E+02  1.000000E-35  1.000000E-35
   9.400001E+01  2.220000E+02  1.000000E-35  1.000000E-35
   9.400001E+01  2.340000E+02  1.000000E-35  1.000000E-35
   9.400001E+01  2.460000E+02  1.000000E-35  1.000000E-35
   9.400001E+01  2.580000E+02  1.000000E-35  1.000000E-35
   9.400001E+01  2.700000E+02  1.000000E-35  1.000000E-35
   9.400001E+01  2.820000E+02  1.000000E-35  1.000000E-35
   9.400001E+01  2.940000E+02  1.000000E-35  1.000000E-35
   9.400001E+01  3.060000E+02  1.000000E-35  1.000000E-35
   9.400001E+01  3.180000E+02  1.000000E-35  1.000000E-35
   9.400001E+01  3.300000E+02  1.000000E-35  1.000000E-35
   9.400001E+01  3.420000E+02  1.000000E-35  1.000000E-35
   9.400001E+01  3.540000E+02  1.000000E-35  1.000000E-35
    
   9.800001E+01  6.000001E+00  1.000000E-35  1.000000E-35
   9.800001E+01  1.800000E+01  1.000000E-35  1.000000E-35
   9.800001E+01  3.000000E+01  1.000000E-35  1.000000E-35
   9.800001E+01  4.200000E+01  1.000000E-35  1.000000E-35
   9.800001E+01  5.400001E+01  1.000000E-35  1.000000E-35
   9.800001E+01  6.600001E+01  1.000000E-35  1.000000E-35
   9.800001E+01  7.800001E+01  1.000000E-35  1.000000E-35
   9.800001E+01  9.000001E+01  1.000000E-35  1.000000E-35
   9.800001E+01  1.020000E+02  1.000000E-35  1.000000E-35
   9.800001E+01  1.140000E+02  1.000000E-35  1.000000E-35
   9.800001E+01  1.260000E+02  1.000000E-35  1.000000E-35
   9.800001E+01  1.380000E+02  1.000000E-35  1.000000E-35
   9.800001E+01  1.500000E+02  1.000000E-35  1.000000E-35
   9.800001E+01  1.620000E+02  1.000000E-35  1.000000E-35
   9.800001E+01  1.740000E+02  1.000000E-35  1.000000E-35
   9.800001E+01  1.860000E+02  1.000000E-35  1.000000E-35
   9.800001E+01  1.980000E+02  1.000000E-35  1.000000E-35
   9.800001E+01  2.100000E+02  1.000000E-35  1.000000E-35
   9.800001E+01  2.220000E+02  1.000000E-35  1.000000E-35
   9.800001E+01  2.340000E+02  1.000000E-35  1.000000E-35
   9.800001E+01  2.460000E+02  1.000000E-35  1.000000E-35
   9.800001E+01  2.580000E+02  1.000000E-35  1.000000E-35
   9.800001E+01  2.700000E+02  1.000000E-35  1.000000E-35
   9.800001E+01  2.820000E+02  1.000000E-35  1.000000E-35
   9.800001E+01  2.940000E+02  1.000000E-35  1.000000E-35
   9.800001E+01  3.060000E+02  1.000000E-35  1.000000E-35
   9.800001E+01  3.180000E+02  1.000000E-35  1.000000E-35
   9.800001E+01  3.300000E+02  1.000000E-35  1.000000E-35
   9.800001E+01  3.420000E+02  1.000000E-35  1.000000E-35
   9.800001E+01  3.540000E+02  1.000000E-35  1.000000E-35
    
   1.020000E+02  6.000001E+00  1.000000E-35  1.000000E-35
   1.020000E+02  1.800000E+01  1.000000E-35  1.000000E-35
   1.020000E+02  3.000000E+01  1.000000E-35  1.000000E-35
   1.020000E+02  4.200000E+01  1.000000E-35  1.000000E-35
   1.020000E+02  5.400001E+01  1.000000E-35  1.000000E-35
   1.020000E+02  6.600001E+01  1.000000E-35  1.000000E-35
   1.020000E+02  7.800001E+01  1.000000E-35  1.000000E-35
   1.020000E+02  9.000001E+01  1.000000E-35  1.000000E-35
   1.020000E+02  1.020000E+02  1.000000E-35  1.000000E-35
   1.020000E+02  1.140000E+02  1.000000E-35  1.000000E-35
   1.020000E+02  1.260000E+02  1.000000E-35  1.000000E-35
   1.020000E+02  1.380000E+02  1.000000E-35  1.000000E-35
   1.020000E+02  1.500000E+02  1.000000E-35  1.000000E-35
   1.020000E+02  1.620000E+02  1.000000E-35  1.000000E-35
   1.020000E+02  1.740000E+02  1.000000E-35  1.000000E-35
   1.020000E+02  1.860000E+02  1.000000E-35  1.000000E-35
   1.020000E+02  1.980000E+02  1.000000E-35  1.000000E-35
   1.020000E+02  2.100000E+02  1.000000E-35  1.000000E-35
   1.020000E+02  2.220000E+02  1.000000E-35  1.000000E-35
   1.020000E+02  2.340000E+02  1.000000E-35  1.000000E-35
   1.020000E+02  2.460000E+02  1.000000E-35  1.000000E-35
   1.020000E+02  2.580000E+02  1.000000E-35  1.000000E-35
   1.020000E+02  2.700000E+02  1.000000E-35  1.000000E-35
   1.020000E+02  2.820000E+02  1.000000E-35  1.000000E-35
   1.020000E+02  2.940000E+02  1.000000E-35  1.000000E-35
   1.020000E+02  3.060000E+02  1.000000E-35  1.000000E-35
   1.020000E+02  3.180000E+02  1.000000E-35  1.000000E-35
   1.020000E+02  3.300000E+02  1.000000E-35  1.000000E-35
   1.020000E+02  3.420000E+02  1.000000E-35  1.000000E-35
   1.020000E+02  3.540000E+02  1.000000E-35  1.000000E-35
    
   1.060000E+02  6.000001E+00  1.000000E-35  1.000000E-35
   1.060000E+02  1.800000E+01  1.000000E-35  1.000000E-35
   1.060000E+02  3.000000E+01  1.000000E-35  1.000000E-35
   1.060000E+02  4.200000E+01  1.000000E-35  1.000000E-35
   1.060000E+02  5.400001E+01  1.000000E-35  1.000000E-35
   1.060000E+02  6.600001E+01  1.000000E-35  1.000000E-35
   1.060000E+02  7.800001E+01  1.000000E-35  1.000000E-35
   1.060000E+02  9.000001E+01  1.000000E-35  1.000000E-35
   1.060000E+02  1.020000E+02  1.000000E-35  1.000000E-35
   1.060000E+02  1.140000E+02  1.000000E-35  1.000000E-35
   1.060000E+02  1.260000E+02  1.000000E-35  1.000000E-35
   1.060000E+02  1.380000E+02  1.000000E-35  1.000000E-35
   1.060000E+02  1.500000E+02  1.000000E-35  1.000000E-35
   1.060000E+02  1.620000E+02  1.000000E-35  1.000000E-35
   1.060000E+02  1.740000E+02  1.000000E-35  1.000000E-35
   1.060000E+02  1.860000E+02  1.000000E-35  1.000000E-35
   1.060000E+02  1.980000E+02  1.000000E-35  1.000000E-35
   1.060000E+02  2.100000E+02  1.000000E-35  1.000000E-35
   1.060000E+02  2.220000E+02  1.000000E-35  1.000000E-35
   1.060000E+02  2.340000E+02  1.000000E-35  1.000000E-35
   1.060000E+02  2.460000E+02  1.000000E-35  1.000000E-35
   1.060000E+02  2.580000E+02  1.000000E-35  1.000000E-35
   1.060000E+02  2.700000E+02  1.000000E-35  1.000000E-35
   1.060000E+02  2.820000E+02  1.000000E-35  1.000000E-35
   1.060000E+02  2.940000E+02  1.000000E-35  1.000000E-35
   1.060000E+02  3.060000E+02  1.000000E-35  1.000000E-35
   1.060000E+02  3.180000E+02  1.000000E-35  1.000000E-35
   1.060000E+02  3.300000E+02  1.000000E-35  1.000000E-35
   1.060000E+02  3.420000E+02  1.000000E-35  1.000000E-35
   1.060000E+02  3.540000E+02  1.000000E-35  1.000000E-35
    
   1.100000E+02  6.000001E+00  1.000000E-35  1.000000E-35
   1.100000E+02  1.800000E+01  1.000000E-35  1.000000E-35
   1.100000E+02  3.000000E+01  1.000000E-35  1.000000E-35
   1.100000E+02  4.200000E+01  1.000000E-35  1.000000E-35
   1.100000E+02  5.400001E+01  1.000000E-35  1.000000E-35
   1.100000E+02  6.600001E+01  1.000000E-35  1.000000E-35
   1.100000E+02  7.800001E+01  1.000000E-35  1.000000E-35
   1.100000E+02  9.000001E+01  1.000000E-35  1.000000E-35
   1.100000E+02  1.020000E+02  1.000000E-35  1.000000E-35
   1.100000E+02  1.140000E+02  1.000000E-35  1.000000E-35
   1.100000E+02  1.260000E+02  1.000000E-35  1.000000E-35
   1.100000E+02  1.380000E+02  1.000000E-35  1.000000E-35
   1.100000E+02  1.500000E+02  1.000000E-35  1.000000E-35
   1.100000E+02  1.620000E+02  1.000000E-35  1.000000E-35
   1.100000E+02  1.740000E+02  1.000000E-35  1.000000E-35
   1.100000E+02  1.860000E+02  1.000000E-35  1.000000E-35
   1.100000E+02  1.980000E+02  1.000000E-35  1.000000E-35
   1.100000E+02  2.100000E+02  1.000000E-35  1.000000E-35
   1.100000E+02  2.220000E+02  1.000000E-35  1.000000E-35
   1.100000E+02  2.340000E+02  1.000000E-35  1.000000E-35
   1.100000E+02  2.460000E+02  1.000000E-35  1.000000E-35
   1.100000E+02  2.580000E+02  1.000000E-35  1.000000E-35
   1.100000E+02  2.700000E+02  1.000000E-35  1.000000E-35
   1.100000E+02  2.820000E+02  1.000000E-35  1.000000E-35
   1.100000E+02  2.940000E+02  1.000000E-35  1.000000E-35
   1.100000E+02  3.060000E+02  1.000000E-35  1.000000E-35
   1.100000E+02  3.180000E+02  1.000000E-35  1.000000E-35
   1.100000E+02  3.300000E+02  1.000000E-35  1.000000E-35
   1.100000E+02  3.420000E+02  1.000000E-35  1.000000E-35
   1.100000E+02  3.540000E+02  1.000000E-35  1.000000E-35
    
   1.140000E+02  6.000001E+00  1.000000E-35  1.000000E-35
   1.140000E+02  1.800000E+01  1.000000E-35  1.000000E-35
   1.140000E+02  3.000000E+01  1.000000E-35  1.000000E-35
   1.140000E+02  4.200000E+01  1.000000E-35  1.000000E-35
   1.140000E+02  5.400001E+01  1.000000E-35  1.000000E-35
   1.140000E+02  6.600001E+01  1.000000E-35  1.000000E-35
   1.140000E+02  7.800001E+01  1.000000E-35  1.000000E-35
   1.140000E+02  9.000001E+01  1.000000E-35  1.000000E-35
   1.140000E+02  1.020000E+02  1.000000E-35  1.000000E-35
   1.140000E+02  1.140000E+02  1.000000E-35  1.000000E-35
   1.140000E+02  1.260000E+02  1.000000E-35  1.000000E-35
   1.140000E+02  1.380000E+02  1.000000E-35  1.000000E-35
   1.140000E+02  1.500000E+02  1.000000E-35  1.000000E-35
   1.140000E+02  1.620000E+02  1.000000E-35  1.000000E-35
   1.140000E+02  1.740000E+02  1.000000E-35  1.000000E-35
   1.140000E+02  1.860000E+02  1.000000E-35  1.000000E-35
   1.140000E+02  1.980000E+02  1.000000E-35  1.000000E-35
   1.140000E+02  2.100000E+02  1.000000E-35  1.000000E-35
   1.140000E+02  2.220000E+02  1.000000E-35  1.000000E-35
   1.140000E+02  2.340000E+02  1.000000E-35  1.000000E-35
   1.140000E+02  2.460000E+02  1.000000E-35  1.000000E-35
   1.140000E+02  2.580000E+02  1.000000E-35  1.000000E-35
   1.140000E+02  2.700000E+02  1.000000E-35  1.000000E-35
   1.140000E+02  2.820000E+02  1.000000E-35  1.000000E-35
   1.140000E+02  2.940000E+02  1.000000E-35  1.000000E-35
   1.140000E+02  3.060000E+02  1.000000E-35  1.000000E-35
   1.140000E+02  3.180000E+02  1.000000E-35  1.000000E-35
   1.140000E+02  3.300000E+02  1.000000E-35  1.000000E-35
   1.140000E+02  3.420000E+02  1.000000E-35  1.000000E-35
   1.140000E+02  3.540000E+02  1.000000E-35  1.000000E-35
    
   1.180000E+02  6.000001E+00  1.000000E-35  1.000000E-35
   1.180000E+02  1.800000E+01  1.000000E-35  1.000000E-35
   1.180000E+02  3.000000E+01  1.000000E-35  1.000000E-35
   1.180000E+02  4.200000E+01  1.000000E-35  1.000000E-35
   1.180000E+02  5.400001E+01  1.000000E-35  1.000000E-35
   1.180000E+02  6.600001E+01  1.000000E-35  1.000000E-35
   1.180000E+02  7.800001E+01  1.000000E-35  1.000000E-35
   1.180000E+02  9.000001E+01  1.000000E-35  1.000000E-35
   1.180000E+02  1.020000E+02  1.000000E-35  1.000000E-35
   1.180000E+02  1.140000E+02  1.000000E-35  1.000000E-35
   1.180000E+02  1.260000E+02  1.000000E-35  1.000000E-35
   1.180000E+02  1.380000E+02  1.000000E-35  1.000000E-35
   1.180000E+02  1.500000E+02  1.000000E-35  1.000000E-35
   1.180000E+02  1.620000E+02  1.000000E-35  1.000000E-35
   1.180000E+02  1.740000E+02  1.000000E-35  1.000000E-35
   1.180000E+02  1.860000E+02  1.000000E-35  1.000000E-35
   1.180000E+02  1.980000E+02  1.000000E-35  1.000000E-35
   1.180000E+02  2.100000E+02  1.000000E-35  1.000000E-35
   1.180000E+02  2.220000E+02  1.000000E-35  1.000000E-35
   1.180000E+02  2.340000E+02  1.000000E-35  1.000000E-35
   1.180000E+02  2.460000E+02  1.000000E-35  1.000000E-35
   1.180000E+02  2.580000E+02  1.000000E-35  1.000000E-35
   1.180000E+02  2.700000E+02  1.000000E-35  1.000000E-35
   1.180000E+02  2.820000E+02  1.000000E-35  1.000000E-35
   1.180000E+02  2.940000E+02  1.000000E-35  1.000000E-35
   1.180000E+02  3.060000E+02  1.000000E-35  1.000000E-35
   1.180000E+02  3.180000E+02  1.000000E-35  1.000000E-35
   1.180000E+02  3.300000E+02  1.000000E-35  1.000000E-35
   1.180000E+02  3.420000E+02  1.000000E-35  1.000000E-35
   1.180000E+02  3.540000E+02  1.000000E-35  1.000000E-35
    
   1.220000E+02  6.000001E+00  1.000000E-35  1.000000E-35
   1.220000E+02  1.800000E+01  1.000000E-35  1.000000E-35
   1.220000E+02  3.000000E+01  1.000000E-35  1.000000E-35
   1.220000E+02  4.200000E+01  1.000000E-35  1.000000E-35
   1.220000E+02  5.400001E+01  1.000000E-35  1.000000E-35
   1.220000E+02  6.600001E+01  1.000000E-35  1.000000E-35
   1.220000E+02  7.800001E+01  1.000000E-35  1.000000E-35
   1.220000E+02  9.000001E+01  1.000000E-35  1.000000E-35
   1.220000E+02  1.020000E+02  1.000000E-35  1.000000E-35
   1.220000E+02  1.140000E+02  1.000000E-35  1.000000E-35
   1.220000E+02  1.260000E+02  1.000000E-35  1.000000E-35
   1.220000E+02  1.380000E+02  1.000000E-35  1.000000E-35
   1.220000E+02  1.500000E+02  1.000000E-35  1.000000E-35
   1.220000E+02  1.620000E+02  1.000000E-35  1.000000E-35
   1.220000E+02  1.740000E+02  1.000000E-35  1.000000E-35
   1.220000E+02  1.860000E+02  1.000000E-35  1.000000E-35
   1.220000E+02  1.980000E+02  1.000000E-35  1.000000E-35
   1.220000E+02  2.100000E+02  1.000000E-35  1.000000E-35
   1.220000E+02  2.220000E+02  1.000000E-35  1.000000E-35
   1.220000E+02  2.340000E+02  1.000000E-35  1.000000E-35
   1.220000E+02  2.460000E+02  1.000000E-35  1.000000E-35
   1.220000E+02  2.580000E+02  1.000000E-35  1.000000E-35
   1.220000E+02  2.700000E+02  1.000000E-35  1.000000E-35
   1.220000E+02  2.820000E+02  1.000000E-35  1.000000E-35
   1.220000E+02  2.940000E+02  1.000000E-35  1.000000E-35
   1.220000E+02  3.060000E+02  1.000000E-35  1.000000E-35
   1.220000E+02  3.180000E+02  1.000000E-35  1.000000E-35
   1.220000E+02  3.300000E+02  1.000000E-35  1.000000E-35
   1.220000E+02  3.420000E+02  1.000000E-35  1.000000E-35
   1.220000E+02  3.540000E+02  1.000000E-35  1.000000E-35
    
   1.260000E+02  6.000001E+00  1.000000E-35  1.000000E-35
   1.260000E+02  1.800000E+01  1.000000E-35  1.000000E-35
   1.260000E+02  3.000000E+01  1.000000E-35  1.000000E-35
   1.260000E+02  4.200000E+01  1.000000E-35  1.000000E-35
   1.260000E+02  5.400001E+01  1.000000E-35  1.000000E-35
   1.260000E+02  6.600001E+01  1.000000E-35  1.000000E-35
   1.260000E+02  7.800001E+01  1.000000E-35  1.000000E-35
   1.260000E+02  9.000001E+01  1.000000E-35  1.000000E-35
   1.260000E+02  1.020000E+02  1.000000E-35  1.000000E-35
   1.260000E+02  1.140000E+02  1.000000E-35  1.000000E-35
   1.260000E+02  1.260000E+02  1.000000E-35  1.000000E-35
   1.260000E+02  1.380000E+02  1.000000E-35  1.000000E-35
   1.260000E+02  1.500000E+02  1.000000E-35  1.000000E-35
   1.260000E+02  1.620000E+02  1.000000E-35  1.000000E-35
   1.260000E+02  1.740000E+02  1.000000E-35  1.000000E-35
   1.260000E+02  1.860000E+02  1.000000E-35  1.000000E-35
   1.260000E+02  1.980000E+02  1.000000E-35  1.000000E-35
   1.260000E+02  2.100000E+02  1.000000E-35  1.000000E-35
   1.260000E+02  2.220000E+02  1.000000E-35  1.000000E-35
   1.260000E+02  2.340000E+02  1.000000E-35  1.000000E-35
   1.260000E+02  2.460000E+02  1.000000E-35  1.000000E-35
   1.260000E+02  2.580000E+02  1.000000E-35  1.000000E-35
   1.260000E+02  2.700000E+02  1.000000E-35  1.000000E-35
   1.260000E+02  2.820000E+02  1.000000E-35  1.000000E-35
   1.260000E+02  2.940000E+02  1.000000E-35  1.000000E-35
   1.260000E+02  3.060000E+02  1.000000E-35  1.000000E-35
   1.260000E+02  3.180000E+02  1.000000E-35  1.000000E-35
   1.260000E+02  3.300000E+02  1.000000E-35  1.000000E-35
   1.260000E+02  3.420000E+02  1.000000E-35  1.000000E-35
   1.260000E+02  3.540000E+02  1.000000E-35  1.000000E-35
    
   1.300000E+02  6.000001E+00  1.000000E-35  1.000000E-35
   1.300000E+02  1.800000E+01  1.000000E-35  1.000000E-35
   1.300000E+02  3.000000E+01  1.000000E-35  1.000000E-35
   1.300000E+02  4.200000E+01  1.000000E-35  1.000000E-35
   1.300000E+02  5.400001E+01  1.000000E-35  1.000000E-35
   1.300000E+02  6.600001E+01  1.000000E-35  1.000000E-35
   1.300000E+02  7.800001E+01  1.000000E-35  1.000000E-35
   1.300000E+02  9.000001E+01  1.000000E-35  1.000000E-35
   1.300000E+02  1.020000E+02  1.000000E-35  1.000000E-35
   1.300000E+02  1.140000E+02  1.000000E-35  1.000000E-35
   1.300000E+02  1.260000E+02  1.000000E-35  1.000000E-35
   1.300000E+02  1.380000E+02  1.000000E-35  1.000000E-35
   1.300000E+02  1.500000E+02  1.000000E-35  1.000000E-35
   1.300000E+02  1.620000E+02  1.000000E-35  1.000000E-35
   1.300000E+02  1.740000E+02  1.000000E-35  1.000000E-35
   1.300000E+02  1.860000E+02  1.000000E-35  1.000000E-35
   1.300000E+02  1.980000E+02  1.000000E-35  1.000000E-35
   1.300000E+02  2.100000E+02  1.000000E-35  1.000000E-35
   1.300000E+02  2.220000E+02  1.000000E-35  1.000000E-35
   1.300000E+02  2.340000E+02  1.000000E-35  1.000000E-35
   1.300000E+02  2.460000E+02  1.000000E-35  1.000000E-35
   1.300000E+02  2.580000E+02  1.000000E-35  1.000000E-35
   1.300000E+02  2.700000E+02  1.000000E-35  1.000000E-35
   1.300000E+02  2.820000E+02  1.000000E-35  1.000000E-35
   1.300000E+02  2.940000E+02  1.000000E-35  1.000000E-35
   1.300000E+02  3.060000E+02  1.000000E-35  1.000000E-35
   1.300000E+02  3.180000E+02  1.000000E-35  1.000000E-35
   1.300000E+02  3.300000E+02  1.000000E-35  1.000000E-35
   1.300000E+02  3.420000E+02  1.000000E-35  1.000000E-35
   1.300000E+02  3.540000E+02  1.000000E-35  1.000000E-35
    
   1.340000E+02  6.000001E+00  1.000000E-35  1.000000E-35
   1.340000E+02  1.800000E+01  1.000000E-35  1.000000E-35
   1.340000E+02  3.000000E+01  1.000000E-35  1.000000E-35
   1.340000E+02  4.200000E+01  1.000000E-35  1.000000E-35
   1.340000E+02  5.400001E+01  1.000000E-35  1.000000E-35
   1.340000E+02  6.600001E+01  1.000000E-35  1.000000E-35
   1.340000E+02  7.800001E+01  1.000000E-35  1.000000E-35
   1.340000E+02  9.000001E+01  1.000000E-35  1.000000E-35
   1.340000E+02  1.020000E+02  1.000000E-35  1.000000E-35
   1.340000E+02  1.140000E+02  1.000000E-35  1.000000E-35
   1.340000E+02  1.260000E+02  1.000000E-35  1.000000E-35
   1.340000E+02  1.380000E+02  1.000000E-35  1.000000E-35
   1.340000E+02  1.500000E+02  1.000000E-35  1.000000E-35
   1.340000E+02  1.620000E+02  1.000000E-35  1.000000E-35
   1.340000E+02  1.740000E+02  1.000000E-35  1.000000E-35
   1.340000E+02  1.860000E+02  1.000000E-35  1.000000E-35
   1.340000E+02  1.980000E+02  1.000000E-35  1.000000E-35
   1.340000E+02  2.100000E+02  1.000000E-35  1.000000E-35
   1.340000E+02  2.220000E+02  1.000000E-35  1.000000E-35
   1.340000E+02  2.340000E+02  1.000000E-35  1.000000E-35
   1.340000E+02  2.460000E+02  1.000000E-35  1.000000E-35
   1.340000E+02  2.580000E+02  1.000000E-35  1.000000E-35
   1.340000E+02  2.700000E+02  1.000000E-35  1.000000E-35
   1.340000E+02  2.820000E+02  1.000000E-35  1.000000E-35
   1.340000E+02  2.940000E+02  1.000000E-35  1.000000E-35
   1.340000E+02  3.060000E+02  1.000000E-35  1.000000E-35
   1.340000E+02  3.180000E+02  1.000000E-35  1.000000E-35
   1.340000E+02  3.300000E+02  1.000000E-35  1.000000E-35
   1.340000E+02  3.420000E+02  1.000000E-35  1.000000E-35
   1.340000E+02  3.540000E+02  1.000000E-35  1.000000E-35
    
   1.380000E+02  6.000001E+00  1.000000E-35  1.000000E-35
   1.380000E+02  1.800000E+01  1.000000E-35  1.000000E-35
   1.380000E+02  3.000000E+01  1.000000E-35  1.000000E-35
   1.380000E+02  4.200000E+01  1.000000E-35  1.000000E-35
   1.380000E+02  5.400001E+01  1.000000E-35  1.000000E-35
   1.380000E+02  6.600001E+01  1.000000E-35  1.000000E-35
   1.380000E+02  7.800001E+01  1.000000E-35  1.000000E-35
   1.380000E+02  9.000001E+01  1.000000E-35  1.000000E-35
   1.380000E+02  1.020000E+02  1.000000E-35  1.000000E-35
   1.380000E+02  1.140000E+02  1.000000E-35  1.000000E-35
   1.380000E+02  1.260000E+02  1.000000E-35  1.000000E-35
   1.380000E+02  1.380000E+02  1.000000E-35  1.000000E-35
   1.380000E+02  1.500000E+02  1.000000E-35  1.000000E-35
   1.380000E+02  1.620000E+02  1.000000E-35  1.000000E-35
   1.380000E+02  1.740000E+02  1.000000E-35  1.000000E-35
   1.380000E+02  1.860000E+02  1.000000E-35  1.000000E-35
   1.380000E+02  1.980000E+02  1.000000E-35  1.000000E-35
   1.380000E+02  2.100000E+02  1.000000E-35  1.000000E-35
   1.380000E+02  2.220000E+02  1.000000E-35  1.000000E-35
   1.380000E+02  2.340000E+02  1.000000E-35  1.000000E-35
   1.380000E+02  2.460000E+02  1.000000E-35  1.000000E-35
   1.380000E+02  2.580000E+02  1.000000E-35  1.000000E-35
   1.380000E+02  2.700000E+02  1.000000E-35  1.000000E-35
   1.380000E+02  2.820000E+02  1.000000E-35  1.000000E-35
   1.380000E+02  2.940000E+02  1.000000E-35  1.000000E-35
   1.380000E+02  3.060000E+02  1.000000E-35  1.000000E-35
   1.380000E+02  3.180000E+02  1.000000E-35  1.000000E-35
   1.380000E+02  3.300000E+02  1.000000E-35  1.000000E-35
   1.380000E+02  3.420000E+02  1.000000E-35  1.000000E-35
   1.380000E+02  3.540000E+02  1.000000E-35  1.000000E-35
    
   1.420000E+02  6.000001E+00  1.000000E-35  1.000000E-35
   1.420000E+02  1.800000E+01  1.000000E-35  1.000000E-35
   1.420000E+02  3.000000E+01  1.000000E-35  1.000000E-35
   1.420000E+02  4.200000E+01  1.000000E-35  1.000000E-35
   1.420000E+02  5.400001E+01  1.000000E-35  1.000000E-35
   1.420000E+02  6.600001E+01  1.000000E-35  1.000000E-35
   1.420000E+02  7.800001E+01  1.000000E-35  1.000000E-35
   1.420000E+02  9.000001E+01  1.000000E-35  1.000000E-35
   1.420000E+02  1.020000E+02  1.000000E-35  1.000000E-35
   1.420000E+02  1.140000E+02  1.000000E-35  1.000000E-35
   1.420000E+02  1.260000E+02  1.000000E-35  1.000000E-35
   1.420000E+02  1.380000E+02  1.000000E-35  1.000000E-35
   1.420000E+02  1.500000E+02  1.000000E-35  1.000000E-35
   1.420000E+02  1.620000E+02  1.000000E-35  1.000000E-35
   1.420000E+02  1.740000E+02  1.000000E-35  1.000000E-35
   1.420000E+02  1.860000E+02  1.000000E-35  1.000000E-35
   1.420000E+02  1.980000E+02  1.000000E-35  1.000000E-35
   1.420000E+02  2.100000E+02  1.000000E-35  1.000000E-35
   1.420000E+02  2.220000E+02  1.000000E-35  1.000000E-35
   1.420000E+02  2.340000E+02  1.000000E-35  1.000000E-35
   1.420000E+02  2.460000E+02  1.000000E-35  1.000000E-35
   1.420000E+02  2.580000E+02  1.000000E-35  1.000000E-35
   1.420000E+02  2.700000E+02  1.000000E-35  1.000000E-35
   1.420000E+02  2.820000E+02  1.000000E-35  1.000000E-35
   1.420000E+02  2.940000E+02  1.000000E-35  1.000000E-35
   1.420000E+02  3.060000E+02  1.000000E-35  1.000000E-35
   1.420000E+02  3.180000E+02  1.000000E-35  1.000000E-35
   1.420000E+02  3.300000E+02  1.000000E-35  1.000000E-35
   1.420000E+02  3.420000E+02  1.000000E-35  1.000000E-35
   1.420000E+02  3.540000E+02  1.000000E-35  1.000000E-35
    
   1.460000E+02  6.000001E+00  1.000000E-35  1.000000E-35
   1.460000E+02  1.800000E+01  1.000000E-35  1.000000E-35
   1.460000E+02  3.000000E+01  1.000000E-35  1.000000E-35
   1.460000E+02  4.200000E+01  1.000000E-35  1.000000E-35
   1.460000E+02  5.400001E+01  1.000000E-35  1.000000E-35
   1.460000E+02  6.600001E+01  1.000000E-35  1.000000E-35
   1.460000E+02  7.800001E+01  1.000000E-35  1.000000E-35
   1.460000E+02  9.000001E+01  1.000000E-35  1.000000E-35
   1.460000E+02  1.020000E+02  1.000000E-35  1.000000E-35
   1.460000E+02  1.140000E+02  1.000000E-35  1.000000E-35
   1.460000E+02  1.260000E+02  1.000000E-35  1.000000E-35
   1.460000E+02  1.380000E+02  1.000000E-35  1.000000E-35
   1.460000E+02  1.500000E+02  1.000000E-35  1.000000E-35
   1.460000E+02  1.620000E+02  1.000000E-35  1.000000E-35
   1.460000E+02  1.740000E+02  1.000000E-35  1.000000E-35
   1.460000E+02  1.860000E+02  1.000000E-35  1.000000E-35
   1.460000E+02  1.980000E+02  1.000000E-35  1.000000E-35
   1.460000E+02  2.100000E+02  1.000000E-35  1.000000E-35
   1.460000E+02  2.220000E+02  1.000000E-35  1.000000E-35
   1.460000E+02  2.340000E+02  1.000000E-35  1.000000E-35
   1.460000E+02  2.460000E+02  1.000000E-35  1.000000E-35
   1.460000E+02  2.580000E+02  1.000000E-35  1.000000E-35
   1.460000E+02  2.700000E+02  1.000000E-35  1.000000E-35
   1.460000E+02  2.820000E+02  1.000000E-35  1.000000E-35
   1.460000E+02  2.940000E+02  1.000000E-35  1.000000E-35
   1.460000E+02  3.060000E+02  1.000000E-35  1.000000E-35
   1.460000E+02  3.180000E+02  1.000000E-35  1.000000E-35
   1.460000E+02  3.300000E+02  1.000000E-35  1.000000E-35
   1.460000E+02  3.420000E+02  1.000000E-35  1.000000E-35
   1.460000E+02  3.540000E+02  1.000000E-35  1.000000E-35
    
   1.500000E+02  6.000001E+00  1.000000E-35  1.000000E-35
   1.500000E+02  1.800000E+01  1.000000E-35  1.000000E-35
   1.500000E+02  3.000000E+01  1.000000E-35  1.000000E-35
   1.500000E+02  4.200000E+01  1.000000E-35  1.000000E-35
   1.500000E+02  5.400001E+01  1.000000E-35  1.000000E-35
   1.500000E+02  6.600001E+01  1.000000E-35  1.000000E-35
   1.500000E+02  7.800001E+01  1.000000E-35  1.000000E-35
   1.500000E+02  9.000001E+01  1.000000E-35  1.000000E-35
   1.500000E+02  1.020000E+02  1.000000E-35  1.000000E-35
   1.500000E+02  1.140000E+02  1.000000E-35  1.000000E-35
   1.500000E+02  1.260000E+02  1.000000E-35  1.000000E-35
   1.500000E+02  1.380000E+02  1.000000E-35  1.000000E-35
   1.500000E+02  1.500000E+02  1.000000E-35  1.000000E-35
   1.500000E+02  1.620000E+02  1.000000E-35  1.000000E-35
   1.500000E+02  1.740000E+02  1.000000E-35  1.000000E-35
   1.500000E+02  1.860000E+02  1.000000E-35  1.000000E-35
   1.500000E+02  1.980000E+02  1.000000E-35  1.000000E-35
   1.500000E+02  2.100000E+02  1.000000E-35  1.000000E-35
   1.500000E+02  2.220000E+02  1.000000E-35  1.000000E-35
   1.500000E+02  2.340000E+02  1.000000E-35  1.000000E-35
   1.500000E+02  2.460000E+02  1.000000E-35  1.000000E-35
   1.500000E+02  2.580000E+02  1.000000E-35  1.000000E-35
   1.500000E+02  2.700000E+02  1.000000E-35  1.000000E-35
   1.500000E+02  2.820000E+02  1.000000E-35  1.000000E-35
   1.500000E+02  2.940000E+02  1.000000E-35  1.000000E-35
   1.500000E+02  3.060000E+02  1.000000E-35  1.000000E-35
   1.500000E+02  3.180000E+02  1.000000E-35  1.000000E-35
   1.500000E+02  3.300000E+02  1.000000E-35  1.000000E-35
   1.500000E+02  3.420000E+02  1.000000E-35  1.000000E-35
   1.500000E+02  3.540000E+02  1.000000E-35  1.000000E-35
    
   1.540000E+02  6.000001E+00  1.000000E-35  1.000000E-35
   1.540000E+02  1.800000E+01  1.000000E-35  1.000000E-35
   1.540000E+02  3.000000E+01  1.000000E-35  1.000000E-35
   1.540000E+02  4.200000E+01  1.000000E-35  1.000000E-35
   1.540000E+02  5.400001E+01  1.000000E-35  1.000000E-35
   1.540000E+02  6.600001E+01  1.000000E-35  1.000000E-35
   1.540000E+02  7.800001E+01  1.000000E-35  1.000000E-35
   1.540000E+02  9.000001E+01  1.000000E-35  1.000000E-35
   1.540000E+02  1.020000E+02  1.000000E-35  1.000000E-35
   1.540000E+02  1.140000E+02  1.000000E-35  1.000000E-35
   1.540000E+02  1.260000E+02  1.000000E-35  1.000000E-35
   1.540000E+02  1.380000E+02  1.000000E-35  1.000000E-35
   1.540000E+02  1.500000E+02  1.000000E-35  1.000000E-35
   1.540000E+02  1.620000E+02  1.000000E-35  1.000000E-35
   1.540000E+02  1.740000E+02  1.000000E-35  1.000000E-35
   1.540000E+02  1.860000E+02  1.000000E-35  1.000000E-35
   1.540000E+02  1.980000E+02  1.000000E-35  1.000000E-35
   1.540000E+02  2.100000E+02  1.000000E-35  1.000000E-35
   1.540000E+02  2.220000E+02  1.000000E-35  1.000000E-35
   1.540000E+02  2.340000E+02  1.000000E-35  1.000000E-35
   1.540000E+02  2.460000E+02  1.000000E-35  1.000000E-35
   1.540000E+02  2.580000E+02  1.000000E-35  1.000000E-35
   1.540000E+02  2.700000E+02  1.000000E-35  1.000000E-35
   1.540000E+02  2.820000E+02  1.000000E-35  1.000000E-35
   1.540000E+02  2.940000E+02  1.000000E-35  1.000000E-35
   1.540000E+02  3.060000E+02  1.000000E-35  1.000000E-35
   1.540000E+02  3.180000E+02  1.000000E-35  1.000000E-35
   1.540000E+02  3.300000E+02  1.000000E-35  1.000000E-35
   1.540000E+02  3.420000E+02  1.000000E-35  1.000000E-35
   1.540000E+02  3.540000E+02  1.000000E-35  1.000000E-35
    
   1.580000E+02  6.000001E+00  1.000000E-35  1.000000E-35
   1.580000E+02  1.800000E+01  1.000000E-35  1.000000E-35
   1.580000E+02  3.000000E+01  1.000000E-35  1.000000E-35
   1.580000E+02  4.200000E+01  1.000000E-35  1.000000E-35
   1.580000E+02  5.400001E+01  1.000000E-35  1.000000E-35
   1.580000E+02  6.600001E+01  1.000000E-35  1.000000E-35
   1.580000E+02  7.800001E+01  1.000000E-35  1.000000E-35
   1.580000E+02  9.000001E+01  1.000000E-35  1.000000E-35
   1.580000E+02  1.020000E+02  1.000000E-35  1.000000E-35
   1.580000E+02  1.140000E+02  1.000000E-35  1.000000E-35
   1.580000E+02  1.260000E+02  1.000000E-35  1.000000E-35
   1.580000E+02  1.380000E+02  1.000000E-35  1.000000E-35
   1.580000E+02  1.500000E+02  1.000000E-35  1.000000E-35
   1.580000E+02  1.620000E+02  1.000000E-35  1.000000E-35
   1.580000E+02  1.740000E+02  1.000000E-35  1.000000E-35
   1.580000E+02  1.860000E+02  1.000000E-35  1.000000E-35
   1.580000E+02  1.980000E+02  1.000000E-35  1.000000E-35
   1.580000E+02  2.100000E+02  1.000000E-35  1.000000E-35
   1.580000E+02  2.220000E+02  1.000000E-35  1.000000E-35
   1.580000E+02  2.340000E+02  1.000000E-35  1.000000E-35
   1.580000E+02  2.460000E+02  1.000000E-35  1.000000E-35
   1.580000E+02  2.580000E+02  1.000000E-35  1.000000E-35
   1.580000E+02  2.700000E+02  1.000000E-35  1.000000E-35
   1.580000E+02  2.820000E+02  1.000000E-35  1.000000E-35
   1.580000E+02  2.940000E+02  1.000000E-35  1.000000E-35
   1.580000E+02  3.060000E+02  1.000000E-35  1.000000E-35
   1.580000E+02  3.180000E+02  1.000000E-35  1.000000E-35
   1.580000E+02  3.300000E+02  1.000000E-35  1.000000E-35
   1.580000E+02  3.420000E+02  1.000000E-35  1.000000E-35
   1.580000E+02  3.540000E+02  1.000000E-35  1.000000E-35
    
   1.620000E+02  6.000001E+00  1.000000E-35  1.000000E-35
   1.620000E+02  1.800000E+01  1.000000E-35  1.000000E-35
   1.620000E+02  3.000000E+01  1.000000E-35  1.000000E-35
   1.620000E+02  4.200000E+01  1.000000E-35  1.000000E-35
   1.620000E+02  5.400001E+01  1.000000E-35  1.000000E-35
   1.620000E+02  6.600001E+01  1.000000E-35  1.000000E-35
   1.620000E+02  7.800001E+01  1.000000E-35  1.000000E-35
   1.620000E+02  9.000001E+01  1.000000E-35  1.000000E-35
   1.620000E+02  1.020000E+02  1.000000E-35  1.000000E-35
   1.620000E+02  1.140000E+02  1.000000E-35  1.000000E-35
   1.620000E+02  1.260000E+02  1.000000E-35  1.000000E-35
   1.620000E+02  1.380000E+02  1.000000E-35  1.000000E-35
   1.620000E+02  1.500000E+02  1.000000E-35  1.000000E-35
   1.620000E+02  1.620000E+02  1.000000E-35  1.000000E-35
   1.620000E+02  1.740000E+02  1.000000E-35  1.000000E-35
   1.620000E+02  1.860000E+02  1.000000E-35  1.000000E-35
   1.620000E+02  1.980000E+02  1.000000E-35  1.000000E-35
   1.620000E+02  2.100000E+02  1.000000E-35  1.000000E-35
   1.620000E+02  2.220000E+02  1.000000E-35  1.000000E-35
   1.620000E+02  2.340000E+02  1.000000E-35  1.000000E-35
   1.620000E+02  2.460000E+02  1.000000E-35  1.000000E-35
   1.620000E+02  2.580000E+02  1.000000E-35  1.000000E-35
   1.620000E+02  2.700000E+02  1.000000E-35  1.000000E-35
   1.620000E+02  2.820000E+02  1.000000E-35  1.000000E-35
   1.620000E+02  2.940000E+02  1.000000E-35  1.000000E-35
   1.620000E+02  3.060000E+02  1.000000E-35  1.000000E-35
   1.620000E+02  3.180000E+02  1.000000E-35  1.000000E-35
   1.620000E+02  3.300000E+02  1.000000E-35  1.000000E-35
   1.620000E+02  3.420000E+02  1.000000E-35  1.000000E-35
   1.620000E+02  3.540000E+02  1.000000E-35  1.000000E-35
    
   1.660000E+02  6.000001E+00  1.000000E-35  1.000000E-35
   1.660000E+02  1.800000E+01  1.000000E-35  1.000000E-35
   1.660000E+02  3.000000E+01  1.000000E-35  1.000000E-35
   1.660000E+02  4.200000E+01  1.000000E-35  1.000000E-35
   1.660000E+02  5.400001E+01  1.000000E-35  1.000000E-35
   1.660000E+02  6.600001E+01  1.000000E-35  1.000000E-35
   1.660000E+02  7.800001E+01  1.000000E-35  1.000000E-35
   1.660000E+02  9.000001E+01  1.000000E-35  1.000000E-35
   1.660000E+02  1.020000E+02  1.000000E-35  1.000000E-35
   1.660000E+02  1.140000E+02  1.000000E-35  1.000000E-35
   1.660000E+02  1.260000E+02  1.000000E-35  1.000000E-35
   1.660000E+02  1.380000E+02  1.000000E-35  1.000000E-35
   1.660000E+02  1.500000E+02  1.000000E-35  1.000000E-35
   1.660000E+02  1.620000E+02  1.000000E-35  1.000000E-35
   1.660000E+02  1.740000E+02  1.000000E-35  1.000000E-35
   1.660000E+02  1.860000E+02  1.000000E-35  1.000000E-35
   1.660000E+02  1.980000E+02  1.000000E-35  1.000000E-35
   1.660000E+02  2.100000E+02  1.000000E-35  1.000000E-35
   1.660000E+02  2.220000E+02  1.000000E-35  1.000000E-35
   1.660000E+02  2.340000E+02  1.000000E-35  1.000000E-35
   1.660000E+02  2.460000E+02  1.000000E-35  1.000000E-35
   1.660000E+02  2.580000E+02  1.000000E-35  1.000000E-35
   1.660000E+02  2.700000E+02  1.000000E-35  1.000000E-35
   1.660000E+02  2.820000E+02  1.000000E-35  1.000000E-35
   1.660000E+02  2.940000E+02  1.000000E-35  1.000000E-35
   1.660000E+02  3.060000E+02  1.000000E-35  1.000000E-35
   1.660000E+02  3.180000E+02  1.000000E-35  1.000000E-35
   1.660000E+02  3.300000E+02  1.000000E-35  1.000000E-35
   1.660000E+02  3.420000E+02  1.000000E-35  1.000000E-35
   1.660000E+02  3.540000E+02  1.000000E-35  1.000000E-35
    
   1.700000E+02  6.000001E+00  1.000000E-35  1.000000E-35
   1.700000E+02  1.800000E+01  1.000000E-35  1.000000E-35
   1.700000E+02  3.000000E+01  1.000000E-35  1.000000E-35
   1.700000E+02  4.200000E+01  1.000000E-35  1.000000E-35
   1.700000E+02  5.400001E+01  1.000000E-35  1.000000E-35
   1.700000E+02  6.600001E+01  1.000000E-35  1.000000E-35
   1.700000E+02  7.800001E+01  1.000000E-35  1.000000E-35
   1.700000E+02  9.000001E+01  1.000000E-35  1.000000E-35
   1.700000E+02  1.020000E+02  1.000000E-35  1.000000E-35
   1.700000E+02  1.140000E+02  1.582146E-07  4.746436E-07
   1.700000E+02  1.260000E+02  1.000000E-35  1.000000E-35
   1.700000E+02  1.380000E+02  1.000000E-35  1.000000E-35
   1.700000E+02  1.500000E+02  1.000000E-35  1.000000E-35
   1.700000E+02  1.620000E+02  1.000000E-35  1.000000E-35
   1.700000E+02  1.740000E+02  1.000000E-35  1.000000E-35
   1.700000E+02  1.860000E+02  1.000000E-35  1.000000E-35
   1.700000E+02  1.980000E+02  1.000000E-35  1.000000E-35
   1.700000E+02  2.100000E+02  1.000000E-35  1.000000E-35
   1.700000E+02  2.220000E+02  1.000000E-35  1.000000E-35
   1.700000E+02  2.340000E+02  1.000000E-35  1.000000E-35
   1.700000E+02  2.460000E+02  1.000000E-35  1.000000E-35
   1.700000E+02  2.580000E+02  1.000000E-35  1.000000E-35
   1.700000E+02  2.700000E+02  1.000000E-35  1.000000E-35
   1.700000E+02  2.820000E+02  1.000000E-35  1.000000E-35
   1.700000E+02  2.940000E+02  1.000000E-35  1.000000E-35
   1.700000E+02  3.060000E+02  1.000000E-35  1.000000E-35
   1.700000E+02  3.180000E+02  1.000000E-35  1.000000E-35
   1.700000E+02  3.300000E+02  1.000000E-35  1.000000E-35
   1.700000E+02  3.420000E+02  1.000000E-35  1.000000E-35
   1.700000E+02  3.540000E+02  1.000000E-35  1.000000E-35
    
   1.740000E+02  6.000001E+00  1.000000E-35  1.000000E-35
   1.740000E+02  1.800000E+01  1.000000E-35  1.000000E-35
   1.740000E+02  3.000000E+01  1.000000E-35  1.000000E-35
   1.740000E+02  4.200000E+01  1.000000E-35  1.000000E-35
   1.740000E+02  5.400001E+01  1.000000E-35  1.000000E-35
   1.740000E+02  6.600001E+01  1.000000E-35  1.000000E-35
   1.740000E+02  7.800001E+01  1.000000E-35  1.000000E-35
   1.740000E+02  9.000001E+01  1.000000E-35  1.000000E-35
   1.740000E+02  1.020000E+02  1.000000E-35  1.000000E-35
   1.740000E+02  1.140000E+02  1.000000E-35  1.000000E-35
   1.740000E+02  1.260000E+02  1.000000E-35  1.000000E-35
   1.740000E+02  1.380000E+02  1.000000E-35  1.000000E-35
   1.740000E+02  1.500000E+02  1.000000E-35  1.000000E-35
   1.740000E+02  1.620000E+02  1.000000E-35  1.000000E-35
   1.740000E+02  1.740000E+02  1.000000E-35  1.000000E-35
   1.740000E+02  1.860000E+02  1.000000E-35  1.000000E-35
   1.740000E+02  1.980000E+02  1.000000E-35  1.000000E-35
   1.740000E+02  2.100000E+02  1.000000E-35  1.000000E-35
   1.740000E+02  2.220000E+02  1.000000E-35  1.000000E-35
   1.740000E+02  2.340000E+02  1.000000E-35  1.000000E-35
   1.740000E+02  2.460000E+02  1.000000E-35  1.000000E-35
   1.740000E+02  2.580000E+02  1.000000E-35  1.000000E-35
   1.740000E+02  2.700000E+02  1.000000E-35  1.000000E-35
   1.740000E+02  2.820000E+02  1.000000E-35  1.000000E-35
   1.740000E+02  2.940000E+02  1.000000E-35  1.000000E-35
   1.740000E+02  3.060000E+02  1.000000E-35  1.000000E-35
   1.740000E+02  3.180000E+02  1.000000E-35  1.000000E-35
   1.740000E+02  3.300000E+02  1.000000E-35  1.000000E-35
   1.740000E+02  3.420000E+02  1.000000E-35  1.000000E-35
   1.740000E+02  3.540000E+02  1.000000E-35  1.000000E-35
    
   1.780000E+02  6.000001E+00  1.000000E-35  1.000000E-35
   1.780000E+02  1.800000E+01  1.000000E-35  1.000000E-35
   1.780000E+02  3.000000E+01  1.000000E-35  1.000000E-35
   1.780000E+02  4.200000E+01  1.000000E-35  1.000000E-35
   1.780000E+02  5.400001E+01  1.000000E-35  1.000000E-35
   1.780000E+02  6.600001E+01  1.000000E-35  1.000000E-35
   1.780000E+02  7.800001E+01  1.000000E-35  1.000000E-35
   1.780000E+02  9.000001E+01  1.000000E-35  1.000000E-35
   1.780000E+02  1.020000E+02  1.000000E-35  1.000000E-35
   1.780000E+02  1.140000E+02  1.000000E-35  1.000000E-35
   1.780000E+02  1.260000E+02  1.000000E-35  1.000000E-35
   1.780000E+02  1.380000E+02  1.000000E-35  1.000000E-35
   1.780000E+02  1.500000E+02  1.000000E-35  1.000000E-35
   1.780000E+02  1.620000E+02  1.000000E-35  1.000000E-35
   1.780000E+02  1.740000E+02  1.000000E-35  1.000000E-35
   1.780000E+02  1.860000E+02  1.000000E-35  1.000000E-35
   1.780000E+02  1.980000E+02  1.000000E-35  1.000000E-35
   1.780000E+02  2.100000E+02  1.000000E-35  1.000000E-35
   1.780000E+02  2.220000E+02  1.000000E-35  1.000000E-35
   1.780000E+02  2.340000E+02  1.000000E-35  1.000000E-35
   1.780000E+02  2.460000E+02  1.000000E-35  1.000000E-35
   1.780000E+02  2.580000E+02  1.000000E-35  1.000000E-35
   1.780000E+02  2.700000E+02  1.000000E-35  1.000000E-35
   1.780000E+02  2.820000E+02  1.000000E-35  1.000000E-35
   1.780000E+02  2.940000E+02  1.000000E-35  1.000000E-35
   1.780000E+02  3.060000E+02  1.000000E-35  1.000000E-35
   1.780000E+02  3.180000E+02  1.000000E-35  1.000000E-35
   1.780000E+02  3.300000E+02  1.000000E-35  1.000000E-35
   1.780000E+02  3.420000E+02  1.000000E-35  1.000000E-35
   1.780000E+02  3.540000E+02  1.000000E-35  1.000000E-35
    
