 #  Results from PENEPMA.
 #  Angular distribution of emerging photons.
 #  1st and 2nd columns: THETA and PHI (deg).
 #  3rd and 4th columns: probability density and STU (1/sr)

   2.000000E+00  6.000001E+00  2.864331E-04  1.219011E-04
   2.000000E+00  1.800000E+01  2.521405E-04  1.229613E-04
   2.000000E+00  3.000000E+01  1.802118E-04  8.952192E-05
   2.000000E+00  4.200000E+01  2.645694E-04  1.295601E-04
   2.000000E+00  5.400001E+01  1.281030E-03  2.192491E-03
   2.000000E+00  6.600001E+01  6.908297E-04  1.550692E-03
   2.000000E+00  7.800001E+01  7.187301E-04  1.551944E-03
   2.000000E+00  9.000001E+01  2.753908E-04  1.340902E-04
   2.000000E+00  1.020000E+02  1.218877E-03  2.191320E-03
   2.000000E+00  1.140000E+02  1.849698E-04  1.019300E-04
   2.000000E+00  1.260000E+02  3.149111E-04  1.363033E-04
   2.000000E+00  1.380000E+02  2.056040E-04  1.239275E-04
   2.000000E+00  1.500000E+02  7.398855E-04  1.552165E-03
   2.000000E+00  1.620000E+02  1.351742E-03  2.194848E-03
   2.000000E+00  1.740000E+02  2.562900E-04  1.190140E-04
   2.000000E+00  1.860000E+02  2.683072E-04  1.148872E-04
   2.000000E+00  1.980000E+02  1.687203E-04  8.393646E-05
   2.000000E+00  2.100000E+02  1.221615E-03  2.191419E-03
   2.000000E+00  2.220000E+02  7.079148E-04  1.550539E-03
   2.000000E+00  2.340000E+02  2.362188E-04  1.242510E-04
   2.000000E+00  2.460000E+02  2.172447E-04  1.077233E-04
   2.000000E+00  2.580000E+02  1.184621E-03  2.190843E-03
   2.000000E+00  2.700000E+02  1.249800E-03  2.191777E-03
   2.000000E+00  2.820000E+02  2.067374E-04  1.052225E-04
   2.000000E+00  2.940000E+02  6.894484E-04  1.551791E-03
   2.000000E+00  3.060000E+02  2.327866E-04  1.268476E-04
   2.000000E+00  3.180000E+02  1.262475E-03  2.191910E-03
   2.000000E+00  3.300000E+02  2.453557E-04  1.166403E-04
   2.000000E+00  3.420000E+02  7.101557E-04  1.549992E-03
   2.000000E+00  3.540000E+02  2.377222E-04  1.226810E-04
    
   6.000001E+00  6.000001E+00  7.229742E-04  8.968225E-04
   6.000001E+00  1.800000E+01  5.981190E-04  7.348966E-04
   6.000001E+00  3.000000E+01  2.036003E-04  5.475658E-05
   6.000001E+00  4.200000E+01  9.065840E-04  1.035809E-03
   6.000001E+00  5.400001E+01  2.199254E-04  6.533071E-05
   6.000001E+00  6.600001E+01  5.095492E-04  7.324949E-04
   6.000001E+00  7.800001E+01  3.758514E-04  5.202291E-04
   6.000001E+00  9.000001E+01  5.465346E-04  7.332487E-04
   6.000001E+00  1.020000E+02  7.765822E-04  8.988382E-04
   6.000001E+00  1.140000E+02  5.835617E-04  7.339841E-04
   6.000001E+00  1.260000E+02  8.884614E-04  1.035247E-03
   6.000001E+00  1.380000E+02  5.721195E-04  7.349711E-04
   6.000001E+00  1.500000E+02  7.377268E-04  8.977773E-04
   6.000001E+00  1.620000E+02  3.795607E-04  5.210894E-04
   6.000001E+00  1.740000E+02  1.949082E-04  5.358102E-05
   6.000001E+00  1.860000E+02  1.868869E-04  5.006428E-05
   6.000001E+00  1.980000E+02  6.048656E-04  7.345549E-04
   6.000001E+00  2.100000E+02  5.628765E-04  7.337902E-04
   6.000001E+00  2.220000E+02  5.851664E-04  7.344805E-04
   6.000001E+00  2.340000E+02  4.115085E-04  5.215393E-04
   6.000001E+00  2.460000E+02  1.099697E-03  1.157993E-03
   6.000001E+00  2.580000E+02  3.924276E-04  5.213383E-04
   6.000001E+00  2.700000E+02  3.506217E-04  5.193228E-04
   6.000001E+00  2.820000E+02  3.766211E-04  5.201571E-04
   6.000001E+00  2.940000E+02  9.131693E-04  1.035900E-03
   6.000001E+00  3.060000E+02  1.989040E-04  5.733927E-05
   6.000001E+00  3.180000E+02  7.649255E-04  8.983099E-04
   6.000001E+00  3.300000E+02  1.091447E-03  1.157427E-03
   6.000001E+00  3.420000E+02  1.866466E-04  5.861875E-05
   6.000001E+00  3.540000E+02  7.607841E-04  8.981557E-04
    
   1.000000E+01  6.000001E+00  8.250476E-04  7.634639E-04
   1.000000E+01  1.800000E+01  8.493133E-04  7.639186E-04
   1.000000E+01  3.000000E+01  4.083383E-04  4.425164E-04
   1.000000E+01  4.200000E+01  3.996893E-04  4.422327E-04
   1.000000E+01  5.400001E+01  9.263066E-04  8.244273E-04
   1.000000E+01  6.600001E+01  6.204755E-04  6.239915E-04
   1.000000E+01  7.800001E+01  6.962290E-04  6.967966E-04
   1.000000E+01  9.000001E+01  7.073107E-04  6.969740E-04
   1.000000E+01  1.020000E+02  2.183386E-04  5.007327E-05
   1.000000E+01  1.140000E+02  4.453288E-04  4.436215E-04
   1.000000E+01  1.260000E+02  6.371130E-04  6.244273E-04
   1.000000E+01  1.380000E+02  5.347548E-04  5.410159E-04
   1.000000E+01  1.500000E+02  4.164649E-04  4.424029E-04
   1.000000E+01  1.620000E+02  8.542101E-04  7.639477E-04
   1.000000E+01  1.740000E+02  4.300377E-04  4.431315E-04
   1.000000E+01  1.860000E+02  6.132350E-04  6.239016E-04
   1.000000E+01  1.980000E+02  3.110135E-04  3.143591E-04
   1.000000E+01  2.100000E+02  2.991396E-04  3.141482E-04
   1.000000E+01  2.220000E+02  7.105909E-04  6.975996E-04
   1.000000E+01  2.340000E+02  4.364196E-04  4.426154E-04
   1.000000E+01  2.460000E+02  3.087952E-04  3.145633E-04
   1.000000E+01  2.580000E+02  3.079874E-04  3.148507E-04
   1.000000E+01  2.700000E+02  2.062399E-04  4.585947E-05
   1.000000E+01  2.820000E+02  3.424719E-04  3.155220E-04
   1.000000E+01  2.940000E+02  6.333482E-04  6.241905E-04
   1.000000E+01  3.060000E+02  8.144637E-04  7.632352E-04
   1.000000E+01  3.180000E+02  9.719763E-04  8.249865E-04
   1.000000E+01  3.300000E+02  8.437468E-04  7.638290E-04
   1.000000E+01  3.420000E+02  5.462340E-04  5.415246E-04
   1.000000E+01  3.540000E+02  5.210706E-04  5.409747E-04
    
   1.400000E+01  6.000001E+00  3.518167E-04  3.181853E-04
   1.400000E+01  1.800000E+01  8.000296E-04  6.328649E-04
   1.400000E+01  3.000000E+01  6.483387E-04  5.483243E-04
   1.400000E+01  4.200000E+01  3.675774E-04  3.183807E-04
   1.400000E+01  5.400001E+01  6.634062E-04  5.486273E-04
   1.400000E+01  6.600001E+01  6.471727E-04  5.482546E-04
   1.400000E+01  7.800001E+01  5.209064E-04  4.485006E-04
   1.400000E+01  9.000001E+01  6.542940E-04  5.484895E-04
   1.400000E+01  1.020000E+02  5.766458E-04  5.009572E-04
   1.400000E+01  1.140000E+02  4.400033E-04  3.891641E-04
   1.400000E+01  1.260000E+02  4.284825E-04  3.885927E-04
   1.400000E+01  1.380000E+02  5.236399E-04  4.487491E-04
   1.400000E+01  1.500000E+02  5.794203E-04  5.009473E-04
   1.400000E+01  1.620000E+02  5.222412E-04  4.488236E-04
   1.400000E+01  1.740000E+02  5.368286E-04  4.490438E-04
   1.400000E+01  1.860000E+02  5.661116E-04  5.007361E-04
   1.400000E+01  1.980000E+02  6.442818E-04  5.483806E-04
   1.400000E+01  2.100000E+02  4.365517E-04  3.890865E-04
   1.400000E+01  2.220000E+02  2.911062E-04  2.271403E-04
   1.400000E+01  2.340000E+02  5.941482E-04  5.010268E-04
   1.400000E+01  2.460000E+02  2.147935E-04  4.002290E-05
   1.400000E+01  2.580000E+02  4.376560E-04  3.892117E-04
   1.400000E+01  2.700000E+02  3.601089E-04  3.184823E-04
   1.400000E+01  2.820000E+02  2.644740E-04  2.260744E-04
   1.400000E+01  2.940000E+02  8.228576E-04  6.331787E-04
   1.400000E+01  3.060000E+02  5.867765E-04  5.010683E-04
   1.400000E+01  3.180000E+02  5.928044E-04  5.012432E-04
   1.400000E+01  3.300000E+02  3.113452E-04  2.280118E-04
   1.400000E+01  3.420000E+02  6.550379E-04  5.482960E-04
   1.400000E+01  3.540000E+02  4.276436E-04  3.887399E-04
    
   1.800000E+01  6.000001E+00  8.129508E-04  5.541597E-04
   1.800000E+01  1.800000E+01  5.545424E-04  4.295200E-04
   1.800000E+01  3.000000E+01  5.753820E-04  4.303472E-04
   1.800000E+01  4.200000E+01  3.781693E-04  3.049615E-04
   1.800000E+01  5.400001E+01  5.128551E-04  3.927023E-04
   1.800000E+01  6.600001E+01  4.425285E-04  3.515816E-04
   1.800000E+01  7.800001E+01  3.917928E-04  3.047702E-04
   1.800000E+01  9.000001E+01  5.537258E-04  4.296372E-04
   1.800000E+01  1.020000E+02  4.261745E-04  3.514259E-04
   1.800000E+01  1.140000E+02  5.598291E-04  4.297398E-04
   1.800000E+01  1.260000E+02  4.298960E-04  3.513286E-04
   1.800000E+01  1.380000E+02  6.815692E-04  4.958517E-04
   1.800000E+01  1.500000E+02  3.921610E-04  3.049818E-04
   1.800000E+01  1.620000E+02  3.318947E-04  2.498920E-04
   1.800000E+01  1.740000E+02  3.658399E-04  3.045755E-04
   1.800000E+01  1.860000E+02  3.871931E-04  3.049870E-04
   1.800000E+01  1.980000E+02  7.997090E-04  5.541030E-04
   1.800000E+01  2.100000E+02  5.006404E-04  3.926759E-04
   1.800000E+01  2.220000E+02  5.497511E-04  4.295853E-04
   1.800000E+01  2.340000E+02  5.602055E-04  4.296145E-04
   1.800000E+01  2.460000E+02  6.919542E-04  4.961922E-04
   1.800000E+01  2.580000E+02  4.641641E-04  3.520275E-04
   1.800000E+01  2.700000E+02  5.476783E-04  4.296819E-04
   1.800000E+01  2.820000E+02  3.650087E-04  3.045314E-04
   1.800000E+01  2.940000E+02  5.528770E-04  4.295813E-04
   1.800000E+01  3.060000E+02  5.571838E-04  4.297649E-04
   1.800000E+01  3.180000E+02  4.521863E-04  3.517271E-04
   1.800000E+01  3.300000E+02  4.779895E-04  3.923316E-04
   1.800000E+01  3.420000E+02  6.818993E-04  4.960057E-04
   1.800000E+01  3.540000E+02  3.870270E-04  3.047651E-04
    
   2.200000E+01  6.000001E+00  4.371944E-04  3.239107E-04
   2.200000E+01  1.800000E+01  4.042427E-04  2.903626E-04
   2.200000E+01  3.000000E+01  6.072430E-04  4.092985E-04
   2.200000E+01  4.200000E+01  4.013866E-04  2.902770E-04
   2.200000E+01  5.400001E+01  5.028303E-04  3.547490E-04
   2.200000E+01  6.600001E+01  7.037139E-04  4.572659E-04
   2.200000E+01  7.800001E+01  5.390880E-04  3.830093E-04
   2.200000E+01  9.000001E+01  3.512540E-04  2.517744E-04
   2.200000E+01  1.020000E+02  2.791958E-04  1.487168E-04
   2.200000E+01  1.140000E+02  5.010216E-04  3.546855E-04
   2.200000E+01  1.260000E+02  5.319421E-04  3.827259E-04
   2.200000E+01  1.380000E+02  4.948115E-04  3.547401E-04
   2.200000E+01  1.500000E+02  6.453344E-04  4.339903E-04
   2.200000E+01  1.620000E+02  5.468558E-04  3.828340E-04
   2.200000E+01  1.740000E+02  3.961910E-04  2.902465E-04
   2.200000E+01  1.860000E+02  6.428409E-04  4.339158E-04
   2.200000E+01  1.980000E+02  3.540291E-04  2.520014E-04
   2.200000E+01  2.100000E+02  4.589848E-04  3.243071E-04
   2.200000E+01  2.220000E+02  5.572312E-04  3.831791E-04
   2.200000E+01  2.340000E+02  4.027810E-04  2.902532E-04
   2.200000E+01  2.460000E+02  3.093654E-04  2.064728E-04
   2.200000E+01  2.580000E+02  6.043608E-04  4.093347E-04
   2.200000E+01  2.700000E+02  5.138731E-04  3.550787E-04
   2.200000E+01  2.820000E+02  4.611271E-04  3.241544E-04
   2.200000E+01  2.940000E+02  5.634341E-04  3.829610E-04
   2.200000E+01  3.060000E+02  4.853504E-04  3.544901E-04
   2.200000E+01  3.180000E+02  6.166247E-04  4.096782E-04
   2.200000E+01  3.300000E+02  6.295259E-04  4.098463E-04
   2.200000E+01  3.420000E+02  4.578871E-04  3.242879E-04
   2.200000E+01  3.540000E+02  6.030669E-04  4.093377E-04
    
   2.600000E+01  6.000001E+00  4.134448E-04  2.772980E-04
   2.600000E+01  1.800000E+01  5.461859E-04  3.499719E-04
   2.600000E+01  3.000000E+01  3.437616E-04  2.158491E-04
   2.600000E+01  4.200000E+01  5.472779E-04  3.500743E-04
   2.600000E+01  5.400001E+01  5.787463E-04  3.709257E-04
   2.600000E+01  6.600001E+01  4.445191E-04  3.035844E-04
   2.600000E+01  7.800001E+01  4.511441E-04  3.033655E-04
   2.600000E+01  9.000001E+01  4.973924E-04  3.274563E-04
   2.600000E+01  1.020000E+02  4.794456E-04  3.039359E-04
   2.600000E+01  1.140000E+02  3.789446E-04  2.485794E-04
   2.600000E+01  1.260000E+02  4.144950E-04  2.772304E-04
   2.600000E+01  1.380000E+02  5.032353E-04  3.275706E-04
   2.600000E+01  1.500000E+02  4.518127E-04  3.032760E-04
   2.600000E+01  1.620000E+02  4.213632E-04  2.772772E-04
   2.600000E+01  1.740000E+02  4.501363E-04  3.031970E-04
   2.600000E+01  1.860000E+02  4.584033E-04  3.034294E-04
   2.600000E+01  1.980000E+02  4.125940E-04  2.772347E-04
   2.600000E+01  2.100000E+02  4.171685E-04  2.771375E-04
   2.600000E+01  2.220000E+02  4.317312E-04  2.774678E-04
   2.600000E+01  2.340000E+02  5.769354E-04  3.709854E-04
   2.600000E+01  2.460000E+02  4.598015E-04  3.034721E-04
   2.600000E+01  2.580000E+02  4.659361E-04  3.035286E-04
   2.600000E+01  2.700000E+02  2.767366E-04  1.766236E-04
   2.600000E+01  2.820000E+02  4.224713E-04  2.772609E-04
   2.600000E+01  2.940000E+02  4.115496E-04  2.772353E-04
   2.600000E+01  3.060000E+02  4.603561E-04  3.034809E-04
   2.600000E+01  3.180000E+02  1.084187E-03  5.655942E-04
   2.600000E+01  3.300000E+02  4.440523E-04  3.033636E-04
   2.600000E+01  3.420000E+02  4.569913E-04  3.033026E-04
   2.600000E+01  3.540000E+02  4.668010E-04  3.034983E-04
    
   3.000000E+01  6.000001E+00  4.573040E-04  2.871524E-04
   3.000000E+01  1.800000E+01  3.844240E-04  2.431646E-04
   3.000000E+01  3.000000E+01  6.163786E-04  3.596311E-04
   3.000000E+01  4.200000E+01  5.972897E-04  3.593811E-04
   3.000000E+01  5.400001E+01  4.330747E-04  2.663286E-04
   3.000000E+01  6.600001E+01  6.580344E-04  3.755941E-04
   3.000000E+01  7.800001E+01  5.701479E-04  3.428258E-04
   3.000000E+01  9.000001E+01  4.770098E-04  2.874430E-04
   3.000000E+01  1.020000E+02  5.788024E-04  3.430256E-04
   3.000000E+01  1.140000E+02  4.581200E-04  2.871837E-04
   3.000000E+01  1.260000E+02  4.227277E-04  2.660788E-04
   3.000000E+01  1.380000E+02  4.644325E-04  2.871984E-04
   3.000000E+01  1.500000E+02  5.353221E-04  3.253651E-04
   3.000000E+01  1.620000E+02  6.551052E-04  3.755192E-04
   3.000000E+01  1.740000E+02  4.993953E-04  3.069380E-04
   3.000000E+01  1.860000E+02  4.498288E-04  2.870828E-04
   3.000000E+01  1.980000E+02  6.371870E-04  3.753599E-04
   3.000000E+01  2.100000E+02  5.913587E-04  3.431827E-04
   3.000000E+01  2.220000E+02  5.847280E-04  3.429442E-04
   3.000000E+01  2.340000E+02  4.596571E-04  2.872259E-04
   3.000000E+01  2.460000E+02  7.854773E-04  4.331632E-04
   3.000000E+01  2.580000E+02  5.458218E-04  3.254811E-04
   3.000000E+01  2.700000E+02  5.691812E-04  3.428475E-04
   3.000000E+01  2.820000E+02  6.370321E-04  3.753155E-04
   3.000000E+01  2.940000E+02  3.216546E-04  1.895089E-04
   3.000000E+01  3.060000E+02  4.277002E-04  2.662724E-04
   3.000000E+01  3.180000E+02  3.435798E-04  2.178251E-04
   3.000000E+01  3.300000E+02  3.616972E-04  2.180294E-04
   3.000000E+01  3.420000E+02  4.665888E-04  2.873032E-04
   3.000000E+01  3.540000E+02  4.038115E-04  2.435102E-04
    
   3.400000E+01  6.000001E+00  4.918472E-04  2.910448E-04
   3.400000E+01  1.800000E+01  5.013231E-04  2.913625E-04
   3.400000E+01  3.000000E+01  5.951027E-04  3.357307E-04
   3.400000E+01  4.200000E+01  5.251160E-04  3.066308E-04
   3.400000E+01  5.400001E+01  4.718716E-04  2.746511E-04
   3.400000E+01  6.600001E+01  5.019919E-04  2.910328E-04
   3.400000E+01  7.800001E+01  4.267306E-04  2.567735E-04
   3.400000E+01  9.000001E+01  4.914285E-04  2.910274E-04
   3.400000E+01  1.020000E+02  4.926162E-04  2.912345E-04
   3.400000E+01  1.140000E+02  5.634072E-04  3.215021E-04
   3.400000E+01  1.260000E+02  5.307957E-04  3.066932E-04
   3.400000E+01  1.380000E+02  5.321143E-04  3.065993E-04
   3.400000E+01  1.500000E+02  2.765430E-04  1.392095E-04
   3.400000E+01  1.620000E+02  4.024330E-04  2.382686E-04
   3.400000E+01  1.740000E+02  5.618016E-04  3.215788E-04
   3.400000E+01  1.860000E+02  4.640608E-04  2.745367E-04
   3.400000E+01  1.980000E+02  3.811231E-04  2.178429E-04
   3.400000E+01  2.100000E+02  6.035692E-04  3.358262E-04
   3.400000E+01  2.220000E+02  4.389228E-04  2.571058E-04
   3.400000E+01  2.340000E+02  4.930593E-04  2.910334E-04
   3.400000E+01  2.460000E+02  6.235214E-04  3.493500E-04
   3.400000E+01  2.580000E+02  3.505922E-04  1.954377E-04
   3.400000E+01  2.700000E+02  2.765458E-04  1.393811E-04
   3.400000E+01  2.820000E+02  4.995419E-04  2.911282E-04
   3.400000E+01  2.940000E+02  4.306637E-04  2.571553E-04
   3.400000E+01  3.060000E+02  3.728486E-04  2.176563E-04
   3.400000E+01  3.180000E+02  4.943034E-04  2.909929E-04
   3.400000E+01  3.300000E+02  4.123782E-04  2.382415E-04
   3.400000E+01  3.420000E+02  4.334060E-04  2.570574E-04
   3.400000E+01  3.540000E+02  5.045382E-04  2.911704E-04
    
   3.800000E+01  6.000001E+00  5.609293E-04  3.050101E-04
   3.800000E+01  1.800000E+01  3.562313E-04  1.978413E-04
   3.800000E+01  3.000000E+01  3.952546E-04  2.166658E-04
   3.800000E+01  4.200000E+01  4.689894E-04  2.644497E-04
   3.800000E+01  5.400001E+01  6.175043E-04  3.292902E-04
   3.800000E+01  6.600001E+01  4.185669E-04  2.336799E-04
   3.800000E+01  7.800001E+01  4.332430E-04  2.494860E-04
   3.800000E+01  9.000001E+01  3.836843E-04  2.164597E-04
   3.800000E+01  1.020000E+02  4.763536E-04  2.783738E-04
   3.800000E+01  1.140000E+02  5.423894E-04  3.047996E-04
   3.800000E+01  1.260000E+02  3.943873E-04  2.165706E-04
   3.800000E+01  1.380000E+02  5.795063E-04  3.173162E-04
   3.800000E+01  1.500000E+02  5.145405E-04  2.919987E-04
   3.800000E+01  1.620000E+02  2.981266E-04  1.541182E-04
   3.800000E+01  1.740000E+02  7.190770E-04  3.628541E-04
   3.800000E+01  1.860000E+02  4.341726E-04  2.493660E-04
   3.800000E+01  1.980000E+02  5.386679E-04  2.922257E-04
   3.800000E+01  2.100000E+02  3.253108E-04  1.772930E-04
   3.800000E+01  2.220000E+02  5.973241E-04  3.174538E-04
   3.800000E+01  2.340000E+02  2.710073E-04  1.267868E-04
   3.800000E+01  2.460000E+02  4.430419E-04  2.495197E-04
   3.800000E+01  2.580000E+02  4.983521E-04  2.786403E-04
   3.800000E+01  2.700000E+02  6.243326E-04  3.294156E-04
   3.800000E+01  2.820000E+02  5.033398E-04  2.787364E-04
   3.800000E+01  2.940000E+02  4.922678E-04  2.786375E-04
   3.800000E+01  3.060000E+02  4.860280E-04  2.784880E-04
   3.800000E+01  3.180000E+02  5.290644E-04  2.921137E-04
   3.800000E+01  3.300000E+02  3.129854E-04  1.771047E-04
   3.800000E+01  3.420000E+02  5.240731E-04  2.921533E-04
   3.800000E+01  3.540000E+02  4.083033E-04  2.335327E-04
    
   4.200000E+01  6.000001E+00  3.243866E-04  1.634576E-04
   4.200000E+01  1.800000E+01  6.329606E-04  3.238706E-04
   4.200000E+01  3.000000E+01  4.785033E-04  2.565122E-04
   4.200000E+01  4.200000E+01  4.190013E-04  2.296278E-04
   4.200000E+01  5.400001E+01  4.590162E-04  2.435821E-04
   4.200000E+01  6.600001E+01  3.804116E-04  2.147825E-04
   4.200000E+01  7.800001E+01  4.563550E-04  2.435238E-04
   4.200000E+01  9.000001E+01  5.817688E-04  3.030736E-04
   4.200000E+01  1.020000E+02  4.535378E-04  2.434477E-04
   4.200000E+01  1.140000E+02  3.431035E-04  1.822217E-04
   4.200000E+01  1.260000E+02  4.692660E-04  2.564026E-04
   4.200000E+01  1.380000E+02  4.279079E-04  2.297767E-04
   4.200000E+01  1.500000E+02  4.670095E-04  2.563834E-04
   4.200000E+01  1.620000E+02  4.221193E-04  2.296402E-04
   4.200000E+01  1.740000E+02  5.041845E-04  2.688846E-04
   4.200000E+01  1.860000E+02  4.816967E-04  2.565745E-04
   4.200000E+01  1.980000E+02  5.295462E-04  2.807738E-04
   4.200000E+01  2.100000E+02  4.239569E-04  2.296958E-04
   4.200000E+01  2.220000E+02  5.022270E-04  2.688208E-04
   4.200000E+01  2.340000E+02  4.959728E-04  2.565954E-04
   4.200000E+01  2.460000E+02  5.250212E-04  2.806846E-04
   4.200000E+01  2.580000E+02  5.496931E-04  2.920692E-04
   4.200000E+01  2.700000E+02  4.555822E-04  2.435672E-04
   4.200000E+01  2.820000E+02  4.677862E-04  2.563807E-04
   4.200000E+01  2.940000E+02  3.913993E-04  2.148519E-04
   4.200000E+01  3.060000E+02  4.419767E-04  2.433315E-04
   4.200000E+01  3.180000E+02  2.837028E-04  1.417861E-04
   4.200000E+01  3.300000E+02  5.840342E-04  3.031009E-04
   4.200000E+01  3.420000E+02  5.292388E-04  2.807106E-04
   4.200000E+01  3.540000E+02  4.074671E-04  2.151420E-04
    
   4.600000E+01  6.000001E+00  4.290850E-04  2.265065E-04
   4.600000E+01  1.800000E+01  3.794456E-04  2.000348E-04
   4.600000E+01  3.000000E+01  4.197506E-04  2.264367E-04
   4.600000E+01  4.200000E+01  6.105367E-04  3.013995E-04
   4.600000E+01  5.400001E+01  3.082751E-04  1.521328E-04
   4.600000E+01  6.600001E+01  4.582223E-04  2.387046E-04
   4.600000E+01  7.800001E+01  5.272346E-04  2.717266E-04
   4.600000E+01  9.000001E+01  2.973756E-04  1.519589E-04
   4.600000E+01  1.020000E+02  5.117370E-04  2.613247E-04
   4.600000E+01  1.140000E+02  4.273470E-04  2.264810E-04
   4.600000E+01  1.260000E+02  3.941812E-04  2.135872E-04
   4.600000E+01  1.380000E+02  4.809634E-04  2.502144E-04
   4.600000E+01  1.500000E+02  4.362563E-04  2.265941E-04
   4.600000E+01  1.620000E+02  4.383529E-04  2.384555E-04
   4.600000E+01  1.740000E+02  5.721156E-04  2.917839E-04
   4.600000E+01  1.860000E+02  5.174862E-04  2.717139E-04
   4.600000E+01  1.980000E+02  3.314481E-04  1.694462E-04
   4.600000E+01  2.100000E+02  5.252403E-04  2.716997E-04
   4.600000E+01  2.220000E+02  3.738313E-04  1.999356E-04
   4.600000E+01  2.340000E+02  3.790883E-04  2.000754E-04
   4.600000E+01  2.460000E+02  5.061165E-04  2.611368E-04
   4.600000E+01  2.580000E+02  3.436630E-04  1.852256E-04
   4.600000E+01  2.700000E+02  3.522706E-04  1.854438E-04
   4.600000E+01  2.820000E+02  4.515811E-04  2.268064E-04
   4.600000E+01  2.940000E+02  5.000348E-04  2.611494E-04
   4.600000E+01  3.060000E+02  5.024319E-04  2.612540E-04
   4.600000E+01  3.180000E+02  5.274779E-04  2.717665E-04
   4.600000E+01  3.300000E+02  5.346533E-04  2.718428E-04
   4.600000E+01  3.420000E+02  3.733174E-04  1.999546E-04
   4.600000E+01  3.540000E+02  3.522029E-04  1.853792E-04
    
   5.000001E+01  6.000001E+00  4.865776E-04  2.453890E-04
   5.000001E+01  1.800000E+01  4.507992E-04  2.349519E-04
   5.000001E+01  3.000000E+01  5.444759E-04  2.740097E-04
   5.000001E+01  4.200000E+01  4.349830E-04  2.241049E-04
   5.000001E+01  5.400001E+01  4.117375E-04  2.127286E-04
   5.000001E+01  6.600001E+01  4.838410E-04  2.453112E-04
   5.000001E+01  7.800001E+01  4.417231E-04  2.240902E-04
   5.000001E+01  9.000001E+01  4.081703E-04  2.126975E-04
   5.000001E+01  1.020000E+02  5.742645E-04  2.829846E-04
   5.000001E+01  1.140000E+02  4.287155E-04  2.240617E-04
   5.000001E+01  1.260000E+02  3.870908E-04  2.006567E-04
   5.000001E+01  1.380000E+02  3.616411E-04  1.878624E-04
   5.000001E+01  1.500000E+02  3.192230E-04  1.593447E-04
   5.000001E+01  1.620000E+02  4.131408E-04  2.127618E-04
   5.000001E+01  1.740000E+02  3.589286E-04  1.879250E-04
   5.000001E+01  1.860000E+02  4.854999E-04  2.454229E-04
   5.000001E+01  1.980000E+02  3.627510E-04  1.878202E-04
   5.000001E+01  2.100000E+02  4.098965E-04  2.127708E-04
   5.000001E+01  2.220000E+02  3.372264E-04  1.741768E-04
   5.000001E+01  2.340000E+02  3.611022E-04  1.878825E-04
   5.000001E+01  2.460000E+02  3.539044E-04  1.877541E-04
   5.000001E+01  2.580000E+02  4.096673E-04  2.127600E-04
   5.000001E+01  2.700000E+02  3.924879E-04  2.007587E-04
   5.000001E+01  2.820000E+02  4.497461E-04  2.348659E-04
   5.000001E+01  2.940000E+02  4.083543E-04  2.126986E-04
   5.000001E+01  3.060000E+02  4.213451E-04  2.128412E-04
   5.000001E+01  3.180000E+02  4.780961E-04  2.452799E-04
   5.000001E+01  3.300000E+02  4.597697E-04  2.349861E-04
   5.000001E+01  3.420000E+02  4.283901E-04  2.241494E-04
   5.000001E+01  3.540000E+02  3.922008E-04  2.008608E-04
    
   5.400001E+01  6.000001E+00  5.286902E-04  2.594610E-04
   5.400001E+01  1.800000E+01  4.941514E-04  2.506519E-04
   5.400001E+01  3.000000E+01  3.377776E-04  1.650306E-04
   5.400001E+01  4.200000E+01  4.254896E-04  2.122872E-04
   5.400001E+01  5.400001E+01  4.034020E-04  2.015275E-04
   5.400001E+01  6.600001E+01  3.770558E-04  1.901154E-04
   5.400001E+01  7.800001E+01  3.081383E-04  1.645800E-04
   5.400001E+01  9.000001E+01  4.075272E-04  2.120677E-04
   5.400001E+01  1.020000E+02  3.308822E-04  1.648724E-04
   5.400001E+01  1.140000E+02  4.304487E-04  2.124739E-04
   5.400001E+01  1.260000E+02  4.163066E-04  2.122339E-04
   5.400001E+01  1.380000E+02  4.868797E-04  2.418830E-04
   5.400001E+01  1.500000E+02  4.791837E-04  2.417086E-04
   5.400001E+01  1.620000E+02  3.705100E-04  1.899344E-04
   5.400001E+01  1.740000E+02  3.765879E-04  1.901003E-04
   5.400001E+01  1.860000E+02  4.437678E-04  2.225402E-04
   5.400001E+01  1.980000E+02  4.994020E-04  2.506913E-04
   5.400001E+01  2.100000E+02  3.430266E-04  1.778443E-04
   5.400001E+01  2.220000E+02  4.508643E-04  2.225892E-04
   5.400001E+01  2.340000E+02  4.585977E-04  2.323163E-04
   5.400001E+01  2.460000E+02  4.346683E-04  2.223278E-04
   5.400001E+01  2.580000E+02  3.460894E-04  1.778856E-04
   5.400001E+01  2.700000E+02  3.606703E-04  1.783213E-04
   5.400001E+01  2.820000E+02  4.456108E-04  2.226083E-04
   5.400001E+01  2.940000E+02  3.087443E-04  1.509033E-04
   5.400001E+01  3.060000E+02  4.826420E-04  2.416845E-04
   5.400001E+01  3.180000E+02  5.522111E-04  2.680420E-04
   5.400001E+01  3.300000E+02  4.071698E-04  2.121248E-04
   5.400001E+01  3.420000E+02  5.207924E-04  2.593950E-04
   5.400001E+01  3.540000E+02  3.766285E-04  1.900647E-04
    
   5.800001E+01  6.000001E+00  3.245456E-04  1.574498E-04
   5.800001E+01  1.800000E+01  4.362974E-04  2.124508E-04
   5.800001E+01  3.000000E+01  3.371151E-04  1.697354E-04
   5.800001E+01  4.200000E+01  4.059476E-04  2.025381E-04
   5.800001E+01  5.400001E+01  4.653082E-04  2.306274E-04
   5.800001E+01  6.600001E+01  3.888190E-04  1.923226E-04
   5.800001E+01  7.800001E+01  3.324084E-04  1.697106E-04
   5.800001E+01  9.000001E+01  3.568833E-04  1.812981E-04
   5.800001E+01  1.020000E+02  3.159472E-04  1.573410E-04
   5.800001E+01  1.140000E+02  3.353648E-04  1.697102E-04
   5.800001E+01  1.260000E+02  3.344606E-04  1.576768E-04
   5.800001E+01  1.380000E+02  3.864670E-04  1.922786E-04
   5.800001E+01  1.500000E+02  3.941449E-04  2.023981E-04
   5.800001E+01  1.620000E+02  3.861203E-04  1.922388E-04
   5.800001E+01  1.740000E+02  4.420040E-04  2.215952E-04
   5.800001E+01  1.860000E+02  4.316719E-04  2.214609E-04
   5.800001E+01  1.980000E+02  3.245402E-04  1.574433E-04
   5.800001E+01  2.100000E+02  3.784474E-04  1.921125E-04
   5.800001E+01  2.220000E+02  3.211917E-04  1.574055E-04
   5.800001E+01  2.340000E+02  3.907362E-04  1.922772E-04
   5.800001E+01  2.460000E+02  4.368078E-04  2.215907E-04
   5.800001E+01  2.580000E+02  3.808450E-04  1.921165E-04
   5.800001E+01  2.700000E+02  3.528433E-04  1.812302E-04
   5.800001E+01  2.820000E+02  3.017577E-04  1.439142E-04
   5.800001E+01  2.940000E+02  5.335695E-04  2.556292E-04
   5.800001E+01  3.060000E+02  3.318589E-04  1.575738E-04
   5.800001E+01  3.180000E+02  4.010543E-04  2.024597E-04
   5.800001E+01  3.300000E+02  4.713272E-04  2.305923E-04
   5.800001E+01  3.420000E+02  3.509324E-04  1.699041E-04
   5.800001E+01  3.540000E+02  4.068938E-04  2.025317E-04
    
   6.200001E+01  6.000001E+00  2.631967E-04  1.238114E-04
   6.200001E+01  1.800000E+01  3.948044E-04  1.945903E-04
   6.200001E+01  3.000000E+01  3.988679E-04  1.946519E-04
   6.200001E+01  4.200000E+01  3.046511E-04  1.510878E-04
   6.200001E+01  5.400001E+01  3.511976E-04  1.742807E-04
   6.200001E+01  6.600001E+01  3.672241E-04  1.845973E-04
   6.200001E+01  7.800001E+01  3.773359E-04  1.847162E-04
   6.200001E+01  9.000001E+01  3.220391E-04  1.630068E-04
   6.200001E+01  1.020000E+02  4.525701E-04  2.215023E-04
   6.200001E+01  1.140000E+02  3.309438E-04  1.631158E-04
   6.200001E+01  1.260000E+02  3.012815E-04  1.384976E-04
   6.200001E+01  1.380000E+02  3.756794E-04  1.846317E-04
   6.200001E+01  1.500000E+02  3.580854E-04  1.844971E-04
   6.200001E+01  1.620000E+02  3.303129E-04  1.629838E-04
   6.200001E+01  1.740000E+02  4.110303E-04  2.039128E-04
   6.200001E+01  1.860000E+02  3.863230E-04  1.944097E-04
   6.200001E+01  1.980000E+02  3.812034E-04  1.943574E-04
   6.200001E+01  2.100000E+02  3.245952E-04  1.630626E-04
   6.200001E+01  2.220000E+02  3.960964E-04  1.945162E-04
   6.200001E+01  2.340000E+02  3.932481E-04  1.945870E-04
   6.200001E+01  2.460000E+02  3.494045E-04  1.741164E-04
   6.200001E+01  2.580000E+02  3.479634E-04  1.741177E-04
   6.200001E+01  2.700000E+02  3.915463E-04  1.945105E-04
   6.200001E+01  2.820000E+02  3.286581E-04  1.630540E-04
   6.200001E+01  2.940000E+02  3.973812E-04  1.945788E-04
   6.200001E+01  3.060000E+02  3.486377E-04  1.741909E-04
   6.200001E+01  3.180000E+02  3.691299E-04  1.845633E-04
   6.200001E+01  3.300000E+02  3.848994E-04  1.944435E-04
   6.200001E+01  3.420000E+02  3.333255E-04  1.630948E-04
   6.200001E+01  3.540000E+02  3.248099E-04  1.629314E-04
    
   6.600001E+01  6.000001E+00  3.042712E-04  1.574184E-04
   6.600001E+01  1.800000E+01  3.799161E-04  1.880140E-04
   6.600001E+01  3.000000E+01  3.188165E-04  1.576101E-04
   6.600001E+01  4.200000E+01  4.753306E-04  2.298448E-04
   6.600001E+01  5.400001E+01  2.671416E-04  1.334850E-04
   6.600001E+01  6.600001E+01  2.449785E-04  1.044014E-04
   6.600001E+01  7.800001E+01  4.013228E-04  2.055963E-04
   6.600001E+01  9.000001E+01  3.398673E-04  1.682928E-04
   6.600001E+01  1.020000E+02  3.196625E-04  1.575857E-04
   6.600001E+01  1.140000E+02  2.734117E-04  1.335247E-04
   6.600001E+01  1.260000E+02  4.633358E-04  2.221812E-04
   6.600001E+01  1.380000E+02  3.811736E-04  1.879472E-04
   6.600001E+01  1.500000E+02  3.379913E-04  1.684114E-04
   6.600001E+01  1.620000E+02  2.634803E-04  1.198824E-04
   6.600001E+01  1.740000E+02  2.795196E-04  1.336062E-04
   6.600001E+01  1.860000E+02  2.742917E-04  1.335188E-04
   6.600001E+01  1.980000E+02  5.196016E-04  2.445778E-04
   6.600001E+01  2.100000E+02  3.178284E-04  1.576133E-04
   6.600001E+01  2.220000E+02  4.222594E-04  2.138568E-04
   6.600001E+01  2.340000E+02  2.950871E-04  1.459428E-04
   6.600001E+01  2.460000E+02  3.696330E-04  1.878640E-04
   6.600001E+01  2.580000E+02  4.594493E-04  2.220921E-04
   6.600001E+01  2.700000E+02  4.569112E-04  2.220687E-04
   6.600001E+01  2.820000E+02  5.149220E-04  2.445813E-04
   6.600001E+01  2.940000E+02  4.061516E-04  1.972261E-04
   6.600001E+01  3.060000E+02  2.810797E-04  1.336242E-04
   6.600001E+01  3.180000E+02  2.484394E-04  1.044043E-04
   6.600001E+01  3.300000E+02  3.541389E-04  1.783643E-04
   6.600001E+01  3.420000E+02  3.091416E-04  1.574500E-04
   6.600001E+01  3.540000E+02  3.126479E-04  1.575338E-04
    
   7.000001E+01  6.000001E+00  3.269778E-04  1.636107E-04
   7.000001E+01  1.800000E+01  3.796446E-04  1.914598E-04
   7.000001E+01  3.000000E+01  3.192726E-04  1.635449E-04
   7.000001E+01  4.200000E+01  2.620399E-04  1.297799E-04
   7.000001E+01  5.400001E+01  2.245266E-04  1.010053E-04
   7.000001E+01  6.600001E+01  3.618710E-04  1.827142E-04
   7.000001E+01  7.800001E+01  2.698749E-04  1.298841E-04
   7.000001E+01  9.000001E+01  3.295286E-04  1.636656E-04
   7.000001E+01  1.020000E+02  2.832083E-04  1.418630E-04
   7.000001E+01  1.140000E+02  2.276567E-04  1.011428E-04
   7.000001E+01  1.260000E+02  2.464299E-04  1.163567E-04
   7.000001E+01  1.380000E+02  2.776567E-04  1.418470E-04
   7.000001E+01  1.500000E+02  2.997280E-04  1.531130E-04
   7.000001E+01  1.620000E+02  2.837494E-04  1.419407E-04
   7.000001E+01  1.740000E+02  3.743561E-04  1.914195E-04
   7.000001E+01  1.860000E+02  3.979334E-04  1.999460E-04
   7.000001E+01  1.980000E+02  3.260203E-04  1.636501E-04
   7.000001E+01  2.100000E+02  2.274246E-04  1.011648E-04
   7.000001E+01  2.220000E+02  3.026615E-04  1.531059E-04
   7.000001E+01  2.340000E+02  3.730098E-04  1.827792E-04
   7.000001E+01  2.460000E+02  3.129180E-04  1.532657E-04
   7.000001E+01  2.580000E+02  2.758639E-04  1.418322E-04
   7.000001E+01  2.700000E+02  3.950879E-04  1.916881E-04
   7.000001E+01  2.820000E+02  3.240839E-04  1.636029E-04
   7.000001E+01  2.940000E+02  3.041973E-04  1.531736E-04
   7.000001E+01  3.060000E+02  3.284036E-04  1.636690E-04
   7.000001E+01  3.180000E+02  3.016995E-04  1.531053E-04
   7.000001E+01  3.300000E+02  2.259455E-04  1.012457E-04
   7.000001E+01  3.420000E+02  2.895977E-04  1.420081E-04
   7.000001E+01  3.540000E+02  3.078523E-04  1.531035E-04
    
   7.400001E+01  6.000001E+00  2.422283E-04  1.137880E-04
   7.400001E+01  1.800000E+01  2.076969E-04  9.859812E-05
   7.400001E+01  3.000000E+01  2.304753E-04  1.136164E-04
   7.400001E+01  4.200000E+01  2.590145E-04  1.270000E-04
   7.400001E+01  5.400001E+01  2.688246E-04  1.386577E-04
   7.400001E+01  6.600001E+01  2.656792E-04  1.387365E-04
   7.400001E+01  7.800001E+01  3.545824E-04  1.786933E-04
   7.400001E+01  9.000001E+01  2.403030E-04  1.137087E-04
   7.400001E+01  1.020000E+02  3.035717E-04  1.497808E-04
   7.400001E+01  1.140000E+02  3.668158E-04  1.873316E-04
   7.400001E+01  1.260000E+02  3.801505E-04  1.954448E-04
   7.400001E+01  1.380000E+02  2.792148E-04  1.388522E-04
   7.400001E+01  1.500000E+02  2.557109E-04  1.267868E-04
   7.400001E+01  1.620000E+02  2.326154E-04  1.135980E-04
   7.400001E+01  1.740000E+02  2.560990E-04  1.269903E-04
   7.400001E+01  1.860000E+02  2.568409E-04  1.269487E-04
   7.400001E+01  1.980000E+02  3.515975E-04  1.785549E-04
   7.400001E+01  2.100000E+02  2.773339E-04  1.387457E-04
   7.400001E+01  2.220000E+02  2.173016E-04  9.883411E-05
   7.400001E+01  2.340000E+02  2.244407E-04  9.906517E-05
   7.400001E+01  2.460000E+02  2.036765E-04  8.135883E-05
   7.400001E+01  2.580000E+02  2.306608E-04  1.136255E-04
   7.400001E+01  2.700000E+02  2.286409E-04  1.136542E-04
   7.400001E+01  2.820000E+02  2.498719E-04  1.267121E-04
   7.400001E+01  2.940000E+02  2.400530E-04  1.137489E-04
   7.400001E+01  3.060000E+02  2.407562E-04  1.136495E-04
   7.400001E+01  3.180000E+02  2.093171E-04  9.865123E-05
   7.400001E+01  3.300000E+02  2.204572E-04  9.898093E-05
   7.400001E+01  3.420000E+02  1.667148E-04  1.730088E-05
   7.400001E+01  3.540000E+02  2.817943E-04  1.495477E-04
    
   7.800001E+01  6.000001E+00  3.396961E-04  1.754568E-04
   7.800001E+01  1.800000E+01  2.400780E-04  1.244866E-04
   7.800001E+01  3.000000E+01  1.821784E-04  7.981475E-05
   7.800001E+01  4.200000E+01  2.234646E-04  1.117292E-04
   7.800001E+01  5.400001E+01  2.607025E-04  1.362188E-04
   7.800001E+01  6.600001E+01  2.711939E-04  1.469492E-04
   7.800001E+01  7.800001E+01  1.837497E-04  7.974940E-05
   7.800001E+01  9.000001E+01  2.519095E-04  1.362213E-04
   7.800001E+01  1.020000E+02  1.810686E-04  7.969880E-05
   7.800001E+01  1.140000E+02  1.956244E-04  8.009101E-05
   7.800001E+01  1.260000E+02  2.478466E-04  1.361269E-04
   7.800001E+01  1.380000E+02  1.930591E-04  9.680910E-05
   7.800001E+01  1.500000E+02  2.284170E-04  1.117253E-04
   7.800001E+01  1.620000E+02  2.253724E-04  1.116909E-04
   7.800001E+01  1.740000E+02  2.579195E-04  1.362304E-04
   7.800001E+01  1.860000E+02  2.510088E-04  1.360919E-04
   7.800001E+01  1.980000E+02  2.022423E-04  9.691855E-05
   7.800001E+01  2.100000E+02  2.089108E-04  9.721539E-05
   7.800001E+01  2.220000E+02  2.212998E-04  1.115912E-04
   7.800001E+01  2.340000E+02  2.797236E-04  1.470105E-04
   7.800001E+01  2.460000E+02  2.260044E-04  1.243236E-04
   7.800001E+01  2.580000E+02  1.711904E-04  5.754895E-05
   7.800001E+01  2.700000E+02  2.615364E-04  1.362497E-04
   7.800001E+01  2.820000E+02  2.225817E-04  1.115783E-04
   7.800001E+01  2.940000E+02  1.642840E-04  5.741639E-05
   7.800001E+01  3.060000E+02  2.534584E-04  1.361262E-04
   7.800001E+01  3.180000E+02  2.450459E-04  1.245417E-04
   7.800001E+01  3.300000E+02  1.872628E-04  7.985495E-05
   7.800001E+01  3.420000E+02  2.348648E-04  1.244856E-04
   7.800001E+01  3.540000E+02  2.344837E-04  1.244393E-04
    
   8.200001E+01  6.000001E+00  2.019395E-04  1.100090E-04
   8.200001E+01  1.800000E+01  1.624533E-04  7.849521E-05
   8.200001E+01  3.000000E+01  2.081955E-04  1.227709E-04
   8.200001E+01  4.200000E+01  2.184653E-04  1.227898E-04
   8.200001E+01  5.400001E+01  1.458861E-04  5.663145E-05
   8.200001E+01  6.600001E+01  1.449122E-04  5.632740E-05
   8.200001E+01  7.800001E+01  1.776326E-04  9.544163E-05
   8.200001E+01  9.000001E+01  1.732394E-04  7.858548E-05
   8.200001E+01  1.020000E+02  1.961594E-04  1.099587E-04
   8.200001E+01  1.140000E+02  1.819046E-04  9.563712E-05
   8.200001E+01  1.260000E+02  2.075120E-04  1.226982E-04
   8.200001E+01  1.380000E+02  1.325592E-04  1.420041E-05
   8.200001E+01  1.500000E+02  1.792253E-04  9.555704E-05
   8.200001E+01  1.620000E+02  1.618714E-04  7.838646E-05
   8.200001E+01  1.740000E+02  1.660866E-04  7.844955E-05
   8.200001E+01  1.860000E+02  1.453393E-04  5.629928E-05
   8.200001E+01  1.980000E+02  1.804971E-04  9.553332E-05
   8.200001E+01  2.100000E+02  1.791148E-04  9.542743E-05
   8.200001E+01  2.220000E+02  2.288074E-04  1.342900E-04
   8.200001E+01  2.340000E+02  1.956767E-04  1.099714E-04
   8.200001E+01  2.460000E+02  1.858122E-04  9.563705E-05
   8.200001E+01  2.580000E+02  1.773640E-04  9.545199E-05
   8.200001E+01  2.700000E+02  2.226540E-04  1.342519E-04
   8.200001E+01  2.820000E+02  1.585362E-04  7.830801E-05
   8.200001E+01  2.940000E+02  1.443870E-04  5.630746E-05
   8.200001E+01  3.060000E+02  1.769931E-04  9.547315E-05
   8.200001E+01  3.180000E+02  1.834150E-04  9.549447E-05
   8.200001E+01  3.300000E+02  2.204627E-04  1.228539E-04
   8.200001E+01  3.420000E+02  2.140278E-04  1.227630E-04
   8.200001E+01  3.540000E+02  1.677079E-04  7.859424E-05
    
   8.600001E+01  6.000001E+00  1.581955E-04  1.088266E-04
   8.600001E+01  1.800000E+01  1.248436E-04  7.731769E-05
   8.600001E+01  3.000000E+01  1.129691E-04  5.563462E-05
   8.600001E+01  4.200000E+01  1.470645E-04  9.446181E-05
   8.600001E+01  5.400001E+01  1.233937E-04  7.726793E-05
   8.600001E+01  6.600001E+01  1.010716E-04  5.513779E-05
   8.600001E+01  7.800001E+01  1.239274E-04  7.733571E-05
   8.600001E+01  9.000001E+01  1.148867E-04  5.541829E-05
   8.600001E+01  1.020000E+02  1.091668E-04  5.526619E-05
   8.600001E+01  1.140000E+02  1.390890E-04  7.773298E-05
   8.600001E+01  1.260000E+02  1.092138E-04  5.525273E-05
   8.600001E+01  1.380000E+02  1.302661E-04  7.754104E-05
   8.600001E+01  1.500000E+02  8.985833E-05  1.107066E-05
   8.600001E+01  1.620000E+02  1.051933E-04  5.515845E-05
   8.600001E+01  1.740000E+02  1.165100E-04  5.542205E-05
   8.600001E+01  1.860000E+02  1.226051E-04  7.732736E-05
   8.600001E+01  1.980000E+02  1.249303E-04  7.738604E-05
   8.600001E+01  2.100000E+02  1.121678E-04  5.533905E-05
   8.600001E+01  2.220000E+02  8.396104E-05  1.008971E-05
   8.600001E+01  2.340000E+02  1.276187E-04  7.735383E-05
   8.600001E+01  2.460000E+02  9.676421E-05  1.251532E-05
   8.600001E+01  2.580000E+02  9.220020E-05  1.116505E-05
   8.600001E+01  2.700000E+02  9.415696E-05  1.103490E-05
   8.600001E+01  2.820000E+02  1.459207E-04  9.442900E-05
   8.600001E+01  2.940000E+02  9.315596E-05  1.134788E-05
   8.600001E+01  3.060000E+02  9.071220E-05  1.083643E-05
   8.600001E+01  3.180000E+02  1.093041E-04  5.528586E-05
   8.600001E+01  3.300000E+02  1.085551E-04  5.531875E-05
   8.600001E+01  3.420000E+02  1.252898E-04  7.739777E-05
   8.600001E+01  3.540000E+02  1.284018E-04  7.737850E-05
    
   9.000001E+01  6.000001E+00  2.123088E-05  4.820463E-06
   9.000001E+01  1.800000E+01  2.021821E-05  4.951233E-06
   9.000001E+01  3.000000E+01  2.163310E-05  5.252358E-06
   9.000001E+01  4.200000E+01  2.449358E-05  5.721456E-06
   9.000001E+01  5.400001E+01  2.040440E-05  4.785194E-06
   9.000001E+01  6.600001E+01  2.328093E-05  5.310079E-06
   9.000001E+01  7.800001E+01  2.010970E-05  4.781197E-06
   9.000001E+01  9.000001E+01  2.155994E-05  5.097904E-06
   9.000001E+01  1.020000E+02  2.133726E-05  5.090390E-06
   9.000001E+01  1.140000E+02  2.453549E-05  7.377920E-06
   9.000001E+01  1.260000E+02  1.959600E-05  4.591499E-06
   9.000001E+01  1.380000E+02  2.330554E-05  5.494214E-06
   9.000001E+01  1.500000E+02  1.924959E-05  4.465648E-06
   9.000001E+01  1.620000E+02  3.844962E-05  5.448794E-05
   9.000001E+01  1.740000E+02  2.053683E-05  4.905741E-06
   9.000001E+01  1.860000E+02  1.954578E-05  4.538189E-06
   9.000001E+01  1.980000E+02  2.098151E-05  4.974022E-06
   9.000001E+01  2.100000E+02  5.819062E-05  7.660586E-05
   9.000001E+01  2.220000E+02  1.947685E-05  4.535978E-06
   9.000001E+01  2.340000E+02  2.222580E-05  5.293175E-06
   9.000001E+01  2.460000E+02  4.014666E-05  5.426143E-05
   9.000001E+01  2.580000E+02  2.160128E-05  5.416788E-06
   9.000001E+01  2.700000E+02  3.749794E-05  5.422425E-05
   9.000001E+01  2.820000E+02  2.089666E-05  4.914118E-06
   9.000001E+01  2.940000E+02  2.021180E-05  4.839856E-06
   9.000001E+01  3.060000E+02  2.040989E-05  5.009463E-06
   9.000001E+01  3.180000E+02  2.038469E-05  4.922760E-06
   9.000001E+01  3.300000E+02  1.998976E-05  4.670635E-06
   9.000001E+01  3.420000E+02  1.987473E-05  4.431725E-06
   9.000001E+01  3.540000E+02  4.124335E-05  5.431663E-05
    
   9.400001E+01  6.000001E+00  5.042021E-07  4.272845E-07
   9.400001E+01  1.800000E+01  2.415093E-07  2.811782E-07
   9.400001E+01  3.000000E+01  3.728557E-07  3.616858E-07
   9.400001E+01  4.200000E+01  1.701864E-07  2.344844E-07
   9.400001E+01  5.400001E+01  3.453150E-07  3.521225E-07
   9.400001E+01  6.600001E+01  4.053385E-07  3.894451E-07
   9.400001E+01  7.800001E+01  3.177743E-07  3.422921E-07
   9.400001E+01  9.000001E+01  5.430421E-07  4.310444E-07
   9.400001E+01  1.020000E+02  3.566143E-07  3.469743E-07
   9.400001E+01  1.140000E+02  2.415093E-07  2.811782E-07
   9.400001E+01  1.260000E+02  2.739921E-07  3.160887E-07
   9.400001E+01  1.380000E+02  1.264043E-07  1.942449E-07
   9.400001E+01  1.500000E+02  1.264043E-07  1.942449E-07
   9.400001E+01  1.620000E+02  3.340157E-07  3.571965E-07
   9.400001E+01  1.740000E+02  1.977271E-07  2.486148E-07
   9.400001E+01  1.860000E+02  4.328793E-07  3.981129E-07
   9.400001E+01  1.980000E+02  3.728557E-07  3.616858E-07
   9.400001E+01  2.100000E+02  2.577507E-07  2.991431E-07
   9.400001E+01  2.220000E+02  4.766614E-07  4.192203E-07
   9.400001E+01  2.340000E+02  2.852914E-07  3.103434E-07
   9.400001E+01  2.460000E+02  3.453150E-07  3.521225E-07
   9.400001E+01  2.580000E+02  2.415093E-07  2.811782E-07
   9.400001E+01  2.700000E+02  3.128321E-07  3.211532E-07
   9.400001E+01  2.820000E+02  2.577507E-07  2.991431E-07
   9.400001E+01  2.940000E+02  2.577507E-07  2.991431E-07
   9.400001E+01  3.060000E+02  1.977271E-07  2.486148E-07
   9.400001E+01  3.180000E+02  2.302100E-07  2.875069E-07
   9.400001E+01  3.300000E+02  4.491207E-07  4.109979E-07
   9.400001E+01  3.420000E+02  1.264043E-07  1.942449E-07
   9.400001E+01  3.540000E+02  3.777978E-07  3.805800E-07
    
   9.800001E+01  6.000001E+00  2.205236E-07  2.958632E-07
   9.800001E+01  1.800000E+01  3.037544E-07  3.291156E-07
   9.800001E+01  3.000000E+01  1.273356E-07  1.956761E-07
   9.800001E+01  4.200000E+01  2.198675E-07  2.710558E-07
   9.800001E+01  5.400001E+01  2.596497E-07  3.013471E-07
   9.800001E+01  6.600001E+01  2.760108E-07  3.184175E-07
   9.800001E+01  7.800001E+01  3.478592E-07  3.547168E-07
   9.800001E+01  9.000001E+01  2.319061E-07  2.896252E-07
   9.800001E+01  1.020000E+02  8.323087E-08  1.441600E-07
   9.800001E+01  1.140000E+02  2.041625E-07  2.774084E-07
   9.800001E+01  1.260000E+02  3.037544E-07  3.291156E-07
   9.800001E+01  1.380000E+02  4.474511E-07  3.964664E-07
   9.800001E+01  1.500000E+02  2.573902E-07  2.768478E-07
   9.800001E+01  1.620000E+02  2.760108E-07  3.184175E-07
   9.800001E+01  1.740000E+02  2.319061E-07  2.896252E-07
   9.800001E+01  1.860000E+02  2.596497E-07  3.013471E-07
   9.800001E+01  1.980000E+02  3.201155E-07  3.448140E-07
   9.800001E+01  2.100000E+02  2.710323E-07  2.952250E-07
   9.800001E+01  2.220000E+02  4.083250E-07  3.923144E-07
   9.800001E+01  2.340000E+02  1.878014E-07  2.576350E-07
   9.800001E+01  2.460000E+02  4.033464E-07  3.737361E-07
   9.800001E+01  2.580000E+02  2.319061E-07  2.896252E-07
   9.800001E+01  2.700000E+02  2.155450E-07  2.707455E-07
   9.800001E+01  2.820000E+02  9.959196E-08  1.770925E-07
   9.800001E+01  2.940000E+02  1.159531E-07  2.047960E-07
   9.800001E+01  3.060000E+02  4.083250E-07  3.923144E-07
   9.800001E+01  3.180000E+02  3.037544E-07  3.291156E-07
   9.800001E+01  3.300000E+02  1.159531E-07  2.047960E-07
   9.800001E+01  3.420000E+02  4.033464E-07  3.737361E-07
   9.800001E+01  3.540000E+02  4.410471E-08  1.323141E-07
    
   1.020000E+02  6.000001E+00  1.945046E-07  2.611575E-07
   1.020000E+02  1.800000E+01  4.529956E-07  4.013792E-07
   1.020000E+02  3.000000E+01  4.645192E-07  3.966886E-07
   1.020000E+02  4.200000E+01  9.060310E-07  1.964689E-06
   1.020000E+02  5.400001E+01  2.909545E-07  3.165038E-07
   1.020000E+02  6.600001E+01  3.075183E-07  3.331938E-07
   1.020000E+02  7.800001E+01  2.182159E-07  2.741004E-07
   1.020000E+02  9.000001E+01  2.347797E-07  2.932140E-07
   1.020000E+02  1.020000E+02  3.752167E-07  3.485324E-07
   1.020000E+02  1.140000E+02  2.110684E-07  2.811525E-07
   1.020000E+02  1.260000E+02  3.240822E-07  3.490867E-07
   1.020000E+02  1.380000E+02  3.968208E-07  3.832820E-07
   1.020000E+02  1.500000E+02  4.529956E-07  4.013792E-07
   1.020000E+02  1.620000E+02  1.106240E-06  1.989273E-06
   1.020000E+02  1.740000E+02  2.628671E-07  3.050812E-07
   1.020000E+02  1.860000E+02  2.628671E-07  3.050812E-07
   1.020000E+02  1.980000E+02  3.356057E-07  3.436832E-07
   1.020000E+02  2.100000E+02  2.463033E-07  2.867597E-07
   1.020000E+02  2.220000E+02  3.406460E-07  3.642869E-07
   1.020000E+02  2.340000E+02  1.901285E-07  2.608274E-07
   1.020000E+02  2.460000E+02  2.297395E-07  2.671847E-07
   1.020000E+02  2.580000E+02  1.901285E-07  2.608274E-07
   1.020000E+02  2.700000E+02  4.133846E-07  3.971757E-07
   1.020000E+02  2.820000E+02  3.846330E-07  3.690989E-07
   1.020000E+02  2.940000E+02  2.513435E-07  3.111558E-07
   1.020000E+02  3.060000E+02  3.240822E-07  3.490867E-07
   1.020000E+02  3.180000E+02  1.901285E-07  2.608274E-07
   1.020000E+02  3.300000E+02  1.008260E-07  1.792869E-07
   1.020000E+02  3.420000E+02  2.513435E-07  3.111558E-07
   1.020000E+02  3.540000E+02  2.016521E-07  2.535499E-07
    
   1.060000E+02  6.000001E+00  4.946627E-07  4.350523E-07
   1.060000E+02  1.800000E+01  1.480328E-07  2.277335E-07
   1.060000E+02  3.000000E+01  3.011943E-07  3.447155E-07
   1.060000E+02  4.200000E+01  2.843395E-07  3.280259E-07
   1.060000E+02  5.400001E+01  2.455012E-07  2.646539E-07
   1.060000E+02  6.600001E+01  1.766136E-07  2.433398E-07
   1.060000E+02  7.800001E+01  4.440983E-07  3.944455E-07
   1.060000E+02  9.000001E+01  1.363068E-07  2.360902E-07
   1.060000E+02  1.020000E+02  2.103232E-07  2.857793E-07
   1.060000E+02  1.140000E+02  2.960655E-07  3.220636E-07
   1.060000E+02  1.260000E+02  1.766136E-07  2.433398E-07
   1.060000E+02  1.380000E+02  3.005185E-07  3.223405E-07
   1.060000E+02  1.500000E+02  2.389039E-07  2.983647E-07
   1.060000E+02  1.620000E+02  2.674847E-07  3.104404E-07
   1.060000E+02  1.740000E+02  7.401639E-08  1.610319E-07
   1.060000E+02  1.860000E+02  2.674847E-07  3.104404E-07
   1.060000E+02  1.980000E+02  2.792107E-07  3.041335E-07
   1.060000E+02  2.100000E+02  3.129203E-07  3.390468E-07
   1.060000E+02  2.220000E+02  2.792107E-07  3.041335E-07
   1.060000E+02  2.340000E+02  2.220492E-07  2.789153E-07
   1.060000E+02  2.460000E+02  2.051944E-07  2.580039E-07
   1.060000E+02  2.580000E+02  2.843395E-07  3.280259E-07
   1.060000E+02  2.700000E+02  4.375011E-07  4.178123E-07
   1.060000E+02  2.820000E+02  1.311780E-07  2.015807E-07
   1.060000E+02  2.940000E+02  1.194520E-07  2.109758E-07
   1.060000E+02  3.060000E+02  1.597588E-07  2.190582E-07
   1.060000E+02  3.180000E+02  2.674847E-07  3.104404E-07
   1.060000E+02  3.300000E+02  4.375011E-07  4.178123E-07
   1.060000E+02  3.420000E+02  3.297751E-07  3.552189E-07
   1.060000E+02  3.540000E+02  2.051944E-07  2.580039E-07
    
   1.100000E+02  6.000001E+00  2.856196E-07  3.111144E-07
   1.100000E+02  1.800000E+01  2.271459E-07  2.853174E-07
   1.100000E+02  3.000000E+01  2.443876E-07  3.052132E-07
   1.100000E+02  4.200000E+01  3.838231E-07  3.892064E-07
   1.100000E+02  5.400001E+01  1.979091E-07  2.715012E-07
   1.100000E+02  6.600001E+01  3.838231E-07  3.892064E-07
   1.100000E+02  7.800001E+01  2.443876E-07  3.052132E-07
   1.100000E+02  9.000001E+01  2.300113E-07  2.854468E-07
   1.100000E+02  1.020000E+02  3.591414E-07  3.794408E-07
   1.100000E+02  1.140000E+02  3.081077E-07  3.526278E-07
   1.100000E+02  1.260000E+02  2.908661E-07  3.355552E-07
   1.100000E+02  1.380000E+02  1.979091E-07  2.715012E-07
   1.100000E+02  1.500000E+02  1.686723E-07  2.569432E-07
   1.100000E+02  1.620000E+02  5.232585E-07  4.580481E-07
   1.100000E+02  1.740000E+02  2.908661E-07  3.355552E-07
   1.100000E+02  1.860000E+02  3.028612E-07  3.294560E-07
   1.100000E+02  1.980000E+02  3.665814E-07  3.738082E-07
   1.100000E+02  2.100000E+02  2.151508E-07  2.923389E-07
   1.100000E+02  2.220000E+02  1.221938E-07  2.158184E-07
   1.100000E+02  2.340000E+02  2.736244E-07  3.175660E-07
   1.100000E+02  2.460000E+02  2.736244E-07  3.175660E-07
   1.100000E+02  2.580000E+02  2.024643E-07  2.718449E-07
   1.100000E+02  2.700000E+02  2.151508E-07  2.923389E-07
   1.100000E+02  2.820000E+02  1.979091E-07  2.715012E-07
   1.100000E+02  2.940000E+02  5.060169E-07  4.450382E-07
   1.100000E+02  3.060000E+02  3.320981E-07  3.409316E-07
   1.100000E+02  3.180000E+02  2.908661E-07  3.355552E-07
   1.100000E+02  3.300000E+02  4.887752E-07  4.316363E-07
   1.100000E+02  3.420000E+02  2.856196E-07  3.111144E-07
   1.100000E+02  3.540000E+02  2.908661E-07  3.355552E-07
    
   1.140000E+02  6.000001E+00  2.637208E-07  3.070381E-07
   1.140000E+02  1.800000E+01  3.416033E-07  3.506896E-07
   1.140000E+02  3.000000E+01  3.469999E-07  3.737727E-07
   1.140000E+02  4.200000E+01  3.593384E-07  3.679871E-07
   1.140000E+02  5.400001E+01  2.035736E-07  2.792720E-07
   1.140000E+02  6.600001E+01  3.894120E-07  3.788855E-07
   1.140000E+02  7.800001E+01  2.868527E-07  3.513211E-07
   1.140000E+02  9.000001E+01  1.434263E-07  2.484216E-07
   1.140000E+02  1.020000E+02  4.372208E-07  4.051238E-07
   1.140000E+02  1.140000E+02  3.292648E-07  3.567558E-07
   1.140000E+02  1.260000E+02  2.991911E-07  3.451593E-07
   1.140000E+02  1.380000E+02  3.416033E-07  3.506896E-07
   1.140000E+02  1.500000E+02  1.557648E-07  2.396284E-07
   1.140000E+02  1.620000E+02  2.159121E-07  2.714799E-07
   1.140000E+02  1.740000E+02  1.858384E-07  2.560499E-07
   1.140000E+02  1.860000E+02  4.194857E-07  3.894791E-07
   1.140000E+02  1.980000E+02  2.637208E-07  3.070381E-07
   1.140000E+02  2.100000E+02  2.991911E-07  3.451593E-07
   1.140000E+02  2.220000E+02  2.035736E-07  2.792720E-07
   1.140000E+02  2.340000E+02  3.169263E-07  3.627206E-07
   1.140000E+02  2.460000E+02  2.213087E-07  3.007061E-07
   1.140000E+02  2.580000E+02  4.726911E-07  4.347273E-07
   1.140000E+02  2.700000E+02  1.256912E-07  2.219955E-07
   1.140000E+02  2.820000E+02  4.302790E-07  4.302785E-07
   1.140000E+02  2.940000E+02  1.587122E-07  2.397915E-07
   1.140000E+02  3.060000E+02  3.948087E-07  4.003462E-07
   1.140000E+02  3.180000E+02  2.691175E-07  3.331594E-07
   1.140000E+02  3.300000E+02  2.814560E-07  3.266553E-07
   1.140000E+02  3.420000E+02  2.213087E-07  3.007061E-07
   1.140000E+02  3.540000E+02  2.336472E-07  2.934836E-07
    
   1.180000E+02  6.000001E+00  2.784436E-07  3.447048E-07
   1.180000E+02  1.800000E+01  2.728599E-07  3.176783E-07
   1.180000E+02  3.000000E+01  1.611627E-07  2.479326E-07
   1.180000E+02  4.200000E+01  4.707221E-07  4.347476E-07
   1.180000E+02  5.400001E+01  1.300469E-07  2.296886E-07
   1.180000E+02  6.600001E+01  2.417441E-07  3.036541E-07
   1.180000E+02  7.800001E+01  2.784436E-07  3.447048E-07
   1.180000E+02  9.000001E+01  3.406752E-07  3.691190E-07
   1.180000E+02  1.020000E+02  3.126089E-07  3.572377E-07
   1.180000E+02  1.140000E+02  2.106283E-07  2.889500E-07
   1.180000E+02  1.260000E+02  3.095594E-07  3.571206E-07
   1.180000E+02  1.380000E+02  2.912096E-07  3.379753E-07
   1.180000E+02  1.500000E+02  1.795125E-07  2.734564E-07
   1.180000E+02  1.620000E+02  2.233943E-07  2.808879E-07
   1.180000E+02  1.740000E+02  1.795125E-07  2.734564E-07
   1.180000E+02  1.860000E+02  2.289780E-07  3.111268E-07
   1.180000E+02  1.980000E+02  9.893111E-08  2.098645E-07
   1.180000E+02  2.100000E+02  3.901408E-07  3.978320E-07
   1.180000E+02  2.220000E+02  1.795125E-07  2.734564E-07
   1.180000E+02  2.340000E+02  2.912096E-07  3.379753E-07
   1.180000E+02  2.460000E+02  1.795125E-07  2.734564E-07
   1.180000E+02  2.580000E+02  9.893111E-08  2.098645E-07
   1.180000E+02  2.700000E+02  2.600938E-07  3.248286E-07
   1.180000E+02  2.820000E+02  2.417441E-07  3.036541E-07
   1.180000E+02  2.940000E+02  1.922785E-07  2.649232E-07
   1.180000E+02  3.060000E+02  1.300469E-07  2.296886E-07
   1.180000E+02  3.180000E+02  1.978622E-07  2.967932E-07
   1.180000E+02  3.300000E+02  3.717910E-07  3.807394E-07
   1.180000E+02  3.420000E+02  3.717910E-07  3.807394E-07
   1.180000E+02  3.540000E+02  5.513035E-07  4.687649E-07
    
   1.220000E+02  6.000001E+00  5.150120E-08  1.545036E-07
   1.220000E+02  1.800000E+01  2.384011E-07  3.239306E-07
   1.220000E+02  3.000000E+01  3.031937E-07  3.518839E-07
   1.220000E+02  4.200000E+01  1.545036E-07  2.676080E-07
   1.220000E+02  5.400001E+01  3.737998E-07  4.026403E-07
   1.220000E+02  6.600001E+01  2.192962E-07  3.008411E-07
   1.220000E+02  7.800001E+01  1.030024E-07  2.185010E-07
   1.220000E+02  9.000001E+01  2.707974E-07  3.381962E-07
   1.220000E+02  1.020000E+02  2.384011E-07  3.239306E-07
   1.220000E+02  1.140000E+02  8.389751E-08  1.825295E-07
   1.220000E+02  1.260000E+02  3.031937E-07  3.518839E-07
   1.220000E+02  1.380000E+02  1.677950E-07  2.581357E-07
   1.220000E+02  1.500000E+02  2.707974E-07  3.381962E-07
   1.220000E+02  1.620000E+02  2.707974E-07  3.381962E-07
   1.220000E+02  1.740000E+02  1.677950E-07  2.581357E-07
   1.220000E+02  1.860000E+02  1.162938E-07  2.067915E-07
   1.220000E+02  1.980000E+02  2.060048E-07  3.090070E-07
   1.220000E+02  2.100000E+02  3.239631E-08  9.718891E-08
   1.220000E+02  2.220000E+02  2.192962E-07  3.008411E-07
   1.220000E+02  2.340000E+02  2.134827E-07  2.666452E-07
   1.220000E+02  2.460000E+02  8.389751E-08  1.825295E-07
   1.220000E+02  2.580000E+02  1.677950E-07  2.581357E-07
   1.220000E+02  2.700000E+02  1.353987E-07  2.391409E-07
   1.220000E+02  2.820000E+02  3.031937E-07  3.518839E-07
   1.220000E+02  2.940000E+02  3.031937E-07  3.518839E-07
   1.220000E+02  3.060000E+02  2.707974E-07  3.381962E-07
   1.220000E+02  3.180000E+02  3.031937E-07  3.518839E-07
   1.220000E+02  3.300000E+02  2.516925E-07  3.161503E-07
   1.220000E+02  3.420000E+02  9.287320E-07  2.256638E-06
   1.220000E+02  3.540000E+02  1.677950E-07  2.581357E-07
    
   1.260000E+02  6.000001E+00  2.838621E-07  3.545125E-07
   1.260000E+02  1.800000E+01  1.959169E-07  2.984457E-07
   1.260000E+02  3.000000E+01  2.159435E-07  3.239151E-07
   1.260000E+02  4.200000E+01  5.398588E-08  1.619576E-07
   1.260000E+02  5.400001E+01  6.791854E-08  1.440769E-07
   1.260000E+02  6.600001E+01  5.398588E-08  1.619576E-07
   1.260000E+02  7.800001E+01  1.419310E-07  2.506783E-07
   1.260000E+02  9.000001E+01  8.794515E-08  1.913357E-07
   1.260000E+02  1.020000E+02  2.871903E-07  3.546531E-07
   1.260000E+02  1.140000E+02  2.098496E-07  2.891327E-07
   1.260000E+02  1.260000E+02  2.977947E-07  3.467088E-07
   1.260000E+02  1.380000E+02  3.178213E-07  3.688606E-07
   1.260000E+02  1.500000E+02  1.079718E-07  2.290426E-07
   1.260000E+02  1.620000E+02  1.358371E-07  2.037555E-07
   1.260000E+02  1.740000E+02  1.079718E-07  2.290426E-07
   1.260000E+02  1.860000E+02  4.430540E-07  4.279557E-07
   1.260000E+02  1.980000E+02  2.638355E-07  3.314030E-07
   1.260000E+02  2.100000E+02  8.794515E-08  1.913357E-07
   1.260000E+02  2.220000E+02  2.499028E-07  3.395586E-07
   1.260000E+02  2.340000E+02  2.499028E-07  3.395586E-07
   1.260000E+02  2.460000E+02  3.038887E-07  3.762051E-07
   1.260000E+02  2.580000E+02  8.794515E-08  1.913357E-07
   1.260000E+02  2.700000E+02  1.619576E-07  2.805188E-07
   1.260000E+02  2.820000E+02  1.959169E-07  2.984457E-07
   1.260000E+02  2.940000E+02  1.079718E-07  2.290426E-07
   1.260000E+02  3.060000E+02  1.959169E-07  2.984457E-07
   1.260000E+02  3.180000E+02  1.959169E-07  2.984457E-07
   1.260000E+02  3.300000E+02  1.558637E-07  2.395151E-07
   1.260000E+02  3.420000E+02  1.079718E-07  2.290426E-07
   1.260000E+02  3.540000E+02  1.000000E-35  1.000000E-35
    
   1.300000E+02  6.000001E+00  3.568001E-07  4.116194E-07
   1.300000E+02  1.800000E+01  4.073786E-07  4.182146E-07
   1.300000E+02  3.000000E+01  1.857572E-07  2.857687E-07
   1.300000E+02  4.200000E+01  1.498929E-07  2.647405E-07
   1.300000E+02  5.400001E+01  2.427715E-07  3.330456E-07
   1.300000E+02  6.600001E+01  1.710429E-07  2.962549E-07
   1.300000E+02  7.800001E+01  1.498929E-07  2.647405E-07
   1.300000E+02  9.000001E+01  2.069072E-07  3.151875E-07
   1.300000E+02  1.020000E+02  1.857572E-07  2.857687E-07
   1.300000E+02  1.140000E+02  1.857572E-07  2.857687E-07
   1.300000E+02  1.260000E+02  2.574857E-07  3.237531E-07
   1.300000E+02  1.380000E+02  2.639215E-07  3.586067E-07
   1.300000E+02  1.500000E+02  1.140286E-07  2.418912E-07
   1.300000E+02  1.620000E+02  1.857572E-07  2.857687E-07
   1.300000E+02  1.740000E+02  1.857572E-07  2.857687E-07
   1.300000E+02  1.860000E+02  1.498929E-07  2.647405E-07
   1.300000E+02  1.980000E+02  2.069072E-07  3.151875E-07
   1.300000E+02  2.100000E+02  1.710429E-07  2.962549E-07
   1.300000E+02  2.220000E+02  1.646071E-07  2.529511E-07
   1.300000E+02  2.340000E+02  2.639215E-07  3.586067E-07
   1.300000E+02  2.460000E+02  1.140286E-07  2.418912E-07
   1.300000E+02  2.580000E+02  1.287429E-07  2.289281E-07
   1.300000E+02  2.700000E+02  1.287429E-07  2.289281E-07
   1.300000E+02  2.820000E+02  1.287429E-07  2.289281E-07
   1.300000E+02  2.940000E+02  3.586427E-08  1.075928E-07
   1.300000E+02  3.060000E+02  3.926644E-07  4.254488E-07
   1.300000E+02  3.180000E+02  9.287859E-08  2.020690E-07
   1.300000E+02  3.300000E+02  3.356501E-07  3.895525E-07
   1.300000E+02  3.420000E+02  1.287429E-07  2.289281E-07
   1.300000E+02  3.540000E+02  5.701431E-08  1.710429E-07
    
   1.340000E+02  6.000001E+00  1.214322E-07  2.575965E-07
   1.340000E+02  1.800000E+01  1.214322E-07  2.575965E-07
   1.340000E+02  3.000000E+01  9.890893E-08  2.151888E-07
   1.340000E+02  4.200000E+01  6.071609E-08  1.821482E-07
   1.340000E+02  5.400001E+01  1.821483E-07  3.154899E-07
   1.340000E+02  6.600001E+01  2.203411E-07  3.356517E-07
   1.340000E+02  7.800001E+01  1.752946E-07  2.693745E-07
   1.340000E+02  9.000001E+01  9.890893E-08  2.151888E-07
   1.340000E+02  1.020000E+02  1.214322E-07  2.575965E-07
   1.340000E+02  1.140000E+02  9.890893E-08  2.151888E-07
   1.340000E+02  1.260000E+02  1.000000E-35  1.000000E-35
   1.340000E+02  1.380000E+02  1.000000E-35  1.000000E-35
   1.340000E+02  1.500000E+02  6.071609E-08  1.821482E-07
   1.340000E+02  1.620000E+02  6.071609E-08  1.821482E-07
   1.340000E+02  1.740000E+02  2.585339E-07  3.546693E-07
   1.340000E+02  1.860000E+02  2.134874E-07  2.927300E-07
   1.340000E+02  1.980000E+02  7.638568E-08  1.620385E-07
   1.340000E+02  2.100000E+02  1.821483E-07  3.154899E-07
   1.340000E+02  2.220000E+02  6.071609E-08  1.821482E-07
   1.340000E+02  2.340000E+02  6.071609E-08  1.821482E-07
   1.340000E+02  2.460000E+02  1.000000E-35  1.000000E-35
   1.340000E+02  2.580000E+02  1.214322E-07  2.575965E-07
   1.340000E+02  2.700000E+02  3.819284E-08  1.145785E-07
   1.340000E+02  2.820000E+02  1.821483E-07  3.154899E-07
   1.340000E+02  2.940000E+02  1.371018E-07  2.437918E-07
   1.340000E+02  3.060000E+02  1.214322E-07  2.575965E-07
   1.340000E+02  3.180000E+02  1.978179E-07  3.043228E-07
   1.340000E+02  3.300000E+02  2.203411E-07  3.356517E-07
   1.340000E+02  3.420000E+02  3.819284E-08  1.145785E-07
   1.340000E+02  3.540000E+02  6.071609E-08  1.821482E-07
    
   1.380000E+02  6.000001E+00  1.716027E-07  3.030843E-07
   1.380000E+02  1.800000E+01  2.166854E-07  3.273808E-07
   1.380000E+02  3.000000E+01  1.063307E-07  2.313358E-07
   1.380000E+02  4.200000E+01  6.527201E-08  1.958160E-07
   1.380000E+02  5.400001E+01  4.105870E-08  1.231761E-07
   1.380000E+02  6.600001E+01  2.610880E-07  3.916319E-07
   1.380000E+02  7.800001E+01  2.368747E-07  3.608379E-07
   1.380000E+02  9.000001E+01  8.211739E-08  1.741973E-07
   1.380000E+02  1.020000E+02  1.305440E-07  2.769256E-07
   1.380000E+02  1.140000E+02  1.305440E-07  2.769256E-07
   1.380000E+02  1.260000E+02  1.716027E-07  3.030843E-07
   1.380000E+02  1.380000E+02  1.000000E-35  1.000000E-35
   1.380000E+02  1.500000E+02  2.368747E-07  3.608379E-07
   1.380000E+02  1.620000E+02  1.063307E-07  2.313358E-07
   1.380000E+02  1.740000E+02  3.021467E-07  4.105457E-07
   1.380000E+02  1.860000E+02  3.432054E-07  4.286258E-07
   1.380000E+02  1.980000E+02  1.716027E-07  3.030843E-07
   1.380000E+02  2.100000E+02  1.063307E-07  2.313358E-07
   1.380000E+02  2.220000E+02  6.527201E-08  1.958160E-07
   1.380000E+02  2.340000E+02  1.000000E-35  1.000000E-35
   1.380000E+02  2.460000E+02  1.756267E-07  3.033247E-07
   1.380000E+02  2.580000E+02  2.610880E-07  3.916319E-07
   1.380000E+02  2.700000E+02  4.105870E-08  1.231761E-07
   1.380000E+02  2.820000E+02  1.305440E-07  2.769256E-07
   1.380000E+02  2.940000E+02  2.610880E-07  3.916319E-07
   1.380000E+02  3.060000E+02  6.527201E-08  1.958160E-07
   1.380000E+02  3.180000E+02  2.126614E-07  3.271581E-07
   1.380000E+02  3.300000E+02  6.527201E-08  1.958160E-07
   1.380000E+02  3.420000E+02  1.063307E-07  2.313358E-07
   1.380000E+02  3.540000E+02  6.527201E-08  1.958160E-07
    
   1.420000E+02  6.000001E+00  1.000000E-35  1.000000E-35
   1.420000E+02  1.800000E+01  2.757553E-07  3.799382E-07
   1.420000E+02  3.000000E+01  4.622614E-07  5.028534E-07
   1.420000E+02  4.200000E+01  1.601899E-07  2.848467E-07
   1.420000E+02  5.400001E+01  1.601899E-07  2.848467E-07
   1.420000E+02  6.600001E+01  1.155654E-07  2.514269E-07
   1.420000E+02  7.800001E+01  7.094078E-08  2.128223E-07
   1.420000E+02  9.000001E+01  3.020715E-07  4.143961E-07
   1.420000E+02  1.020000E+02  4.702692E-07  5.382209E-07
   1.420000E+02  1.140000E+02  1.418816E-07  3.009761E-07
   1.420000E+02  1.260000E+02  2.048145E-07  3.147376E-07
   1.420000E+02  1.380000E+02  2.128223E-07  3.686189E-07
   1.420000E+02  1.500000E+02  1.155654E-07  2.514269E-07
   1.420000E+02  1.620000E+02  1.000000E-35  1.000000E-35
   1.420000E+02  1.740000E+02  7.094078E-08  2.128223E-07
   1.420000E+02  1.860000E+02  1.865061E-07  3.294067E-07
   1.420000E+02  1.980000E+02  2.197749E-07  3.692086E-07
   1.420000E+02  2.100000E+02  2.837631E-07  4.256444E-07
   1.420000E+02  2.220000E+02  1.418816E-07  3.009761E-07
   1.420000E+02  2.340000E+02  1.155654E-07  2.514269E-07
   1.420000E+02  2.460000E+02  1.418816E-07  3.009761E-07
   1.420000E+02  2.580000E+02  7.094078E-08  2.128223E-07
   1.420000E+02  2.700000E+02  1.000000E-35  1.000000E-35
   1.420000E+02  2.820000E+02  1.000000E-35  1.000000E-35
   1.420000E+02  2.940000E+02  1.000000E-35  1.000000E-35
   1.420000E+02  3.060000E+02  2.128223E-07  3.686189E-07
   1.420000E+02  3.180000E+02  3.993285E-07  4.943567E-07
   1.420000E+02  3.300000E+02  1.155654E-07  2.514269E-07
   1.420000E+02  3.420000E+02  7.094078E-08  2.128223E-07
   1.420000E+02  3.540000E+02  1.865061E-07  3.294067E-07
    
   1.460000E+02  6.000001E+00  1.562091E-07  3.313694E-07
   1.460000E+02  1.800000E+01  1.272354E-07  2.768166E-07
   1.460000E+02  3.000000E+01  2.834445E-07  4.317789E-07
   1.460000E+02  4.200000E+01  2.746280E-07  3.765648E-07
   1.460000E+02  5.400001E+01  1.562091E-07  3.313694E-07
   1.460000E+02  6.600001E+01  4.913087E-08  1.473926E-07
   1.460000E+02  7.800001E+01  1.272354E-07  2.768166E-07
   1.460000E+02  9.000001E+01  1.272354E-07  2.768166E-07
   1.460000E+02  1.020000E+02  1.272354E-07  2.768166E-07
   1.460000E+02  1.140000E+02  7.810454E-08  2.343136E-07
   1.460000E+02  1.260000E+02  4.106799E-07  5.128940E-07
   1.460000E+02  1.380000E+02  1.562091E-07  3.313694E-07
   1.460000E+02  1.500000E+02  7.810454E-08  2.343136E-07
   1.460000E+02  1.620000E+02  2.053400E-07  3.626710E-07
   1.460000E+02  1.740000E+02  2.053400E-07  3.626710E-07
   1.460000E+02  1.860000E+02  1.272354E-07  2.768166E-07
   1.460000E+02  1.980000E+02  1.562091E-07  3.313694E-07
   1.460000E+02  2.100000E+02  2.343136E-07  4.058429E-07
   1.460000E+02  2.220000E+02  5.668890E-07  6.106273E-07
   1.460000E+02  2.340000E+02  4.106799E-07  5.128940E-07
   1.460000E+02  2.460000E+02  1.310214E-06  3.415969E-06
   1.460000E+02  2.580000E+02  1.965235E-07  2.947851E-07
   1.460000E+02  2.700000E+02  3.817062E-07  4.794601E-07
   1.460000E+02  2.820000E+02  2.834445E-07  4.317789E-07
   1.460000E+02  2.940000E+02  7.810454E-08  2.343136E-07
   1.460000E+02  3.060000E+02  2.544708E-07  3.914777E-07
   1.460000E+02  3.180000E+02  9.826174E-08  2.084446E-07
   1.460000E+02  3.300000E+02  4.913087E-08  1.473926E-07
   1.460000E+02  3.420000E+02  2.254972E-07  3.465206E-07
   1.460000E+02  3.540000E+02  2.053400E-07  3.626710E-07
    
   1.500000E+02  6.000001E+00  1.747020E-07  3.705989E-07
   1.500000E+02  1.800000E+01  8.735102E-08  2.620530E-07
   1.500000E+02  3.000000E+01  5.494727E-08  1.648418E-07
   1.500000E+02  4.200000E+01  8.735102E-08  2.620530E-07
   1.500000E+02  5.400001E+01  5.691932E-07  6.191750E-07
   1.500000E+02  6.600001E+01  3.481047E-07  4.685311E-07
   1.500000E+02  7.800001E+01  5.552105E-07  6.311605E-07
   1.500000E+02  9.000001E+01  1.747020E-07  3.705989E-07
   1.500000E+02  1.020000E+02  2.845966E-07  4.378231E-07
   1.500000E+02  1.140000E+02  1.508592E-07  3.106512E-07
   1.500000E+02  1.260000E+02  8.735102E-08  2.620530E-07
   1.500000E+02  1.380000E+02  2.296493E-07  4.056061E-07
   1.500000E+02  1.500000E+02  2.845966E-07  4.378231E-07
   1.500000E+02  1.620000E+02  5.494727E-08  1.648418E-07
   1.500000E+02  1.740000E+02  3.494041E-07  5.241058E-07
   1.500000E+02  1.860000E+02  4.268949E-07  5.362215E-07
   1.500000E+02  1.980000E+02  2.521928E-07  3.875437E-07
   1.500000E+02  2.100000E+02  2.296493E-07  4.056061E-07
   1.500000E+02  2.220000E+02  1.422983E-07  3.095878E-07
   1.500000E+02  2.340000E+02  1.747020E-07  3.705989E-07
   1.500000E+02  2.460000E+02  2.845966E-07  4.378231E-07
   1.500000E+02  2.580000E+02  3.494041E-07  5.241058E-07
   1.500000E+02  2.700000E+02  1.098945E-07  2.331215E-07
   1.500000E+02  2.820000E+02  4.043513E-07  5.494176E-07
   1.500000E+02  2.940000E+02  2.845966E-07  4.378231E-07
   1.500000E+02  3.060000E+02  2.620531E-07  4.538890E-07
   1.500000E+02  3.180000E+02  2.296493E-07  4.056061E-07
   1.500000E+02  3.300000E+02  1.972456E-07  3.507383E-07
   1.500000E+02  3.420000E+02  3.494041E-07  5.241058E-07
   1.500000E+02  3.540000E+02  3.395438E-07  4.678267E-07
    
   1.540000E+02  6.000001E+00  1.000000E-35  1.000000E-35
   1.540000E+02  1.800000E+01  2.619348E-07  4.626287E-07
   1.540000E+02  3.000000E+01  3.615662E-07  5.507838E-07
   1.540000E+02  4.200000E+01  1.992627E-07  4.226999E-07
   1.540000E+02  5.400001E+01  2.988941E-07  5.176995E-07
   1.540000E+02  6.600001E+01  2.988941E-07  5.176995E-07
   1.540000E+02  7.800001E+01  2.249755E-07  4.000472E-07
   1.540000E+02  9.000001E+01  3.246069E-07  4.993749E-07
   1.540000E+02  1.020000E+02  5.608289E-07  6.942894E-07
   1.540000E+02  1.140000E+02  1.880163E-07  3.256536E-07
   1.540000E+02  1.260000E+02  1.941585E-07  3.261745E-07
   1.540000E+02  1.380000E+02  9.963136E-08  2.988940E-07
   1.540000E+02  1.500000E+02  4.242383E-07  5.819904E-07
   1.540000E+02  1.620000E+02  2.249755E-07  4.000472E-07
   1.540000E+02  1.740000E+02  1.992627E-07  4.226999E-07
   1.540000E+02  1.860000E+02  3.615662E-07  5.507838E-07
   1.540000E+02  1.980000E+02  2.619348E-07  4.626287E-07
   1.540000E+02  2.100000E+02  1.623035E-07  3.531115E-07
   1.540000E+02  2.220000E+02  1.253442E-07  2.658951E-07
   1.540000E+02  2.340000E+02  2.249755E-07  4.000472E-07
   1.540000E+02  2.460000E+02  2.249755E-07  4.000472E-07
   1.540000E+02  2.580000E+02  2.619348E-07  4.626287E-07
   1.540000E+02  2.700000E+02  2.249755E-07  4.000472E-07
   1.540000E+02  2.820000E+02  2.619348E-07  4.626287E-07
   1.540000E+02  2.940000E+02  1.623035E-07  3.531115E-07
   1.540000E+02  3.060000E+02  5.238696E-07  6.542555E-07
   1.540000E+02  3.180000E+02  1.992627E-07  4.226999E-07
   1.540000E+02  3.300000E+02  2.619348E-07  4.626287E-07
   1.540000E+02  3.420000E+02  9.963136E-08  2.988940E-07
   1.540000E+02  3.540000E+02  2.876476E-07  4.420270E-07
    
   1.580000E+02  6.000001E+00  1.899303E-07  4.132173E-07
   1.580000E+02  1.800000E+01  2.632703E-07  4.681423E-07
   1.580000E+02  3.000000E+01  3.065207E-07  5.413762E-07
   1.580000E+02  4.200000E+01  2.331807E-07  4.946509E-07
   1.580000E+02  5.400001E+01  2.632703E-07  4.681423E-07
   1.580000E+02  6.600001E+01  2.632703E-07  4.681423E-07
   1.580000E+02  7.800001E+01  2.632703E-07  4.681423E-07
   1.580000E+02  9.000001E+01  3.366103E-07  5.172677E-07
   1.580000E+02  1.020000E+02  3.798607E-07  5.843773E-07
   1.580000E+02  1.140000E+02  7.333999E-08  2.200199E-07
   1.580000E+02  1.260000E+02  2.632703E-07  4.681423E-07
   1.580000E+02  1.380000E+02  4.231111E-07  6.445369E-07
   1.580000E+02  1.500000E+02  2.331807E-07  4.946509E-07
   1.580000E+02  1.620000E+02  1.899303E-07  4.132173E-07
   1.580000E+02  1.740000E+02  5.397014E-07  7.333262E-07
   1.580000E+02  1.860000E+02  1.899303E-07  4.132173E-07
   1.580000E+02  1.980000E+02  2.632703E-07  4.681423E-07
   1.580000E+02  2.100000E+02  7.296318E-07  8.417336E-07
   1.580000E+02  2.220000E+02  4.099503E-07  5.621161E-07
   1.580000E+02  2.340000E+02  3.497711E-07  6.058211E-07
   1.580000E+02  2.460000E+02  4.964511E-07  6.810554E-07
   1.580000E+02  2.580000E+02  3.798607E-07  5.843773E-07
   1.580000E+02  2.700000E+02  3.366103E-07  5.172677E-07
   1.580000E+02  2.820000E+02  7.333999E-08  2.200199E-07
   1.580000E+02  2.940000E+02  1.000000E-35  1.000000E-35
   1.580000E+02  3.060000E+02  2.200200E-07  3.810856E-07
   1.580000E+02  3.180000E+02  4.964511E-07  6.810554E-07
   1.580000E+02  3.300000E+02  3.065207E-07  5.413762E-07
   1.580000E+02  3.420000E+02  4.231111E-07  6.445369E-07
   1.580000E+02  3.540000E+02  1.899303E-07  4.132173E-07
    
   1.620000E+02  6.000001E+00  3.715805E-07  6.562847E-07
   1.620000E+02  1.800000E+01  2.302436E-07  5.009237E-07
   1.620000E+02  3.000000E+01  3.715805E-07  6.562847E-07
   1.620000E+02  4.200000E+01  6.018241E-07  8.256112E-07
   1.620000E+02  5.400001E+01  6.542545E-07  8.889766E-07
   1.620000E+02  6.600001E+01  1.000000E-35  1.000000E-35
   1.620000E+02  7.800001E+01  7.066849E-07  9.481166E-07
   1.620000E+02  9.000001E+01  1.000000E-35  1.000000E-35
   1.620000E+02  1.020000E+02  2.302436E-07  5.009237E-07
   1.620000E+02  1.140000E+02  2.302436E-07  5.009237E-07
   1.620000E+02  1.260000E+02  5.870428E-05  1.748423E-04
   1.620000E+02  1.380000E+02  2.826739E-07  5.996418E-07
   1.620000E+02  1.500000E+02  1.413370E-07  4.240109E-07
   1.620000E+02  1.620000E+02  3.191502E-07  5.675067E-07
   1.620000E+02  1.740000E+02  1.413370E-07  4.240109E-07
   1.620000E+02  1.860000E+02  5.129175E-07  7.813415E-07
   1.620000E+02  1.980000E+02  4.604871E-07  7.084129E-07
   1.620000E+02  2.100000E+02  2.667198E-07  4.619720E-07
   1.620000E+02  2.220000E+02  2.302436E-07  5.009237E-07
   1.620000E+02  2.340000E+02  2.302436E-07  5.009237E-07
   1.620000E+02  2.460000E+02  2.302436E-07  5.009237E-07
   1.620000E+02  2.580000E+02  1.778132E-07  3.771986E-07
   1.620000E+02  2.700000E+02  8.890659E-08  2.667197E-07
   1.620000E+02  2.820000E+02  4.604871E-07  7.084129E-07
   1.620000E+02  2.940000E+02  1.000000E-35  1.000000E-35
   1.620000E+02  3.060000E+02  3.715805E-07  6.562847E-07
   1.620000E+02  3.180000E+02  1.778132E-07  3.771986E-07
   1.620000E+02  3.300000E+02  3.191502E-07  5.675067E-07
   1.620000E+02  3.420000E+02  4.240109E-07  7.344082E-07
   1.620000E+02  3.540000E+02  5.653479E-07  8.480214E-07
    
   1.660000E+02  6.000001E+00  1.135642E-07  3.406924E-07
   1.660000E+02  1.800000E+01  1.000000E-35  1.000000E-35
   1.660000E+02  3.000000E+01  1.135642E-07  3.406924E-07
   1.660000E+02  4.200000E+01  1.135642E-07  3.406924E-07
   1.660000E+02  5.400001E+01  2.940999E-07  6.398511E-07
   1.660000E+02  6.600001E+01  1.000000E-35  1.000000E-35
   1.660000E+02  7.800001E+01  2.940999E-07  6.398511E-07
   1.660000E+02  9.000001E+01  2.940999E-07  6.398511E-07
   1.660000E+02  1.020000E+02  1.000000E-35  1.000000E-35
   1.660000E+02  1.140000E+02  1.805357E-07  5.416070E-07
   1.660000E+02  1.260000E+02  1.805357E-07  5.416070E-07
   1.660000E+02  1.380000E+02  9.492711E-07  1.185535E-06
   1.660000E+02  1.500000E+02  1.982292E-07  5.442019E-07
   1.660000E+02  1.620000E+02  2.940999E-07  6.398511E-07
   1.660000E+02  1.740000E+02  4.076640E-07  7.249004E-07
   1.660000E+02  1.860000E+02  1.805357E-07  5.416070E-07
   1.660000E+02  1.980000E+02  2.271283E-07  4.818118E-07
   1.660000E+02  2.100000E+02  2.940999E-07  6.398511E-07
   1.660000E+02  2.220000E+02  1.805357E-07  5.416070E-07
   1.660000E+02  2.340000E+02  3.406925E-07  5.900964E-07
   1.660000E+02  2.460000E+02  2.271283E-07  4.818118E-07
   1.660000E+02  2.580000E+02  5.212282E-07  8.009692E-07
   1.660000E+02  2.700000E+02  4.076640E-07  7.249004E-07
   1.660000E+02  2.820000E+02  2.940999E-07  6.398511E-07
   1.660000E+02  2.940000E+02  3.406925E-07  5.900964E-07
   1.660000E+02  3.060000E+02  1.135642E-07  3.406924E-07
   1.660000E+02  3.180000E+02  1.805357E-07  5.416070E-07
   1.660000E+02  3.300000E+02  5.881997E-07  9.048859E-07
   1.660000E+02  3.420000E+02  1.805357E-07  5.416070E-07
   1.660000E+02  3.540000E+02  2.940999E-07  6.398511E-07
    
   1.700000E+02  6.000001E+00  6.612496E-07  1.167898E-06
   1.700000E+02  1.800000E+01  5.030351E-07  1.067098E-06
   1.700000E+02  3.000000E+01  1.000000E-35  1.000000E-35
   1.700000E+02  4.200000E+01  3.164291E-07  6.712473E-07
   1.700000E+02  5.400001E+01  1.000000E-35  1.000000E-35
   1.700000E+02  6.600001E+01  1.000000E-35  1.000000E-35
   1.700000E+02  7.800001E+01  6.612496E-07  1.167898E-06
   1.700000E+02  9.000001E+01  1.000000E-35  1.000000E-35
   1.700000E+02  1.020000E+02  2.515175E-07  7.545525E-07
   1.700000E+02  1.140000E+02  1.582146E-07  4.746436E-07
   1.700000E+02  1.260000E+02  1.000000E-35  1.000000E-35
   1.700000E+02  1.380000E+02  1.000000E-35  1.000000E-35
   1.700000E+02  1.500000E+02  4.097321E-07  8.914235E-07
   1.700000E+02  1.620000E+02  2.515175E-07  7.545525E-07
   1.700000E+02  1.740000E+02  1.000000E-35  1.000000E-35
   1.700000E+02  1.860000E+02  4.746437E-07  8.221066E-07
   1.700000E+02  1.980000E+02  3.164291E-07  6.712473E-07
   1.700000E+02  2.100000E+02  4.097321E-07  8.914235E-07
   1.700000E+02  2.220000E+02  1.582146E-07  4.746436E-07
   1.700000E+02  2.340000E+02  4.097321E-07  8.914235E-07
   1.700000E+02  2.460000E+02  5.679467E-07  1.009912E-06
   1.700000E+02  2.580000E+02  3.164291E-07  6.712473E-07
   1.700000E+02  2.700000E+02  2.515175E-07  7.545525E-07
   1.700000E+02  2.820000E+02  4.097321E-07  8.914235E-07
   1.700000E+02  2.940000E+02  2.465011E-08  7.395033E-08
   1.700000E+02  3.060000E+02  2.515175E-07  7.545525E-07
   1.700000E+02  3.180000E+02  1.000000E-35  1.000000E-35
   1.700000E+02  3.300000E+02  1.000000E-35  1.000000E-35
   1.700000E+02  3.420000E+02  1.582146E-07  4.746436E-07
   1.700000E+02  3.540000E+02  1.582146E-07  4.746436E-07
    
   1.740000E+02  6.000001E+00  1.000000E-35  1.000000E-35
   1.740000E+02  1.800000E+01  1.000000E-35  1.000000E-35
   1.740000E+02  3.000000E+01  6.806693E-07  1.480881E-06
   1.740000E+02  4.200000E+01  2.628347E-07  7.885039E-07
   1.740000E+02  5.400001E+01  1.000000E-35  1.000000E-35
   1.740000E+02  6.600001E+01  4.178347E-07  1.253504E-06
   1.740000E+02  7.800001E+01  1.000000E-35  1.000000E-35
   1.740000E+02  9.000001E+01  5.256693E-07  1.115113E-06
   1.740000E+02  1.020000E+02  4.178347E-07  1.253504E-06
   1.740000E+02  1.140000E+02  1.000000E-35  1.000000E-35
   1.740000E+02  1.260000E+02  1.000000E-35  1.000000E-35
   1.740000E+02  1.380000E+02  9.435040E-07  1.677721E-06
   1.740000E+02  1.500000E+02  1.000000E-35  1.000000E-35
   1.740000E+02  1.620000E+02  1.000000E-35  1.000000E-35
   1.740000E+02  1.740000E+02  6.806693E-07  1.480881E-06
   1.740000E+02  1.860000E+02  1.000000E-35  1.000000E-35
   1.740000E+02  1.980000E+02  8.356693E-07  1.772722E-06
   1.740000E+02  2.100000E+02  5.256693E-07  1.115113E-06
   1.740000E+02  2.220000E+02  1.000000E-35  1.000000E-35
   1.740000E+02  2.340000E+02  1.000000E-35  1.000000E-35
   1.740000E+02  2.460000E+02  2.628347E-07  7.885039E-07
   1.740000E+02  2.580000E+02  1.000000E-35  1.000000E-35
   1.740000E+02  2.700000E+02  6.806693E-07  1.480881E-06
   1.740000E+02  2.820000E+02  4.178347E-07  1.253504E-06
   1.740000E+02  2.940000E+02  1.000000E-35  1.000000E-35
   1.740000E+02  3.060000E+02  2.628347E-07  7.885039E-07
   1.740000E+02  3.180000E+02  4.178347E-07  1.253504E-06
   1.740000E+02  3.300000E+02  4.178347E-07  1.253504E-06
   1.740000E+02  3.420000E+02  4.178347E-07  1.253504E-06
   1.740000E+02  3.540000E+02  2.628347E-07  7.885039E-07
    
   1.780000E+02  6.000001E+00  1.000000E-35  1.000000E-35
   1.780000E+02  1.800000E+01  1.251476E-06  3.754427E-06
   1.780000E+02  3.000000E+01  1.000000E-35  1.000000E-35
   1.780000E+02  4.200000E+01  1.000000E-35  1.000000E-35
   1.780000E+02  5.400001E+01  1.000000E-35  1.000000E-35
   1.780000E+02  6.600001E+01  1.000000E-35  1.000000E-35
   1.780000E+02  7.800001E+01  2.038704E-06  4.435456E-06
   1.780000E+02  9.000001E+01  7.872282E-07  2.361684E-06
   1.780000E+02  1.020000E+02  7.872282E-07  2.361684E-06
   1.780000E+02  1.140000E+02  1.000000E-35  1.000000E-35
   1.780000E+02  1.260000E+02  1.000000E-35  1.000000E-35
   1.780000E+02  1.380000E+02  1.251476E-06  3.754427E-06
   1.780000E+02  1.500000E+02  1.000000E-35  1.000000E-35
   1.780000E+02  1.620000E+02  1.000000E-35  1.000000E-35
   1.780000E+02  1.740000E+02  1.000000E-35  1.000000E-35
   1.780000E+02  1.860000E+02  1.000000E-35  1.000000E-35
   1.780000E+02  1.980000E+02  1.000000E-35  1.000000E-35
   1.780000E+02  2.100000E+02  1.000000E-35  1.000000E-35
   1.780000E+02  2.220000E+02  1.000000E-35  1.000000E-35
   1.780000E+02  2.340000E+02  1.000000E-35  1.000000E-35
   1.780000E+02  2.460000E+02  1.000000E-35  1.000000E-35
   1.780000E+02  2.580000E+02  1.000000E-35  1.000000E-35
   1.780000E+02  2.700000E+02  1.000000E-35  1.000000E-35
   1.780000E+02  2.820000E+02  7.872282E-07  2.361684E-06
   1.780000E+02  2.940000E+02  1.000000E-35  1.000000E-35
   1.780000E+02  3.060000E+02  1.000000E-35  1.000000E-35
   1.780000E+02  3.180000E+02  1.000000E-35  1.000000E-35
   1.780000E+02  3.300000E+02  1.251476E-06  3.754427E-06
   1.780000E+02  3.420000E+02  1.000000E-35  1.000000E-35
   1.780000E+02  3.540000E+02  1.251476E-06  3.754427E-06
    
