 #  Results from PENEPMA.
 #  Energy distribution of upbound photons.
 #  1st column: E (eV).
 #  2nd and 3rd columns: probability density and STU (1/(eV*particle)).

   1.500000E+01  1.000000E-35  1.000000E-35
   4.500000E+01  1.000000E-35  1.000000E-35
   7.500001E+01  1.000000E-35  1.000000E-35
   1.050000E+02  6.963285E-07  5.417182E-08
   1.350000E+02  4.822392E-07  2.832237E-08
   1.650000E+02  2.732810E-07  7.881257E-09
   1.950000E+02  2.311583E-07  1.085675E-08
   2.250000E+02  2.393338E-07  1.237225E-08
   2.550000E+02  1.848448E-07  2.798317E-08
   2.850000E+02  1.122001E-07  4.914071E-09
   3.150000E+02  2.460836E-07  3.308470E-08
   3.450000E+02  1.060544E-07  2.668175E-08
   3.750000E+02  1.194981E-07  6.674986E-09
   4.050000E+02  9.352810E-08  4.454422E-09
   4.350000E+02  8.948005E-08  4.341633E-09
   4.650000E+02  1.111100E-07  7.234484E-09
   4.950000E+02  9.982861E-08  6.392997E-09
   5.250001E+02  5.490864E-07  1.917104E-07
   5.550001E+02  1.129430E-07  9.362097E-09
   5.850001E+02  9.383523E-08  6.602348E-09
   6.150001E+02  9.621862E-08  5.555207E-09
   6.450001E+02  9.041311E-08  5.900193E-09
   6.750001E+02  9.425722E-08  2.666344E-08
   7.050001E+02  8.248104E-08  4.173641E-09
   7.350001E+02  8.422851E-08  3.972143E-09
   7.650001E+02  1.003102E-07  5.706661E-09
   7.950001E+02  8.788316E-08  4.116003E-09
   8.250001E+02  8.610338E-08  4.079901E-09
   8.550001E+02  8.490943E-08  4.104784E-09
   8.850001E+02  1.118903E-07  4.577309E-08
   9.150001E+02  1.018590E-07  3.744903E-08
   9.450001E+02  8.840010E-08  4.177228E-09
   9.750001E+02  8.770177E-08  4.113179E-09
   1.005000E+03  9.725253E-08  2.664467E-08
   1.035000E+03  1.145346E-07  4.578186E-08
   1.065000E+03  1.146893E-07  4.578228E-08
   1.095000E+03  1.043603E-07  3.744339E-08
   1.125000E+03  9.637355E-08  2.662585E-08
   1.155000E+03  1.477334E-07  6.977460E-08
   1.185000E+03  9.422624E-08  2.663181E-08
   1.215000E+03  1.460115E-07  6.976878E-08
   1.245000E+03  1.387646E-07  6.461279E-08
   1.275000E+03  1.197996E-07  5.279670E-08
   1.305000E+03  1.302301E-07  5.901569E-08
   1.335000E+03  1.448201E-07  6.976104E-08
   1.365000E+03  1.189589E-07  5.280362E-08
   1.395000E+03  1.026932E-07  3.743782E-08
   1.425000E+03  1.169242E-07  5.279550E-08
   1.455000E+03  1.071676E-07  4.577193E-08
   1.485000E+03  1.512417E-07  7.456064E-08
   1.515000E+03  1.238406E-07  5.898908E-08
   1.545000E+03  3.826130E-07  7.170498E-08
   1.575000E+03  4.360146E-07  3.326115E-08
   1.605000E+03  1.409556E-07  6.975947E-08
   1.635000E+03  1.452061E-07  5.920503E-08
   1.665000E+03  1.137583E-07  5.278385E-08
   1.695000E+03  9.725695E-08  3.742583E-08
   1.725000E+03  2.472679E-05  1.392685E-06
   1.755000E+03  1.189528E-07  5.898644E-08
   1.785000E+03  1.362456E-07  6.975856E-08
   1.815000E+03  1.642281E-07  8.333331E-08
   1.845000E+03  4.738262E-07  1.766569E-07
   1.875000E+03  1.864386E-07  4.680736E-08
   1.905000E+03  1.179057E-07  5.897935E-08
   1.935000E+03  1.088078E-07  5.277243E-08
   1.965000E+03  5.349502E-06  9.053409E-08
   1.995000E+03  2.515694E-07  7.978154E-08
   2.025000E+03  8.858962E-08  3.739189E-08
   2.055000E+03  3.027384E-06  7.393773E-08
   2.085000E+03  1.062424E-07  5.901233E-08
   2.115000E+03  6.926816E-08  3.734987E-08
   2.145000E+03  1.084602E-07  6.971370E-08
   2.175000E+03  7.499087E-08  4.571124E-08
   2.205000E+03  8.816124E-08  5.893448E-08
   2.235000E+03  3.532276E-07  4.153376E-08
   2.265000E+03  6.192430E-08  3.734656E-08
   2.295000E+03  8.078325E-08  5.273657E-08
   2.325000E+03  5.375495E-08  2.647255E-08
   2.355000E+03  5.299403E-08  2.646996E-08
   2.385000E+03  4.519755E-08  2.915734E-09
   2.415000E+03  7.930476E-08  5.272653E-08
   2.445000E+03  8.404441E-08  4.585296E-08
   2.475000E+03  7.921969E-08  5.272608E-08
   2.505000E+03  6.242793E-08  3.733509E-08
   2.535000E+03  6.830694E-08  5.873224E-09
   2.565000E+03  7.379642E-08  3.755716E-08
   2.595000E+03  1.392312E-07  4.655608E-08
   2.625000E+03  3.318449E-07  3.851580E-08
   2.655000E+03  9.006887E-08  5.287398E-08
   2.685000E+03  6.740465E-08  4.567918E-08
   2.715000E+03  6.733855E-08  4.567670E-08
   2.745000E+03  8.547234E-08  5.895041E-08
   2.775000E+03  6.981663E-08  4.572472E-08
   2.805000E+03  1.399164E-07  4.778425E-08
   2.835000E+03  5.020373E-08  2.646283E-08
   2.865000E+03  6.826396E-08  4.567938E-08
   2.895000E+03  9.792618E-08  6.458361E-08
   2.925000E+03  7.410259E-08  5.271748E-08
   2.955000E+03  5.841931E-08  3.734823E-08
   2.985000E+03  2.619369E-06  1.058725E-07
   3.015000E+03  7.612028E-08  5.272084E-08
   3.045000E+03  8.285326E-08  5.892682E-08
   3.075000E+03  7.201508E-08  4.573780E-08
   3.105000E+03  5.728951E-08  3.735679E-08
   3.135000E+03  7.466201E-08  5.271929E-08
   3.165000E+03  1.070529E-06  6.995475E-08
   3.195000E+03  1.443422E-07  6.038773E-08
   3.225000E+03  1.639270E-07  4.114045E-08
   3.255000E+03  7.709261E-08  3.805311E-08
   3.285000E+03  6.429720E-08  4.567063E-08
   3.315000E+03  5.400509E-08  3.731454E-08
   3.345000E+03  3.308805E-07  5.316933E-08
   3.375000E+03  6.328496E-08  4.566895E-08
   3.405000E+03  7.927995E-08  5.892071E-08
   3.435000E+03  8.149940E-08  5.297498E-08
   3.465000E+03  5.219994E-08  3.732167E-08
   3.495000E+03  8.038049E-08  5.892245E-08
   3.525000E+03  1.406067E-07  4.045871E-08
   3.555000E+03  8.817382E-08  6.453525E-08
   3.585000E+03  6.148000E-08  4.566563E-08
   3.615000E+03  7.029907E-08  5.271132E-08
   3.645000E+03  7.929713E-08  5.892095E-08
   3.675000E+03  4.473328E-08  2.644241E-08
   3.705000E+03  8.402361E-08  5.305352E-08
   3.735000E+03  9.758014E-08  5.937086E-08
   3.765000E+03  7.051047E-08  5.271200E-08
   3.795000E+03  4.276047E-08  2.643600E-08
   3.825000E+03  7.005780E-08  5.271132E-08
   3.855000E+03  5.950266E-08  4.566335E-08
   3.885000E+03  1.128075E-07  7.901888E-08
   3.915000E+03  6.916286E-08  5.270980E-08
   3.945000E+03  6.103689E-08  4.566484E-08
   3.975000E+03  5.142819E-08  3.730902E-08
   4.005000E+03  5.021984E-08  3.730783E-08
   4.035000E+03  5.930216E-08  4.566303E-08
   4.065000E+03  6.027859E-08  4.566351E-08
   4.095000E+03  5.123596E-08  3.730858E-08
   4.125000E+03  4.095355E-08  2.642978E-08
   4.155000E+03  6.875676E-08  5.270983E-08
   4.185000E+03  5.150400E-08  3.731113E-08
   4.215000E+03  6.752934E-08  5.270676E-08
   4.245000E+03  5.960610E-08  4.566203E-08
   4.275000E+03  8.541400E-08  6.453161E-08
   4.305000E+03  9.369012E-08  6.969504E-08
   4.335000E+03  5.723991E-08  4.565744E-08
   4.365000E+03  4.075228E-08  2.643166E-08
   4.395000E+03  8.378489E-08  6.452956E-08
   4.425000E+03  6.698566E-08  5.270661E-08
   4.455000E+03  9.347409E-08  6.969489E-08
   4.485000E+03  5.620436E-08  4.565548E-08
   4.515000E+03  4.967690E-08  3.730531E-08
   4.545000E+03  7.547405E-08  5.891605E-08
   4.575000E+03  4.966935E-08  3.730472E-08
   4.605000E+03  5.673886E-08  4.565623E-08
   4.635000E+03  5.646891E-08  4.565604E-08
   4.665000E+03  4.903121E-08  3.730343E-08
   4.695000E+03  8.380882E-08  6.452939E-08
   4.725000E+03  7.345014E-08  5.891294E-08
   4.755000E+03  4.692080E-08  3.729853E-08
   4.785000E+03  6.538998E-08  5.270436E-08
   4.815000E+03  6.489658E-08  5.270371E-08
   4.845000E+03  8.338865E-08  6.452978E-08
   4.875000E+03  5.590595E-08  4.565624E-08
   4.905000E+03  8.429592E-08  6.453013E-08
   4.935000E+03  5.546496E-08  4.565394E-08
   4.965000E+03  5.589325E-08  4.565617E-08
   4.995000E+03  6.434072E-08  5.270131E-08
   5.025001E+03  7.290308E-08  5.891123E-08
   5.055001E+03  5.486447E-08  4.565303E-08
   5.085001E+03  6.299133E-08  5.269943E-08
   5.115001E+03  7.205726E-08  5.891031E-08
   5.145001E+03  8.856306E-08  6.968871E-08
   5.175001E+03  6.388681E-08  5.270143E-08
   5.205001E+03  4.497029E-08  3.729429E-08
   5.235001E+03  4.597361E-08  3.729669E-08
   5.265001E+03  5.385160E-08  4.565071E-08
   5.295001E+03  3.669200E-08  2.641837E-08
   5.325001E+03  8.014586E-08  6.452446E-08
   5.355001E+03  6.322029E-08  5.269958E-08
   5.385001E+03  6.364103E-08  5.270048E-08
   5.415001E+03  7.842030E-08  6.452215E-08
   5.445001E+03  7.171673E-08  5.890976E-08
   5.475001E+03  3.612791E-08  2.641366E-08
   5.505001E+03  6.968424E-08  5.890674E-08
   5.535001E+03  6.292851E-08  5.269893E-08
   5.565001E+03  6.055927E-08  5.269540E-08
   5.595001E+03  6.147786E-08  5.269669E-08
   5.625001E+03  4.326937E-08  3.729026E-08
   5.655001E+03  4.293431E-08  3.729096E-08
   5.685001E+03  6.236074E-08  5.269833E-08
   5.715001E+03  6.142562E-08  5.269660E-08
   5.745001E+03  5.092454E-08  4.564559E-08
   5.775001E+03  4.402189E-08  3.729215E-08
   5.805001E+03  5.119572E-08  4.564618E-08
   5.835001E+03  3.351904E-08  2.640551E-08
   5.865001E+03  5.249117E-08  4.564810E-08
   5.895001E+03  5.278712E-08  4.564887E-08
   5.925001E+03  4.373755E-08  3.729293E-08
   5.955001E+03  4.142060E-08  3.728639E-08
   5.985001E+03  4.322894E-08  3.729039E-08
   6.015001E+03  5.210910E-08  4.564815E-08
   6.045001E+03  4.972323E-08  4.564436E-08
   6.075001E+03  4.286645E-08  3.728931E-08
   6.105001E+03  4.237317E-08  3.728821E-08
   6.135001E+03  6.040205E-08  5.269541E-08
   6.165001E+03  3.393680E-08  2.640725E-08
   6.195001E+03  4.145893E-08  3.728815E-08
   6.225001E+03  6.925997E-08  5.890589E-08
   6.255001E+03  3.378781E-08  2.640733E-08
   6.285001E+03  4.988410E-08  4.564345E-08
   6.315001E+03  3.179877E-08  2.640206E-08
   6.345001E+03  3.229460E-08  2.640162E-08
   6.375001E+03  4.195576E-08  3.728678E-08
   6.405001E+03  4.175988E-08  3.728997E-08
   6.435001E+03  7.620342E-08  6.451929E-08
   6.465001E+03  4.196983E-08  3.728742E-08
   6.495001E+03  4.112706E-08  3.728547E-08
   6.525001E+03  5.837471E-08  5.269171E-08
   6.555001E+03  7.662838E-08  6.451998E-08
   6.585001E+03  2.307204E-08  1.948007E-09
   6.615001E+03  4.052982E-08  3.728384E-08
   6.645001E+03  4.135470E-08  3.728561E-08
   6.675001E+03  4.053703E-08  3.728397E-08
   6.705001E+03  5.901971E-08  5.269304E-08
   6.735001E+03  4.745650E-08  4.563917E-08
   6.765001E+03  4.069390E-08  3.728439E-08
   6.795001E+03  4.031150E-08  3.728331E-08
   6.825001E+03  5.697280E-08  5.268944E-08
   6.855001E+03  3.176528E-08  2.640020E-08
   6.885001E+03  9.250124E-08  7.449044E-08
   6.915001E+03  6.629721E-08  5.890175E-08
   6.945001E+03  5.760579E-08  5.269061E-08
   6.975001E+03  4.826352E-08  4.564075E-08
   7.005001E+03  5.801909E-08  5.269103E-08
   7.035001E+03  2.088860E-08  1.868034E-09
   7.065001E+03  6.603187E-08  5.890101E-08
   7.095001E+03  2.108049E-08  1.864533E-09
   7.125001E+03  3.054770E-08  2.639611E-08
   7.155001E+03  5.665425E-08  5.268884E-08
   7.185001E+03  3.105223E-08  2.639792E-08
   7.215001E+03  3.913100E-08  3.728057E-08
   7.245001E+03  6.529280E-08  5.890054E-08
   7.275001E+03  6.542393E-08  5.890090E-08
   7.305001E+03  3.915471E-08  3.728097E-08
   7.335001E+03  6.510366E-08  5.890023E-08
   7.365001E+03  1.969609E-08  1.803427E-09
   7.395001E+03  2.104616E-08  1.872084E-09
   7.425001E+03  2.921994E-08  2.639200E-08
   7.455001E+03  3.721860E-08  3.727669E-08
   7.485001E+03  3.842112E-08  3.727919E-08
   7.515001E+03  4.655096E-08  4.563743E-08
   7.545001E+03  6.347348E-08  5.889803E-08
   7.575001E+03  4.603433E-08  4.563676E-08
   7.605001E+03  4.645587E-08  4.563744E-08
   7.635001E+03  5.497292E-08  5.268630E-08
   7.665001E+03  3.769545E-08  3.727752E-08
   7.695001E+03  4.560010E-08  4.563586E-08
   7.725001E+03  1.931472E-08  1.787436E-09
   7.755001E+03  2.912268E-08  2.639416E-08
   7.785001E+03  4.644385E-08  4.563726E-08
   7.815001E+03  5.477348E-08  5.268593E-08
   7.845001E+03  2.865252E-08  2.639001E-08
   7.875001E+03  1.861582E-08  1.754115E-09
   7.905001E+03  3.812349E-08  3.727945E-08
   7.935001E+03  2.775865E-08  2.638686E-08
   7.965001E+03  3.619502E-08  3.727414E-08
   7.995001E+03  4.597907E-08  4.563651E-08
   8.025001E+03  5.474739E-08  5.268583E-08
   8.055001E+03  1.523858E-07  3.900167E-08
   8.085001E+03  3.633473E-08  3.727462E-08
   8.115001E+03  4.532240E-08  4.563508E-08
   8.145001E+03  5.375088E-08  5.268449E-08
   8.175001E+03  1.058351E-07  8.327294E-08
   8.205001E+03  1.843595E-08  1.740996E-09
   8.235001E+03  1.995319E-08  1.819900E-09
   8.265001E+03  4.405608E-08  4.563275E-08
   8.295001E+03  3.682115E-08  3.729121E-08
   8.325001E+03  1.792615E-08  1.724534E-09
   8.355001E+03  4.429053E-08  4.563352E-08
   8.385001E+03  2.759559E-08  2.638634E-08
   8.415001E+03  4.404817E-08  4.563337E-08
   8.445001E+03  3.593688E-08  3.727392E-08
   8.475001E+03  3.444126E-08  3.727045E-08
   8.505001E+03  2.612537E-08  2.638192E-08
   8.535001E+03  3.631036E-08  3.727473E-08
   8.565001E+03  7.205987E-08  6.451402E-08
   8.595001E+03  5.349801E-08  5.268650E-08
   8.625001E+03  2.629563E-08  2.638254E-08
   8.655001E+03  1.960398E-08  2.067109E-09
   8.685001E+03  2.589415E-08  2.638352E-08
   8.715001E+03  4.389612E-08  4.563251E-08
   8.745001E+03  2.629906E-08  2.638301E-08
   8.775001E+03  7.023460E-08  6.451174E-08
   8.805001E+03  2.583256E-08  2.638146E-08
   8.835001E+03  2.596667E-08  2.638392E-08
   8.865001E+03  3.491097E-08  3.727501E-08
   8.895001E+03  4.434239E-08  4.563618E-08
   8.925001E+03  3.507697E-08  3.727490E-08
   8.955001E+03  4.359201E-08  4.563285E-08
   8.985001E+03  1.678169E-08  1.662478E-09
   9.015001E+03  7.055280E-08  6.451303E-08
   9.045001E+03  5.185714E-08  5.268395E-08
   9.075001E+03  3.517855E-08  3.727218E-08
   9.105001E+03  2.322495E-07  4.023519E-08
   9.135001E+03  1.720739E-08  1.679176E-09
   9.165001E+03  1.710730E-06  6.376963E-08
   9.195001E+03  3.368058E-08  3.726847E-08
   9.225001E+03  4.247052E-08  4.562975E-08
   9.255001E+03  3.405886E-08  3.726936E-08
   9.285001E+03  2.547385E-08  2.638007E-08
   9.315001E+03  2.487484E-08  2.637798E-08
   9.345001E+03  3.307677E-08  3.726690E-08
   9.375001E+03  4.320443E-08  4.563133E-08
   9.405001E+03  4.184439E-08  4.562887E-08
   9.435001E+03  2.440285E-08  2.637650E-08
   9.465001E+03  3.387246E-08  3.726930E-08
   9.495001E+03  5.121401E-08  5.268051E-08
   9.525001E+03  4.336577E-08  4.563146E-08
   9.555001E+03  3.259791E-08  3.726607E-08
   9.585001E+03  2.490054E-08  2.637812E-08
   9.615001E+03  2.480893E-08  2.637818E-08
   9.645001E+03  5.136065E-08  3.754432E-08
   9.675001E+03  3.347141E-08  3.726974E-08
   9.705001E+03  3.366444E-08  3.726885E-08
   9.735001E+03  5.112933E-08  5.268041E-08
   9.765001E+03  2.370430E-08  2.637373E-08
   9.795001E+03  4.934914E-08  5.267747E-08
   9.825001E+03  2.398508E-08  2.637612E-08
   9.855001E+03  2.380899E-08  2.637503E-08
   9.885001E+03  2.432183E-08  2.637646E-08
   9.915001E+03  3.244573E-08  3.726594E-08
   9.945001E+03  2.508344E-08  2.638127E-08
   9.975001E+03  4.129070E-08  4.562817E-08
   1.000500E+04  4.196042E-08  4.562928E-08
   1.003500E+04  1.601487E-08  1.630305E-09
   1.006500E+04  2.280590E-08  2.637114E-08
   1.009500E+04  3.194878E-08  3.726480E-08
   1.012500E+04  3.292361E-08  3.726749E-08
   1.015500E+04  4.864647E-08  5.267651E-08
   1.018500E+04  1.427896E-08  1.539553E-09
   1.021500E+04  1.472589E-08  1.567100E-09
   1.024500E+04  4.961375E-08  5.267808E-08
   1.027500E+04  3.248890E-08  3.726946E-08
   1.030500E+04  3.160467E-08  3.726591E-08
   1.033500E+04  1.438452E-08  1.581844E-09
   1.036500E+04  4.057940E-08  4.562662E-08
   1.039500E+04  3.190576E-08  3.726632E-08
   1.042500E+04  5.890935E-08  5.889355E-08
   1.045500E+04  4.045621E-08  4.562655E-08
   1.048500E+04  2.353015E-08  2.637612E-08
   1.051500E+04  8.051434E-08  4.611401E-08
   1.054500E+04  3.977168E-08  5.614681E-09
   1.057500E+04  2.330485E-08  2.637845E-08
   1.060500E+04  2.333838E-08  2.637850E-08
   1.063500E+04  1.385551E-08  1.557244E-09
   1.066500E+04  3.976981E-08  4.562509E-08
   1.069500E+04  6.844113E-07  3.885379E-08
   1.072500E+04  3.096828E-08  3.726610E-08
   1.075500E+04  2.220719E-08  2.637204E-08
   1.078500E+04  3.128765E-08  3.726331E-08
   1.081500E+04  3.106654E-08  3.726268E-08
   1.084500E+04  4.033470E-08  4.562619E-08
   1.087500E+04  7.361339E-08  2.763949E-08
   1.090500E+04  3.736243E-07  3.323315E-08
   1.093500E+04  1.364185E-08  1.515625E-09
   1.096500E+04  5.785760E-08  5.889022E-08
   1.099500E+04  3.961040E-08  4.562475E-08
   1.102500E+04  1.336483E-08  1.488788E-09
   1.105500E+04  2.150634E-08  2.636754E-08
   1.108500E+04  1.439979E-08  1.552573E-09
   1.111500E+04  3.395886E-08  3.731934E-08
   1.114500E+04  4.099209E-08  4.564506E-08
   1.117500E+04  3.094975E-08  3.726479E-08
   1.120500E+04  5.176366E-08  3.766693E-08
   1.123500E+04  3.850988E-08  4.562299E-08
   1.126500E+04  2.121388E-08  2.636644E-08
   1.129500E+04  4.101771E-08  4.564653E-08
   1.132500E+04  2.138408E-08  2.636735E-08
   1.135500E+04  1.281972E-08  1.461342E-09
   1.138500E+04  6.587736E-08  6.451475E-08
   1.141500E+04  2.134809E-08  2.636734E-08
   1.144500E+04  2.096535E-08  2.636634E-08
   1.147500E+04  2.907150E-08  3.725881E-08
   1.150500E+04  2.117303E-08  2.636649E-08
   1.153500E+04  2.937049E-08  3.725903E-08
   1.156500E+04  3.879777E-08  4.562480E-08
   1.159500E+04  2.189423E-08  2.636906E-08
   1.162500E+04  2.919508E-08  3.725895E-08
   1.165500E+04  3.794245E-08  4.562189E-08
   1.168500E+04  2.966055E-08  3.725976E-08
   1.171500E+04  4.630709E-08  5.267292E-08
   1.174500E+04  3.786728E-08  4.562149E-08
   1.177500E+04  1.197803E-08  1.409171E-09
   1.180500E+04  3.842028E-08  4.562302E-08
   1.183500E+04  2.046074E-08  2.636432E-08
   1.186500E+04  2.016313E-08  2.636373E-08
   1.189500E+04  1.241157E-08  1.438657E-09
   1.192500E+04  1.180090E-08  1.403199E-09
   1.195500E+04  2.876702E-08  3.725781E-08
   1.198500E+04  2.960562E-08  3.725988E-08
   1.201500E+04  2.110975E-08  2.636901E-08
   1.204500E+04  2.071986E-08  2.636546E-08
   1.207500E+04  2.896028E-08  3.725845E-08
   1.210500E+04  1.195812E-08  1.402402E-09
   1.213500E+04  1.130987E-08  1.414458E-09
   1.216500E+04  2.913912E-08  3.725882E-08
   1.219500E+04  1.570366E-08  2.708535E-09
   1.222500E+04  2.001655E-08  2.636325E-08
   1.225500E+04  1.175755E-08  1.387188E-09
   1.228500E+04  2.031554E-08  2.636356E-08
   1.231500E+04  1.951190E-08  2.636167E-08
   1.234500E+04  3.772551E-08  4.562129E-08
   1.237500E+04  3.731533E-08  4.562174E-08
   1.240500E+04  1.069763E-08  1.333654E-09
   1.243500E+04  1.108656E-08  1.350200E-09
   1.246500E+04  2.008898E-08  2.636339E-08
   1.249500E+04  2.000272E-08  2.636302E-08
   1.252500E+04  1.069043E-08  1.329921E-09
   1.255500E+04  1.578310E-07  3.916463E-08
   1.258500E+04  1.144081E-08  1.382201E-09
   1.261500E+04  1.120121E-08  1.366199E-09
   1.264500E+04  1.130453E-08  1.375152E-09
   1.267500E+04  1.102192E-08  1.352085E-09
   1.270500E+04  1.929294E-08  2.636062E-08
   1.273500E+04  1.076217E-08  1.335433E-09
   1.276500E+04  2.028291E-08  2.638312E-08
   1.279500E+04  2.062141E-08  2.637913E-08
   1.282500E+04  5.686264E-08  5.284376E-08
   1.285500E+04  1.989759E-08  3.433485E-09
   1.288500E+04  1.105361E-08  1.350191E-09
   1.291500E+04  4.353966E-08  3.756458E-08
   1.294500E+04  1.008902E-08  1.286634E-09
   1.297500E+04  1.948311E-08  2.636160E-08
   1.300500E+04  2.805543E-08  3.725618E-08
   1.303500E+04  1.900185E-08  2.636036E-08
   1.306500E+04  9.864522E-09  1.274305E-09
   1.309500E+04  1.002127E-08  1.432755E-09
   1.312500E+04  1.823224E-08  2.635717E-08
   1.315500E+04  1.085313E-08  1.350770E-09
   1.318500E+04  1.077281E-08  1.347184E-09
   1.321500E+04  1.054385E-08  1.320408E-09
   1.324500E+04  1.884257E-08  2.635977E-08
   1.327500E+04  1.030768E-08  1.311900E-09
   1.330500E+04  9.499967E-09  1.258762E-09
   1.333500E+04  3.852649E-08  4.565558E-08
   1.336500E+04  1.057783E-08  1.325384E-09
   1.339500E+04  9.677445E-09  1.252218E-09
   1.342500E+04  9.977455E-09  1.289050E-09
   1.345500E+04  1.860675E-08  2.635866E-08
   1.348500E+04  9.376389E-09  1.254645E-09
   1.351500E+04  1.000423E-08  1.290300E-09
   1.354500E+04  2.740939E-08  3.725485E-08
   1.357500E+04  1.812961E-08  2.635656E-08
   1.360500E+04  2.763629E-08  3.725532E-08
   1.363500E+04  1.893388E-08  2.635986E-08
   1.366500E+04  4.458594E-08  5.267006E-08
   1.369500E+04  9.506148E-09  1.255449E-09
   1.372500E+04  1.884978E-08  2.635990E-08
   1.375500E+04  1.905815E-08  2.635992E-08
   1.378500E+04  1.860435E-08  2.635865E-08
   1.381500E+04  9.813713E-09  1.283147E-09
   1.384500E+04  9.144683E-09  1.237989E-09
   1.387500E+04  9.467012E-09  1.260787E-09
   1.390500E+04  1.797308E-08  2.635646E-08
   1.393500E+04  3.614579E-08  4.561856E-08
   1.396500E+04  9.252471E-09  1.240176E-09
   1.399500E+04  3.530443E-08  4.561720E-08
   1.402500E+04  1.819620E-08  2.635734E-08
   1.405500E+04  1.806404E-08  2.635724E-08
   1.408500E+04  8.999483E-09  1.221656E-09
   1.411500E+04  1.856727E-08  2.635842E-08
   1.414500E+04  9.786938E-09  1.281889E-09
   1.417500E+04  1.825524E-08  2.635745E-08
   1.420500E+04  9.335887E-09  1.242396E-09
   1.423500E+04  2.738433E-08  3.725495E-08
   1.426500E+04  1.768404E-08  2.635577E-08
   1.429500E+04  1.739878E-08  2.635486E-08
   1.432500E+04  8.750611E-09  1.208700E-09
   1.435500E+04  9.426161E-09  1.261834E-09
   1.438500E+04  9.389776E-09  1.255287E-09
   1.441500E+04  9.461180E-09  1.250874E-09
   1.444500E+04  9.504084E-09  1.264352E-09
   1.447500E+04  9.735790E-09  1.280666E-09
   1.450500E+04  1.767168E-08  2.635609E-08
   1.453500E+04  9.506148E-09  1.255449E-09
   1.456500E+04  8.485610E-09  1.182705E-09
   1.459500E+04  1.773314E-08  2.635514E-08
   1.462500E+04  1.801289E-08  2.635718E-08
   1.465500E+04  1.756286E-08  2.635564E-08
   1.468500E+04  2.649938E-08  3.725293E-08
   1.471500E+04  9.621143E-09  1.261552E-09
   1.474500E+04  2.678773E-08  3.725356E-08
   1.477500E+04  1.737270E-08  2.635466E-08
   1.480500E+04  9.130268E-09  1.233242E-09
   1.483500E+04  8.893070E-09  1.213287E-09
   1.486500E+04  1.741595E-08  2.635467E-08
   1.489500E+04  1.738299E-08  2.635477E-08
   1.492500E+04  8.420048E-09  1.172934E-09
   1.495500E+04  2.605176E-08  3.725189E-08
   1.498500E+04  8.711136E-09  1.203595E-09
   1.501500E+04  8.704955E-09  1.207050E-09
   1.504500E+04  8.047598E-09  1.154962E-09
   1.507500E+04  9.577890E-09  1.263317E-09
   1.510500E+04  1.813407E-08  2.635732E-08
   1.513500E+04  1.731674E-08  2.635448E-08
   1.516500E+04  1.765349E-08  2.635593E-08
   1.519500E+04  1.718974E-08  2.635387E-08
   1.522500E+04  9.014585E-09  1.226722E-09
   1.525500E+04  8.076088E-09  1.161014E-09
   1.528500E+04  3.475829E-08  4.561621E-08
   1.531500E+04  8.081580E-09  1.160648E-09
   1.534500E+04  8.751299E-09  1.205602E-09
   1.537500E+04  8.064415E-09  1.164960E-09
   1.540500E+04  3.369690E-08  4.561424E-08
   1.543500E+04  3.453860E-08  4.561588E-08
   1.546500E+04  2.598551E-08  3.725168E-08
   1.549500E+04  2.607236E-08  3.725204E-08
   1.552500E+04  1.748014E-08  2.635539E-08
   1.555500E+04  1.665870E-08  2.635228E-08
   1.558500E+04  7.793234E-09  1.141621E-09
   1.561500E+04  1.704110E-08  2.635382E-08
   1.564500E+04  1.734592E-08  2.635460E-08
   1.567500E+04  1.680390E-08  2.635305E-08
   1.570500E+04  2.658623E-08  3.725330E-08
   1.573500E+04  8.351385E-09  1.189914E-09
   1.576500E+04  1.721891E-08  2.635399E-08
   1.579500E+04  1.663055E-08  2.635251E-08
   1.582500E+04  1.721342E-08  2.635401E-08
   1.585500E+04  7.197321E-09  1.090493E-09
   1.588500E+04  8.317064E-09  1.173447E-09
   1.591500E+04  7.878025E-09  1.137476E-09
   1.594500E+04  8.507232E-09  1.195248E-09
   1.597500E+04  7.893127E-09  1.142916E-09
   1.600500E+04  1.696077E-08  2.635363E-08
   1.603500E+04  1.619597E-08  2.635057E-08
   1.606500E+04  8.164308E-09  1.166230E-09
   1.609500E+04  1.665321E-08  2.635230E-08
   1.612500E+04  7.641165E-09  1.130899E-09
   1.615500E+04  7.609585E-09  1.126534E-09
   1.618500E+04  1.654679E-08  2.635191E-08
   1.621500E+04  1.684646E-08  2.635320E-08
   1.624500E+04  1.645411E-08  2.635205E-08
   1.627500E+04  3.480806E-08  4.561635E-08
   1.630500E+04  7.898959E-09  1.153757E-09
   1.633500E+04  8.033522E-09  1.157498E-09
   1.636500E+04  1.641120E-08  2.635140E-08
   1.639500E+04  1.633328E-08  2.635128E-08
   1.642500E+04  8.054805E-09  1.159257E-09
   1.645500E+04  2.501784E-08  3.724948E-08
   1.648500E+04  3.399314E-08  4.561474E-08
   1.651500E+04  7.463010E-09  1.115286E-09
   1.654500E+04  7.364492E-09  1.107225E-09
   1.657500E+04  7.016763E-09  1.072750E-09
   1.660500E+04  1.664703E-08  2.635246E-08
   1.663500E+04  2.550013E-08  3.725061E-08
   1.666500E+04  1.668170E-08  2.635257E-08
   1.669500E+04  7.345611E-09  1.106881E-09
   1.672500E+04  7.515184E-09  1.124842E-09
   1.675500E+04  6.957032E-09  1.073625E-09
   1.678500E+04  8.065102E-09  1.161746E-09
   1.681500E+04  8.010525E-09  1.151058E-09
   1.684500E+04  2.452147E-08  3.724844E-08
   1.687500E+04  1.680939E-08  2.635303E-08
   1.690500E+04  7.111503E-09  1.086440E-09
   1.693500E+04  1.683308E-08  2.635317E-08
   1.696500E+04  6.836544E-09  1.066845E-09
   1.699500E+04  7.160936E-09  1.082911E-09
   1.702500E+04  7.331197E-09  1.097862E-09
   1.705500E+04  7.473307E-09  1.117873E-09
   1.708500E+04  1.649805E-08  2.635192E-08
   1.711500E+04  7.525143E-09  1.115929E-09
   1.714500E+04  7.358999E-09  1.107609E-09
   1.717500E+04  1.606931E-08  2.635045E-08
   1.720500E+04  1.553484E-08  2.634845E-08
   1.723500E+04  7.943926E-09  1.160106E-09
   1.726500E+04  7.306137E-09  1.101303E-09
   1.729500E+04  2.461140E-08  3.724875E-08
   1.732500E+04  7.152354E-09  1.085224E-09
   1.735500E+04  1.564159E-08  2.634933E-08
   1.738500E+04  1.616164E-08  2.635095E-08
   1.741500E+04  1.656052E-08  2.635243E-08
   1.744500E+04  7.235769E-09  1.087760E-09
   1.747500E+04  6.768918E-09  1.066570E-09
   1.750500E+04  6.799471E-09  1.062617E-09
   1.753500E+04  1.575830E-08  2.634982E-08
   1.756500E+04  6.987586E-09  1.069698E-09
   1.759500E+04  7.677147E-09  1.133418E-09
   1.762500E+04  1.566047E-08  2.634934E-08
   1.765500E+04  7.305449E-09  1.104693E-09
   1.768500E+04  7.043189E-09  1.089608E-09
   1.771500E+04  6.932660E-09  1.073666E-09
   1.774500E+04  7.351104E-09  1.106496E-09
   1.777500E+04  1.573702E-08  2.634975E-08
   1.780500E+04  2.367497E-08  3.724634E-08
   1.783500E+04  6.774072E-09  1.054027E-09
   1.786500E+04  1.545039E-08  2.634912E-08
   1.789500E+04  6.537900E-09  1.043347E-09
   1.792500E+04  7.169858E-09  1.092442E-09
   1.795500E+04  1.574972E-08  2.634992E-08
   1.798500E+04  6.689968E-09  1.054960E-09
   1.801500E+04  2.397704E-08  3.724730E-08
   1.804500E+04  1.527361E-08  2.634817E-08
   1.807500E+04  7.043877E-09  1.086170E-09
   1.810500E+04  6.768918E-09  1.066570E-09
   1.813500E+04  2.436322E-08  3.724822E-08
   1.816500E+04  6.683788E-09  1.058900E-09
   1.819500E+04  7.018129E-09  1.093074E-09
   1.822500E+04  7.170885E-09  1.100772E-09
   1.825500E+04  6.349130E-09  1.021984E-09
   1.828500E+04  2.387681E-08  3.724691E-08
   1.831500E+04  6.887004E-09  1.071808E-09
   1.834500E+04  7.005090E-09  1.077020E-09
   1.837500E+04  1.549124E-08  2.634907E-08
   1.840500E+04  1.608063E-08  2.635091E-08
   1.843500E+04  6.190510E-09  1.019395E-09
   1.846500E+04  6.655298E-09  1.052260E-09
   1.849500E+04  1.575281E-08  2.634984E-08
   1.852500E+04  1.503641E-08  2.634740E-08
   1.855500E+04  6.036040E-09  1.005726E-09
   1.858500E+04  1.532818E-08  2.634864E-08
   1.861500E+04  6.276329E-09  1.023715E-09
   1.864500E+04  6.047713E-09  1.001152E-09
   1.867500E+04  6.228271E-09  1.020142E-09
   1.870500E+04  6.972135E-09  1.079387E-09
   1.873500E+04  1.573050E-08  2.634951E-08
   1.876500E+04  6.572570E-09  1.046070E-09
   1.879500E+04  1.502336E-08  2.634786E-08
   1.882500E+04  6.253331E-09  1.016427E-09
   1.885500E+04  6.310999E-09  1.026489E-09
   1.888500E+04  1.527910E-08  2.634816E-08
   1.891500E+04  1.507554E-08  2.634715E-08
   1.894500E+04  6.428397E-09  1.035548E-09
   1.897500E+04  6.607928E-09  1.045214E-09
   1.900500E+04  6.503601E-09  1.035438E-09
   1.903500E+04  6.543732E-09  1.055212E-09
   1.906500E+04  1.563403E-08  2.634977E-08
   1.909500E+04  3.284354E-08  4.561270E-08
   1.912500E+04  1.524855E-08  2.634832E-08
   1.915500E+04  6.477830E-09  1.031845E-09
   1.918500E+04  1.486546E-08  2.634692E-08
   1.921500E+04  6.600372E-09  1.056294E-09
   1.924500E+04  6.401622E-09  1.033989E-09
   1.927500E+04  1.504121E-08  2.634753E-08
   1.930500E+04  5.750096E-09  9.853892E-10
   1.933500E+04  6.320608E-09  1.032926E-09
   1.936500E+04  6.208364E-09  1.010771E-09
   1.939500E+04  5.775844E-09  9.777253E-10
   1.942500E+04  1.479160E-08  2.634624E-08
   1.945500E+04  6.139362E-09  1.017855E-09
   1.948500E+04  5.937522E-09  9.967795E-10
   1.951500E+04  6.268434E-09  1.022511E-09
   1.954500E+04  6.133870E-09  1.018273E-09
   1.957500E+04  1.495128E-08  2.634709E-08
   1.960500E+04  1.490871E-08  2.634694E-08
   1.963500E+04  6.292119E-09  1.026118E-09
   1.966500E+04  6.235478E-09  1.025004E-09
   1.969500E+04  1.441543E-08  2.634538E-08
   1.972500E+04  6.339489E-09  1.033295E-09
   1.975500E+04  1.465023E-08  2.634609E-08
   1.978500E+04  6.072086E-09  1.001108E-09
   1.981500E+04  5.579147E-09  9.725546E-10
   1.984500E+04  5.955375E-09  9.879579E-10
   1.987500E+04  1.482701E-08  2.634704E-08
   1.990500E+04  5.980087E-09  1.000860E-09
   1.993500E+04  5.588418E-09  9.661103E-10
   1.996500E+04  5.928251E-09  1.003027E-09
   1.999500E+04  6.367978E-09  1.040055E-09
   2.002500E+04  5.456944E-09  9.594561E-10
   2.005500E+04  1.447619E-08  2.634569E-08
   2.008500E+04  5.988670E-09  9.983517E-10
   2.011500E+04  1.470961E-08  2.634668E-08
   2.014500E+04  6.289028E-09  1.028145E-09
   2.017500E+04  1.434232E-08  2.634538E-08
   2.020500E+04  5.407860E-09  9.460360E-10
   2.023500E+04  5.707128E-09  9.757372E-10
   2.026500E+04  1.429083E-08  2.634484E-08
   2.029500E+04  1.432132E-08  2.634496E-08
   2.032500E+04  5.587116E-09  1.318346E-09
   2.035500E+04  1.437767E-08  2.634535E-08
   2.038500E+04  5.455917E-09  9.498871E-10
   2.041500E+04  5.638878E-09  9.715885E-10
   2.044500E+04  1.476585E-08  2.634652E-08
   2.047500E+04  5.465527E-09  9.568390E-10
   2.050500E+04  5.406769E-09  9.442911E-10
   2.053500E+04  6.068615E-09  1.010597E-09
   2.056500E+04  1.477111E-08  2.634658E-08
   2.059500E+04  1.399012E-08  2.634432E-08
   2.062500E+04  6.125677E-09  1.354577E-09
   2.065500E+04  5.350129E-09  9.430797E-10
   2.068500E+04  5.448022E-09  9.485896E-10
   2.071500E+04  5.223143E-09  9.380506E-10
   2.074500E+04  5.677570E-09  9.783768E-10
   2.077500E+04  5.749408E-09  9.891765E-10
   2.080500E+04  1.395785E-08  2.634428E-08
   2.083500E+04  5.250923E-09  9.375291E-10
   2.086500E+04  5.518006E-09  1.312414E-09
   2.089500E+04  5.557462E-09  9.648884E-10
   2.092500E+04  5.307966E-09  9.444702E-10
   2.095500E+04  5.705150E-09  9.909591E-10
   2.098500E+04  5.524570E-09  9.597610E-10
   2.101500E+04  6.039171E-09  1.354080E-09
   2.104500E+04  5.955417E-09  1.342488E-09
   2.107500E+04  5.608008E-09  9.742314E-10
   2.110500E+04  1.441028E-08  2.634588E-08
   2.113500E+04  5.153029E-09  9.319538E-10
   2.116500E+04  5.698545E-09  9.783037E-10
   2.119500E+04  2.311987E-08  3.724528E-08
   2.122500E+04  5.525968E-09  9.636693E-10
   2.125500E+04  5.364607E-09  9.456799E-10
   2.128500E+04  5.342234E-09  9.417728E-10
   2.131500E+04  5.515987E-09  9.623701E-10
   2.134500E+04  2.276699E-08  3.724462E-08
   2.137500E+04  5.579835E-09  9.687023E-10
   2.140500E+04  5.004517E-09  9.142266E-10
   2.143500E+04  5.401679E-09  9.504278E-10
   2.146500E+04  1.407834E-08  2.634455E-08
   2.149500E+04  5.712335E-09  9.846155E-10
   2.152500E+04  1.421702E-08  2.634498E-08
   2.155500E+04  5.474449E-09  9.676129E-10
   2.158500E+04  5.050109E-09  9.273072E-10
   2.161500E+04  5.379709E-09  9.522160E-10
   2.164500E+04  5.349188E-09  9.373531E-10
   2.167500E+04  5.091362E-09  9.289277E-10
   2.170500E+04  5.387287E-09  9.517898E-10
   2.173500E+04  1.409073E-08  2.634466E-08
   2.176500E+04  1.409482E-08  2.634450E-08
   2.179500E+04  5.340234E-09  9.457266E-10
   2.182500E+04  5.937880E-09  1.350206E-09
   2.185500E+04  5.572967E-09  9.768271E-10
   2.188500E+04  5.137705E-09  9.270469E-10
   2.191500E+04  4.815376E-09  8.957901E-10
   2.194500E+04  5.132213E-09  9.275055E-10
   2.197500E+04  1.402479E-08  2.634443E-08
   2.200500E+04  4.472774E-08  1.139060E-08
   2.203500E+04  5.005544E-09  9.241649E-10
   2.206500E+04  1.417036E-08  2.634499E-08
   2.209500E+04  1.340142E-08  2.634234E-08
   2.212500E+04  1.367940E-08  2.634335E-08
   2.215500E+04  7.410053E-08  1.371427E-08
   2.218500E+04  4.652323E-09  8.830476E-10
   2.221500E+04  4.721663E-09  8.894665E-10
   2.224500E+04  5.603203E-09  9.708240E-10
   2.227500E+04  5.008634E-09  9.219091E-10
   2.230500E+04  5.072482E-09  9.285174E-10
   2.233500E+04  4.530808E-09  8.642845E-10
   2.236500E+04  5.185075E-09  9.349843E-10
   2.239500E+04  4.783109E-09  8.944635E-10
   2.242500E+04  5.513585E-09  9.606468E-10
   2.245500E+04  5.370438E-09  9.587537E-10
   2.248500E+04  4.875044E-09  9.030692E-10
   2.251500E+04  5.016190E-09  9.091925E-10
   2.254500E+04  5.183985E-09  9.332188E-10
   2.257500E+04  4.947189E-09  9.170617E-10
   2.260500E+04  5.144913E-09  9.323934E-10
   2.263500E+04  4.919387E-09  9.052658E-10
   2.266500E+04  1.391838E-08  2.634404E-08
   2.269500E+04  4.319009E-09  8.511741E-10
   2.272500E+04  4.433666E-09  8.450527E-10
   2.275500E+04  4.646830E-09  8.835290E-10
   2.278500E+04  1.347834E-08  2.634254E-08
   2.281500E+04  4.941696E-09  9.175253E-10
   2.284500E+04  4.667796E-09  8.839824E-10
   2.287500E+04  4.823271E-09  8.971640E-10
   2.290500E+04  4.849359E-09  9.031096E-10
   2.293500E+04  4.876822E-09  9.007520E-10
   2.296500E+04  4.854851E-09  9.026386E-10
   2.299500E+04  4.404139E-09  8.606984E-10
   2.302500E+04  4.787511E-09  8.921412E-10
   2.305500E+04  1.312846E-08  2.634140E-08
   2.308500E+04  5.194346E-09  9.282793E-10
   2.311500E+04  5.104347E-09  9.239820E-10
   2.314500E+04  4.643740E-09  8.858826E-10
   2.317500E+04  4.712393E-09  8.964619E-10
   2.320500E+04  4.464897E-09  8.701692E-10
   2.323500E+04  5.082779E-09  9.316231E-10
   2.326500E+04  4.753931E-09  8.908005E-10
   2.329500E+04  1.348143E-08  2.634246E-08
   2.332500E+04  1.364102E-08  2.634318E-08
   2.335500E+04  4.625209E-09  8.664864E-10
   2.338500E+04  4.455287E-09  8.625189E-10
   2.341500E+04  1.346904E-08  2.634235E-08
   2.344500E+04  4.251754E-09  8.444872E-10
   2.347500E+04  5.051199E-09  9.263198E-10
   2.350500E+04  4.423707E-09  8.567880E-10
   2.353500E+04  4.800613E-09  9.032075E-10
   2.356500E+04  1.306501E-08  2.634137E-08
   2.359500E+04  5.065985E-09  9.312350E-10
   2.362500E+04  4.854449E-09  8.966491E-10
   2.365500E+04  1.291535E-08  2.634097E-08
   2.368500E+04  1.355589E-08  2.634287E-08
   2.371500E+04  4.067735E-09  8.304758E-10
   2.374500E+04  4.422331E-09  8.654722E-10
   2.377500E+04  4.592592E-09  8.841102E-10
   2.380500E+04  1.363003E-08  2.634321E-08
   2.383500E+04  4.873044E-09  9.071917E-10
   2.386500E+04  4.763541E-09  8.982099E-10
   2.389500E+04  1.323047E-08  2.634187E-08
   2.392500E+04  4.812305E-09  1.268993E-09
   2.395500E+04  4.152865E-09  8.402348E-10
   2.398500E+04  4.616965E-09  8.840602E-10
   2.401500E+04  4.542820E-09  8.738175E-10
   2.404500E+04  4.552090E-09  8.666394E-10
   2.407500E+04  4.258590E-09  8.566524E-10
   2.410500E+04  4.598085E-09  8.836290E-10
   2.413500E+04  4.389376E-09  8.684155E-10
   2.416500E+04  4.387661E-09  8.621794E-10
   2.419500E+04  5.062872E-09  9.213517E-10
   2.422500E+04  4.051257E-09  8.320106E-10
   2.425500E+04  1.295620E-08  2.634092E-08
   2.428500E+04  4.327592E-09  8.482230E-10
   2.431500E+04  4.674632E-09  8.956113E-10
   2.434500E+04  4.498879E-09  8.777024E-10
   2.437500E+04  4.328618E-09  8.589254E-10
   2.440500E+04  4.348186E-09  8.550069E-10
   2.443500E+04  4.518447E-09  8.738681E-10
   2.446500E+04  3.974709E-09  8.190984E-10
   2.449500E+04  4.583693E-09  8.850938E-10
   2.452500E+04  1.329912E-08  2.634222E-08
   2.455500E+04  4.318321E-09  8.555557E-10
   2.458500E+04  4.423019E-09  8.611410E-10
   2.461500E+04  4.041647E-09  8.240061E-10
   2.464500E+04  4.386635E-09  8.515180E-10
   2.467500E+04  4.280222E-09  8.394655E-10
   2.470500E+04  1.289406E-08  2.634090E-08
   2.473500E+04  4.412034E-09  8.621282E-10
   2.476500E+04  1.281683E-08  2.634063E-08
   2.479500E+04  3.907771E-09  8.141610E-10
   2.482500E+04  1.263627E-08  2.633991E-08
   2.485500E+04  3.648263E-09  7.744923E-10
   2.488500E+04  3.776986E-09  8.016020E-10
   2.491500E+04  1.021264E-08  4.027447E-09
   2.494500E+04  2.530364E-08  7.634238E-09
   2.497500E+04  4.061215E-09  8.199208E-10
   2.500500E+04  4.373586E-09  8.655743E-10
   2.503500E+04  4.326904E-09  8.526199E-10
   2.506500E+04  4.241773E-09  8.430043E-10
   2.509500E+04  4.014872E-09  8.220466E-10
   2.512500E+04  4.222893E-09  8.425521E-10
   2.515500E+04  1.304001E-08  2.634125E-08
   2.518500E+04  3.825043E-09  8.061436E-10
   2.521500E+04  3.995992E-09  8.215828E-10
   2.524500E+04  1.263249E-08  2.634013E-08
   2.527500E+04  3.783854E-09  7.916808E-10
   2.530500E+04  1.244644E-08  2.633941E-08
   2.533500E+04  4.086615E-09  8.309346E-10
   2.536500E+04  4.069449E-09  8.369481E-10
   2.539500E+04  1.322429E-08  2.634202E-08
   2.542500E+04  8.416504E-09  3.331699E-09
   2.545500E+04  1.295929E-08  2.634084E-08
   2.548500E+04  4.100002E-09  8.319045E-10
   2.551500E+04  4.001485E-09  8.210650E-10
   2.554500E+04  4.132609E-09  8.486394E-10
   2.557500E+04  4.119571E-09  8.278581E-10
   2.560500E+04  4.112702E-09  8.373507E-10
   2.563500E+04  1.269943E-08  2.634028E-08
   2.566500E+04  4.179640E-09  8.421520E-10
   2.569500E+04  4.097600E-09  8.299103E-10
   2.572500E+04  3.943129E-09  8.130614E-10
   2.575500E+04  4.275068E-09  8.551618E-10
   2.578500E+04  3.753301E-09  7.969791E-10
   2.581500E+04  4.129868E-09  8.313400E-10
   2.584500E+04  3.985007E-09  8.226174E-10
   2.587500E+04  4.178952E-09  8.465804E-10
   2.590500E+04  4.132270E-09  8.333307E-10
   2.593500E+04  1.264417E-08  2.633995E-08
   2.596500E+04  4.205040E-09  8.528788E-10
   2.599500E+04  3.861428E-09  8.163018E-10
   2.602500E+04  3.845299E-09  7.972911E-10
   2.605500E+04  3.910862E-09  8.115995E-10
   2.608500E+04  1.230982E-08  2.633856E-08
   2.611500E+04  1.205786E-08  2.633804E-08
   2.614500E+04  1.275058E-08  2.634034E-08
   2.617500E+04  3.711423E-09  7.871118E-10
   2.620500E+04  4.483777E-09  8.706070E-10
   2.623500E+04  3.620113E-09  7.820289E-10
   2.626500E+04  3.255219E-09  7.392147E-10
   2.629500E+04  3.784193E-09  8.077793E-10
   2.632500E+04  3.866921E-09  8.157806E-10
   2.635500E+04  3.922186E-09  8.262817E-10
   2.638500E+04  1.253466E-08  2.633964E-08
   2.641500E+04  3.553175E-09  7.768559E-10
   2.644500E+04  3.662678E-09  7.872240E-10
   2.647500E+04  3.775271E-09  7.948418E-10
   2.650500E+04  3.396989E-09  7.516849E-10
   2.653500E+04  3.279591E-09  7.391551E-10
   2.656500E+04  3.882372E-09  8.029172E-10
   2.659500E+04  3.633500E-09  7.830594E-10
   2.662500E+04  1.209253E-08  2.633815E-08
   2.665500E+04  3.576860E-09  7.815978E-10
   2.668500E+04  3.422050E-09  7.466349E-10
   2.671500E+04  4.036155E-09  8.245221E-10
   2.674500E+04  1.231634E-08  2.633889E-08
   2.677500E+04  3.862804E-09  8.070886E-10
   2.680500E+04  3.435777E-09  7.647387E-10
   2.683500E+04  3.404197E-09  7.582690E-10
   2.686500E+04  3.555577E-09  7.789859E-10
   2.689500E+04  3.300186E-09  7.469302E-10
   2.692500E+04  3.364722E-09  7.501033E-10
   2.695500E+04  3.281306E-09  7.464197E-10
   2.698500E+04  3.819551E-09  8.066709E-10
   2.701500E+04  3.282333E-09  7.585597E-10
   2.704500E+04  3.709360E-09  8.012365E-10
   2.707500E+04  3.358541E-09  7.556347E-10
   2.710500E+04  3.537385E-09  7.789297E-10
   2.713500E+04  3.504429E-09  7.769695E-10
   2.716500E+04  3.416896E-09  7.642401E-10
   2.719500E+04  3.429596E-09  7.701650E-10
   2.722500E+04  1.219826E-08  2.633867E-08
   2.725500E+04  3.377421E-09  7.561390E-10
   2.728500E+04  3.227755E-09  7.420856E-10
   2.731500E+04  3.444359E-09  7.614528E-10
   2.734500E+04  3.256933E-09  7.464788E-10
   2.737500E+04  3.523997E-09  7.726355E-10
   2.740500E+04  3.208875E-09  7.415718E-10
   2.743500E+04  3.725150E-09  8.043051E-10
   2.746500E+04  3.151208E-09  7.275790E-10
   2.749500E+04  2.848786E-09  7.010171E-10
   2.752500E+04  3.627320E-09  7.883596E-10
   2.755500E+04  3.292291E-09  7.452794E-10
   2.758500E+04  2.929111E-09  7.078857E-10
   2.761500E+04  3.123745E-09  7.304956E-10
   2.764500E+04  3.067104E-09  7.289286E-10
   2.767500E+04  3.614620E-09  7.825725E-10
   2.770500E+04  2.995362E-09  7.187801E-10
   2.773500E+04  3.285423E-09  7.558098E-10
   2.776500E+04  2.803818E-09  6.927904E-10
   2.779500E+04  1.207605E-08  2.633819E-08
   2.782500E+04  3.213680E-09  7.460271E-10
   2.785500E+04  3.104177E-09  7.350781E-10
   2.788500E+04  2.856342E-09  6.842073E-10
   2.791500E+04  3.111045E-09  7.242463E-10
   2.794500E+04  3.074999E-09  7.306163E-10
   2.797500E+04  2.628753E-09  6.638680E-10
   2.800500E+04  2.747866E-09  6.857064E-10
   2.803500E+04  3.012866E-09  7.296326E-10
   2.806500E+04  2.977169E-09  7.130246E-10
   2.809500E+04  2.880027E-09  6.895866E-10
   2.812500E+04  3.211278E-09  7.438028E-10
   2.815500E+04  3.376734E-09  7.610680E-10
   2.818500E+04  3.123057E-09  7.355965E-10
   2.821500E+04  2.907829E-09  7.050007E-10
   2.824500E+04  3.331766E-09  7.534973E-10
   2.827500E+04  3.123745E-09  7.304956E-10
   2.830500E+04  2.691913E-09  6.785483E-10
   2.833500E+04  2.625663E-09  6.669971E-10
   2.836500E+04  2.726583E-09  6.827276E-10
   2.839500E+04  2.784938E-09  6.922400E-10
   2.842500E+04  2.868354E-09  6.962105E-10
   2.845500E+04  2.724181E-09  6.802963E-10
   2.848500E+04  2.764343E-09  6.838433E-10
   2.851500E+04  2.657243E-09  6.743431E-10
   2.854500E+04  3.071909E-09  7.334607E-10
   2.857500E+04  2.564905E-09  6.545929E-10
   2.860500E+04  2.580007E-09  6.640007E-10
   2.863500E+04  2.529547E-09  6.559581E-10
   2.866500E+04  3.026942E-09  7.256020E-10
   2.869500E+04  2.499682E-09  6.566732E-10
   2.872500E+04  2.690537E-09  6.894813E-10
   2.875500E+04  2.460207E-09  6.472269E-10
   2.878500E+04  2.937006E-09  7.096235E-10
   2.881500E+04  2.637675E-09  6.793045E-10
   2.884500E+04  2.686420E-09  6.791747E-10
   2.887500E+04  2.707703E-09  6.821690E-10
   2.890500E+04  2.340406E-09  6.300066E-10
   2.893500E+04  2.422446E-09  6.460479E-10
   2.896500E+04  2.014299E-09  5.929340E-10
   2.899500E+04  2.371986E-09  6.377789E-10
   2.902500E+04  2.603004E-09  6.751040E-10
   2.905500E+04  2.879678E-09  7.132719E-10
   2.908500E+04  2.109727E-09  6.112719E-10
   2.911500E+04  2.246693E-09  6.209815E-10
   2.914500E+04  1.844039E-09  5.647654E-10
   2.917500E+04  2.350016E-09  6.404404E-10
   2.920500E+04  2.238110E-09  6.250063E-10
   2.923500E+04  1.908574E-09  5.689558E-10
   2.926500E+04  2.093937E-09  6.072285E-10
   2.929500E+04  1.681673E-09  5.374128E-10
   2.932500E+04  2.030089E-09  5.970741E-10
   2.935500E+04  2.090847E-09  6.106479E-10
   2.938500E+04  2.141995E-09  6.132117E-10
   2.941500E+04  2.045191E-09  6.073735E-10
   2.944500E+04  2.060981E-09  6.114159E-10
   2.947500E+04  1.830651E-09  5.633356E-10
   2.950500E+04  1.625032E-09  5.352804E-10
   2.953500E+04  2.008119E-09  5.999162E-10
   2.956500E+04  1.361059E-09  4.925681E-10
   2.959500E+04  1.733848E-09  5.569747E-10
   2.962500E+04  1.963151E-09  5.902820E-10
   2.965500E+04  1.637732E-09  5.437061E-10
   2.968500E+04  1.446189E-09  5.088506E-10
   2.971500E+04  1.488066E-09  5.239847E-10
   2.974500E+04  1.192512E-09  4.698982E-10
   2.977500E+04  1.267345E-09  4.809705E-10
   2.980500E+04  1.147545E-09  4.575342E-10
   2.983500E+04  8.756761E-10  4.036976E-10
   2.986500E+04  8.221258E-10  3.956258E-10
   2.989500E+04  8.513033E-10  4.038065E-10
   2.992500E+04  5.320646E-10  3.192377E-10
   2.995500E+04  4.311443E-10  2.840419E-10
   2.998500E+04  3.405213E-10  2.553905E-10
