 #  Results from PENEPMA.
 #  Energy distribution of upbound electrons.
 #  1st column: E (eV).
 #  2nd and 3rd columns: probability density and STU (1/(eV*particle)).

   1.500000E+01  1.000000E-35  1.000000E-35
   4.500000E+01  1.000000E-35  1.000000E-35
   7.500001E+01  1.000000E-35  1.000000E-35
   1.050000E+02  4.382355E-05  1.789430E-06
   1.350000E+02  3.495892E-05  1.573664E-06
   1.650000E+02  2.788435E-05  1.322489E-06
   1.950000E+02  1.871637E-05  1.157784E-06
   2.250000E+02  1.437045E-05  9.963607E-07
   2.550000E+02  1.038095E-05  8.697671E-07
   2.850000E+02  9.006209E-06  8.060243E-07
   3.150000E+02  8.997730E-06  8.081150E-07
   3.450000E+02  8.353592E-06  7.744184E-07
   3.750000E+02  7.951409E-06  7.530686E-07
   4.050000E+02  7.137032E-06  7.176465E-07
   4.350000E+02  6.963000E-06  7.015899E-07
   4.650000E+02  6.646451E-06  6.940455E-07
   4.950000E+02  6.523104E-06  6.875100E-07
   5.250001E+02  6.566232E-06  6.870473E-07
   5.550001E+02  6.095161E-06  6.628542E-07
   5.850001E+02  5.877064E-06  6.517484E-07
   6.150001E+02  5.552945E-06  6.328349E-07
   6.450001E+02  5.295129E-06  6.162300E-07
   6.750001E+02  5.324632E-06  6.167940E-07
   7.050001E+02  5.069654E-06  5.974739E-07
   7.350001E+02  5.104399E-06  6.020330E-07
   7.650001E+02  4.911364E-06  5.897800E-07
   7.950001E+02  4.606936E-06  5.658770E-07
   8.250001E+02  4.376344E-06  5.497045E-07
   8.550001E+02  4.116767E-06  5.317958E-07
   8.850001E+02  4.412335E-06  5.491580E-07
   9.150001E+02  4.378096E-06  5.459492E-07
   9.450001E+02  3.789359E-06  4.996539E-07
   9.750001E+02  4.030600E-06  5.146952E-07
   1.005000E+03  3.798472E-06  4.968609E-07
   1.035000E+03  3.721926E-06  4.871289E-07
   1.065000E+03  3.567840E-06  4.675981E-07
   1.095000E+03  3.419880E-06  4.629742E-07
   1.125000E+03  3.271783E-06  4.454942E-07
   1.155000E+03  3.445843E-06  4.608608E-07
   1.185000E+03  3.261524E-06  4.377736E-07
   1.215000E+03  3.234017E-06  4.400842E-07
   1.245000E+03  3.174633E-06  4.289597E-07
   1.275000E+03  3.559043E-06  4.594574E-07
   1.305000E+03  3.139939E-06  4.256946E-07
   1.335000E+03  2.966884E-06  4.082740E-07
   1.365000E+03  3.212184E-06  4.313770E-07
   1.395000E+03  3.021307E-06  4.108801E-07
   1.425000E+03  3.322155E-06  4.236148E-07
   1.455000E+03  3.109775E-06  4.101961E-07
   1.485000E+03  2.935094E-06  4.115621E-07
   1.515000E+03  2.949817E-06  4.014930E-07
   1.545000E+03  2.765430E-06  4.037514E-07
   1.575000E+03  2.802666E-06  4.046362E-07
   1.605000E+03  2.816367E-06  4.004798E-07
   1.635000E+03  2.787764E-06  3.961169E-07
   1.665000E+03  2.940378E-06  3.902326E-07
   1.695000E+03  2.683036E-06  3.756207E-07
   1.725000E+03  2.382052E-06  3.715616E-07
   1.755000E+03  2.532709E-06  3.642605E-07
   1.785000E+03  2.651745E-06  4.160702E-07
   1.815000E+03  2.307814E-06  3.786052E-07
   1.845000E+03  2.380902E-06  3.778648E-07
   1.875000E+03  2.100710E-06  3.531480E-07
   1.905000E+03  2.537731E-06  3.499308E-07
   1.935000E+03  2.105237E-06  3.782999E-07
   1.965000E+03  2.029448E-06  3.727581E-07
   1.995000E+03  1.994547E-06  3.470661E-07
   2.025000E+03  1.820299E-06  3.705813E-07
   2.055000E+03  1.638098E-06  3.513621E-07
   2.085000E+03  1.590677E-06  3.483666E-07
   2.115000E+03  1.653169E-06  3.543226E-07
   2.145000E+03  1.779896E-06  3.686726E-07
   2.175000E+03  1.498001E-06  3.352140E-07
   2.205000E+03  1.676265E-06  3.581797E-07
   2.235000E+03  1.796164E-06  3.714804E-07
   2.265000E+03  1.698665E-06  3.601027E-07
   2.295000E+03  1.378362E-06  3.246637E-07
   2.325000E+03  1.628341E-06  3.542608E-07
   2.355000E+03  1.548350E-06  3.443529E-07
   2.385000E+03  1.697906E-06  3.591664E-07
   2.415000E+03  1.494023E-06  3.382891E-07
   2.445000E+03  1.457541E-06  3.371776E-07
   2.475000E+03  1.404175E-06  3.299344E-07
   2.505000E+03  1.532167E-06  3.453243E-07
   2.535000E+03  1.644169E-06  3.600522E-07
   2.565000E+03  1.579466E-06  3.512779E-07
   2.595000E+03  1.571027E-06  3.502905E-07
   2.625000E+03  1.658521E-06  3.600541E-07
   2.655000E+03  1.517555E-06  3.442946E-07
   2.685000E+03  1.643509E-06  3.581205E-07
   2.715000E+03  1.334087E-06  3.224677E-07
   2.745000E+03  1.379454E-06  3.278156E-07
   2.775000E+03  1.506321E-06  3.423022E-07
   2.805000E+03  1.582755E-06  3.522473E-07
   2.835000E+03  1.622741E-06  3.561902E-07
   2.865000E+03  1.424966E-06  3.340861E-07
   2.895000E+03  1.249583E-06  3.126528E-07
   2.925000E+03  1.398170E-06  3.309433E-07
   2.955000E+03  1.505374E-06  3.432968E-07
   2.985000E+03  1.601467E-06  3.542116E-07
   3.015000E+03  1.568585E-06  3.502877E-07
   3.045000E+03  1.586312E-06  3.522833E-07
   3.075000E+03  1.380702E-06  3.288505E-07
   3.105000E+03  1.459084E-06  3.381926E-07
   3.135000E+03  1.697517E-06  3.648358E-07
   3.165000E+03  1.408808E-06  3.319998E-07
   3.195000E+03  1.523977E-06  3.453122E-07
   3.225000E+03  1.374358E-06  3.278234E-07
   3.255000E+03  1.547285E-06  3.482898E-07
   3.285000E+03  1.407085E-06  3.319891E-07
   3.315000E+03  1.444280E-06  3.361655E-07
   3.345000E+03  1.582482E-06  3.522549E-07
   3.375000E+03  1.400322E-06  3.309478E-07
   3.405000E+03  1.520372E-06  3.452911E-07
   3.435000E+03  1.372232E-06  3.278045E-07
   3.465000E+03  1.450707E-06  3.371676E-07
   3.495000E+03  1.380549E-06  3.288586E-07
   3.525000E+03  1.535364E-06  3.463187E-07
   3.555000E+03  1.372534E-06  3.277963E-07
   3.585000E+03  1.517703E-06  3.443040E-07
   3.615000E+03  1.465350E-06  3.382195E-07
   3.645000E+03  1.530749E-06  3.463037E-07
   3.675000E+03  1.714777E-06  3.667088E-07
   3.705000E+03  1.323181E-06  3.214045E-07
   3.735000E+03  1.339880E-06  3.235360E-07
   3.765000E+03  1.604116E-06  3.542237E-07
   3.795000E+03  1.382666E-06  3.288464E-07
   3.825000E+03  1.506936E-06  3.432849E-07
   3.855000E+03  1.323681E-06  3.213893E-07
   3.885000E+03  1.453335E-06  3.371721E-07
   3.915000E+03  1.350882E-06  3.246175E-07
   3.945000E+03  1.358258E-06  3.256889E-07
   3.975000E+03  1.491959E-06  3.412721E-07
   4.005000E+03  1.229594E-06  3.093054E-07
   4.035000E+03  1.465436E-06  3.382039E-07
   4.065000E+03  1.448555E-06  3.361495E-07
   4.095000E+03  1.551464E-06  3.482968E-07
   4.125000E+03  1.458777E-06  3.371814E-07
   4.155000E+03  1.219267E-06  3.081802E-07
   4.185000E+03  1.559168E-06  3.512674E-07
   4.215000E+03  1.451311E-06  3.361542E-07
   4.245000E+03  1.397395E-06  3.299469E-07
   4.275000E+03  1.387765E-06  3.288631E-07
   4.305000E+03  1.520491E-06  3.443087E-07
   4.335000E+03  1.396225E-06  3.299145E-07
   4.365000E+03  1.589662E-06  3.522666E-07
   4.395000E+03  1.301029E-06  3.181444E-07
   4.425000E+03  1.364835E-06  3.256925E-07
   4.455000E+03  1.582581E-06  3.512845E-07
   4.485000E+03  1.267788E-06  3.137606E-07
   4.515000E+03  1.425199E-06  3.330478E-07
   4.545000E+03  1.583054E-06  3.512777E-07
   4.575000E+03  1.313400E-06  3.192547E-07
   4.605000E+03  1.497132E-06  3.412806E-07
   4.635000E+03  1.477133E-06  3.392323E-07
   4.665000E+03  1.379519E-06  3.278084E-07
   4.695000E+03  1.434317E-06  3.340949E-07
   4.725000E+03  1.380181E-06  3.278098E-07
   4.755000E+03  1.472251E-06  3.382315E-07
   4.785000E+03  1.611706E-06  3.542363E-07
   4.815000E+03  1.382779E-06  3.278068E-07
   4.845000E+03  1.639581E-06  3.571610E-07
   4.875000E+03  1.601315E-06  3.532464E-07
   4.905000E+03  1.411162E-06  3.309740E-07
   4.935000E+03  1.702605E-06  3.638848E-07
   4.965000E+03  1.377590E-06  3.267614E-07
   4.995000E+03  1.554939E-06  3.473356E-07
   5.025001E+03  1.705479E-06  3.658107E-07
   5.055001E+03  1.508785E-06  3.423069E-07
   5.085001E+03  1.622898E-06  3.552239E-07
   5.115001E+03  1.387030E-06  3.278216E-07
   5.145001E+03  1.474579E-06  3.382270E-07
   5.175001E+03  1.492071E-06  3.402700E-07
   5.205001E+03  1.524405E-06  3.433216E-07
   5.235001E+03  1.572505E-06  3.493179E-07
   5.265001E+03  1.310511E-06  3.181611E-07
   5.295001E+03  1.642589E-06  3.571586E-07
   5.325001E+03  1.558707E-06  3.473342E-07
   5.355001E+03  1.347623E-06  3.224926E-07
   5.385001E+03  1.597219E-06  3.513003E-07
   5.415001E+03  1.744947E-06  3.676996E-07
   5.445001E+03  1.497486E-06  3.402790E-07
   5.475001E+03  1.378259E-06  3.257156E-07
   5.505001E+03  1.674205E-06  3.600657E-07
   5.535001E+03  1.580638E-06  3.493310E-07
   5.565001E+03  1.816376E-06  3.751583E-07
   5.595001E+03  1.671715E-06  3.600619E-07
   5.625001E+03  1.382655E-06  3.267703E-07
   5.655001E+03  1.553064E-06  3.463326E-07
   5.685001E+03  1.768245E-06  3.695812E-07
   5.715001E+03  1.669575E-06  3.591159E-07
   5.745001E+03  1.581684E-06  3.493324E-07
   5.775001E+03  1.620714E-06  3.532773E-07
   5.805001E+03  1.886189E-06  3.824758E-07
   5.835001E+03  1.583329E-06  3.493277E-07
   5.865001E+03  1.714832E-06  3.648409E-07
   5.895001E+03  1.824294E-06  3.760792E-07
   5.925001E+03  1.609248E-06  3.523055E-07
   5.955001E+03  1.634202E-06  3.552346E-07
   5.985001E+03  1.697376E-06  3.620014E-07
   6.015001E+03  1.783172E-06  3.714404E-07
   6.045001E+03  1.545838E-06  3.453330E-07
   6.075001E+03  1.751881E-06  3.677110E-07
   6.105001E+03  1.628821E-06  3.542559E-07
   6.135001E+03  1.696397E-06  3.610477E-07
   6.165001E+03  1.539364E-06  3.443473E-07
   6.195001E+03  1.799735E-06  3.733005E-07
   6.225001E+03  1.597538E-06  3.513086E-07
   6.255001E+03  1.621449E-06  3.532783E-07
   6.285001E+03  1.866395E-06  3.797510E-07
   6.315001E+03  1.906685E-06  3.842881E-07
   6.345001E+03  1.638383E-06  3.552345E-07
   6.375001E+03  1.779644E-06  3.705152E-07
   6.405001E+03  1.840651E-06  3.770039E-07
   6.435001E+03  1.575158E-06  3.483355E-07
   6.465001E+03  1.645475E-06  3.552598E-07
   6.495001E+03  1.751932E-06  3.676958E-07
   6.525001E+03  1.976310E-06  3.905541E-07
   6.555001E+03  1.726775E-06  3.639220E-07
   6.585001E+03  1.893768E-06  3.824937E-07
   6.615001E+03  1.835780E-06  3.761031E-07
   6.645001E+03  1.783611E-06  3.696123E-07
   6.675001E+03  1.590777E-06  3.503240E-07
   6.705001E+03  1.703258E-06  3.629460E-07
   6.735001E+03  1.844887E-06  3.779225E-07
   6.765001E+03  1.729477E-06  3.657993E-07
   6.795001E+03  1.818282E-06  3.751612E-07
   6.825001E+03  1.837762E-06  3.770002E-07
   6.855001E+03  1.813046E-06  3.742487E-07
   6.885001E+03  1.813837E-06  3.742358E-07
   6.915001E+03  1.707848E-06  3.629530E-07
   6.945001E+03  2.011264E-06  3.940942E-07
   6.975001E+03  1.940370E-06  3.869945E-07
   7.005001E+03  1.836308E-06  3.760976E-07
   7.035001E+03  1.968214E-06  3.870610E-07
   7.065001E+03  1.673224E-06  3.600640E-07
   7.095001E+03  1.968762E-06  3.914238E-07
   7.125001E+03  1.771987E-06  3.695799E-07
   7.155001E+03  1.949792E-06  3.905165E-07
   7.185001E+03  2.073268E-06  4.027554E-07
   7.215001E+03  1.739820E-06  3.686059E-07
   7.245001E+03  1.760787E-06  3.705013E-07
   7.275001E+03  1.995387E-06  3.949310E-07
   7.305001E+03  1.728626E-06  3.676608E-07
   7.335001E+03  1.890253E-06  3.842576E-07
   7.365001E+03  1.910851E-06  3.860754E-07
   7.395001E+03  1.887361E-06  3.842534E-07
   7.425001E+03  1.912962E-06  3.860718E-07
   7.455001E+03  2.020709E-06  3.975668E-07
   7.485001E+03  1.842184E-06  3.788353E-07
   7.515001E+03  1.679236E-06  3.619664E-07
   7.545001E+03  2.022947E-06  3.975626E-07
   7.575001E+03  2.136027E-06  4.087292E-07
   7.605001E+03  2.122327E-06  4.070419E-07
   7.635001E+03  2.172313E-06  4.121145E-07
   7.665001E+03  1.728689E-06  3.667378E-07
   7.695001E+03  2.155482E-06  4.104304E-07
   7.725001E+03  1.831327E-06  3.778959E-07
   7.755001E+03  1.980843E-06  3.931761E-07
   7.785001E+03  2.025281E-06  3.975594E-07
   7.815001E+03  1.865856E-06  3.815454E-07
   7.845001E+03  1.904236E-06  3.851728E-07
   7.875001E+03  2.155300E-06  4.104301E-07
   7.905001E+03  2.082561E-06  4.027685E-07
   7.935001E+03  1.980170E-06  3.931753E-07
   7.965001E+03  1.866217E-06  3.815527E-07
   7.995001E+03  1.972462E-06  3.922945E-07
   8.025001E+03  2.060823E-06  4.010315E-07
   8.055001E+03  2.243283E-06  4.187820E-07
   8.085001E+03  1.824454E-06  3.769953E-07
   8.115001E+03  2.116994E-06  4.061881E-07
   8.145001E+03  2.281854E-06  4.220894E-07
   8.175001E+03  2.262125E-06  4.204355E-07
   8.205001E+03  2.057224E-06  4.001740E-07
   8.235001E+03  2.089714E-06  4.044647E-07
   8.265001E+03  2.040519E-06  3.992959E-07
   8.295001E+03  2.271114E-06  4.212593E-07
   8.325001E+03  2.006663E-06  3.958175E-07
   8.355001E+03  1.976408E-06  3.923136E-07
   8.385001E+03  2.077442E-06  4.027549E-07
   8.415001E+03  2.139060E-06  4.087340E-07
   8.445001E+03  2.266499E-06  4.212531E-07
   8.475001E+03  2.138422E-06  4.087329E-07
   8.505001E+03  2.209521E-06  4.154610E-07
   8.535001E+03  2.274013E-06  4.212630E-07
   8.565001E+03  2.245750E-06  4.187856E-07
   8.595001E+03  2.100224E-06  4.044854E-07
   8.625001E+03  2.475443E-06  4.397751E-07
   8.655001E+03  2.166350E-06  4.112704E-07
   8.685001E+03  2.375698E-06  4.302230E-07
   8.715001E+03  2.245315E-06  4.196000E-07
   8.745001E+03  2.528665E-06  4.452463E-07
   8.775001E+03  2.616087E-06  4.529618E-07
   8.805001E+03  2.426886E-06  4.358117E-07
   8.835001E+03  2.160029E-06  4.112684E-07
   8.865001E+03  2.397509E-06  4.326268E-07
   8.895001E+03  1.982859E-06  3.966714E-07
   8.925001E+03  2.317048E-06  4.269586E-07
   8.955001E+03  2.254707E-06  4.212376E-07
   8.985001E+03  2.177397E-06  4.137706E-07
   9.015001E+03  2.209079E-06  4.171019E-07
   9.045001E+03  2.299349E-06  4.253319E-07
   9.075001E+03  2.298295E-06  4.253306E-07
   9.105001E+03  2.241276E-06  4.195947E-07
   9.135001E+03  2.359227E-06  4.310014E-07
   9.165001E+03  2.423087E-06  4.365901E-07
   9.195001E+03  2.648188E-06  4.567565E-07
   9.225001E+03  2.517759E-06  4.452329E-07
   9.255001E+03  2.383192E-06  4.333975E-07
   9.285001E+03  2.534745E-06  4.467919E-07
   9.315001E+03  2.287030E-06  4.245118E-07
   9.345001E+03  2.570984E-06  4.498849E-07
   9.375001E+03  2.429685E-06  4.373802E-07
   9.405001E+03  2.533343E-06  4.467843E-07
   9.435001E+03  2.788334E-06  4.687374E-07
   9.465001E+03  2.769462E-06  4.672548E-07
   9.495001E+03  2.524099E-06  4.460074E-07
   9.525001E+03  2.507839E-06  4.444528E-07
   9.555001E+03  2.683552E-06  4.597871E-07
   9.585001E+03  2.544450E-06  4.475679E-07
   9.615001E+03  2.594813E-06  4.521808E-07
   9.645001E+03  2.709392E-06  4.620362E-07
   9.675001E+03  2.480085E-06  4.421055E-07
   9.705001E+03  2.393056E-06  4.342038E-07
   9.735001E+03  2.631944E-06  4.552383E-07
   9.765001E+03  2.673791E-06  4.590259E-07
   9.795001E+03  2.737166E-06  4.642824E-07
   9.825001E+03  2.638278E-06  4.559963E-07
   9.855001E+03  2.640706E-06  4.560045E-07
   9.885001E+03  2.806472E-06  4.702142E-07
   9.915001E+03  2.639419E-06  4.560030E-07
   9.945001E+03  2.683515E-06  4.597871E-07
   9.975001E+03  2.770344E-06  4.672559E-07
   1.000500E+04  2.885341E-06  4.768058E-07
   1.003500E+04  3.007082E-06  4.868671E-07
   1.006500E+04  2.694684E-06  4.605431E-07
   1.009500E+04  2.859186E-06  4.746153E-07
   1.012500E+04  2.719561E-06  4.627873E-07
   1.015500E+04  2.631261E-06  4.552375E-07
   1.018500E+04  2.585129E-06  4.514129E-07
   1.021500E+04  2.719450E-06  4.627928E-07
   1.024500E+04  2.691876E-06  4.605338E-07
   1.027500E+04  2.699771E-06  4.612847E-07
   1.030500E+04  2.497180E-06  4.436698E-07
   1.033500E+04  2.780658E-06  4.679989E-07
   1.036500E+04  2.831818E-06  4.724247E-07
   1.039500E+04  2.647879E-06  4.567562E-07
   1.042500E+04  2.814830E-06  4.709501E-07
   1.045500E+04  3.043798E-06  4.897076E-07
   1.048500E+04  2.805077E-06  4.702126E-07
   1.051500E+04  2.864600E-06  4.753409E-07
   1.054500E+04  2.934135E-06  4.811366E-07
   1.057500E+04  3.057593E-06  4.911164E-07
   1.060500E+04  2.778129E-06  4.679959E-07
   1.063500E+04  2.723585E-06  4.635299E-07
   1.066500E+04  2.881295E-06  4.767957E-07
   1.069500E+04  2.652169E-06  4.575149E-07
   1.072500E+04  2.836671E-06  4.731471E-07
   1.075500E+04  2.812695E-06  4.709649E-07
   1.078500E+04  2.959999E-06  4.832977E-07
   1.081500E+04  3.108594E-06  4.953298E-07
   1.084500E+04  2.862970E-06  4.753390E-07
   1.087500E+04  3.310278E-06  5.111660E-07
   1.090500E+04  3.054889E-06  4.911134E-07
   1.093500E+04  2.940654E-06  4.818537E-07
   1.096500E+04  3.354324E-06  5.145495E-07
   1.099500E+04  2.898403E-06  4.782519E-07
   1.102500E+04  2.932289E-06  4.825730E-07
   1.105500E+04  2.976149E-06  4.847221E-07
   1.108500E+04  2.985861E-06  4.854434E-07
   1.111500E+04  3.054507E-06  4.911129E-07
   1.114500E+04  2.984806E-06  4.854362E-07
   1.117500E+04  3.283173E-06  5.091275E-07
   1.120500E+04  2.985157E-06  4.854420E-07
   1.123500E+04  3.204063E-06  5.029648E-07
   1.126500E+04  2.915832E-06  4.797042E-07
   1.129500E+04  3.239145E-06  5.057130E-07
   1.132500E+04  3.081074E-06  4.932253E-07
   1.135500E+04  2.748428E-06  4.657710E-07
   1.138500E+04  3.019889E-06  4.882831E-07
   1.141500E+04  3.353071E-06  5.145430E-07
   1.144500E+04  3.274135E-06  5.084461E-07
   1.147500E+04  3.011108E-06  4.875730E-07
   1.150500E+04  3.054847E-06  4.911134E-07
   1.153500E+04  3.414961E-06  5.192360E-07
   1.156500E+04  3.476219E-06  5.238863E-07
   1.159500E+04  3.388676E-06  5.172302E-07
   1.162500E+04  3.336043E-06  5.131953E-07
   1.165500E+04  3.371033E-06  5.158885E-07
   1.168500E+04  3.124784E-06  4.967254E-07
   1.171500E+04  3.344357E-06  5.138692E-07
   1.174500E+04  3.117452E-06  4.960352E-07
   1.177500E+04  3.432484E-06  5.205689E-07
   1.180500E+04  3.616723E-06  5.343640E-07
   1.183500E+04  3.476318E-06  5.238864E-07
   1.186500E+04  3.546036E-06  5.291506E-07
   1.189500E+04  3.196218E-06  5.022817E-07
   1.192500E+04  3.291437E-06  5.098070E-07
   1.195500E+04  3.238875E-06  5.057127E-07
   1.198500E+04  3.335924E-06  5.131948E-07
   1.201500E+04  3.370643E-06  5.158881E-07
   1.204500E+04  3.589911E-06  5.324146E-07
   1.207500E+04  3.554801E-06  5.298050E-07
   1.210500E+04  3.168526E-06  5.002010E-07
   1.213500E+04  3.519790E-06  5.271826E-07
   1.216500E+04  3.291663E-06  5.098073E-07
   1.219500E+04  3.282990E-06  5.091273E-07
   1.222500E+04  3.721820E-06  5.420890E-07
   1.225500E+04  3.519942E-06  5.271831E-07
   1.228500E+04  3.431803E-06  5.205682E-07
   1.231500E+04  3.247632E-06  5.063974E-07
   1.234500E+04  3.493928E-06  5.252126E-07
   1.237500E+04  3.651160E-06  5.369508E-07
   1.240500E+04  3.546711E-06  5.291563E-07
   1.243500E+04  3.414601E-06  5.192357E-07
   1.246500E+04  3.343909E-06  5.138687E-07
   1.249500E+04  3.169533E-06  5.002079E-07
   1.252500E+04  3.422790E-06  5.199019E-07
   1.255500E+04  3.607061E-06  5.337142E-07
   1.258500E+04  3.686173E-06  5.395257E-07
   1.261500E+04  3.466776E-06  5.232238E-07
   1.264500E+04  3.835448E-06  5.503352E-07
   1.267500E+04  3.747835E-06  5.440029E-07
   1.270500E+04  3.914487E-06  5.559728E-07
   1.273500E+04  3.685999E-06  5.395255E-07
   1.276500E+04  3.598245E-06  5.330646E-07
   1.279500E+04  3.668613E-06  5.382397E-07
   1.282500E+04  3.712352E-06  5.414488E-07
   1.285500E+04  3.449118E-06  5.218975E-07
   1.288500E+04  3.879064E-06  5.534740E-07
   1.291500E+04  3.922958E-06  5.565954E-07
   1.294500E+04  3.571919E-06  5.311110E-07
   1.297500E+04  3.633378E-06  5.356584E-07
   1.300500E+04  3.931748E-06  5.572175E-07
   1.303500E+04  3.712484E-06  5.414489E-07
   1.306500E+04  3.870372E-06  5.528476E-07
   1.309500E+04  4.072202E-06  5.670794E-07
   1.312500E+04  3.747432E-06  5.440025E-07
   1.315500E+04  4.065038E-06  5.664790E-07
   1.318500E+04  3.940521E-06  5.578390E-07
   1.321500E+04  3.940627E-06  5.578391E-07
   1.324500E+04  4.037060E-06  5.646301E-07
   1.327500E+04  4.028243E-06  5.640161E-07
   1.330500E+04  3.975623E-06  5.603180E-07
   1.333500E+04  3.896624E-06  5.547247E-07
   1.336500E+04  3.809187E-06  5.484437E-07
   1.339500E+04  3.729891E-06  5.427271E-07
   1.342500E+04  4.011557E-06  5.627916E-07
   1.345500E+04  3.826418E-06  5.509645E-07
   1.348500E+04  4.029110E-06  5.640216E-07
   1.351500E+04  3.887876E-06  5.540997E-07
   1.354500E+04  4.045838E-06  5.652434E-07
   1.357500E+04  4.107226E-06  5.695181E-07
   1.360500E+04  4.151414E-06  5.725527E-07
   1.363500E+04  3.791317E-06  5.471779E-07
   1.366500E+04  4.300282E-06  5.827488E-07
   1.369500E+04  3.994316E-06  5.615597E-07
   1.372500E+04  4.256415E-06  5.797684E-07
   1.375500E+04  3.843948E-06  5.509644E-07
   1.378500E+04  4.107213E-06  5.695181E-07
   1.381500E+04  4.107218E-06  5.695181E-07
   1.384500E+04  4.379330E-06  5.880756E-07
   1.387500E+04  4.256473E-06  5.797684E-07
   1.390500E+04  4.063372E-06  5.664680E-07
   1.393500E+04  4.352946E-06  5.863054E-07
   1.396500E+04  4.028275E-06  5.640161E-07
   1.399500E+04  4.458292E-06  5.933544E-07
   1.402500E+04  4.168641E-06  5.737610E-07
   1.405500E+04  3.931739E-06  5.572175E-07
   1.408500E+04  3.949275E-06  5.584598E-07
   1.411500E+04  4.273962E-06  5.809624E-07
   1.414500E+04  3.984394E-06  5.609361E-07
   1.417500E+04  4.098747E-06  5.689102E-07
   1.420500E+04  4.238865E-06  5.785719E-07
   1.423500E+04  4.388056E-06  5.886644E-07
   1.426500E+04  3.800078E-06  5.478108E-07
   1.429500E+04  4.326636E-06  5.845298E-07
   1.432500E+04  4.458269E-06  5.933544E-07
   1.435500E+04  4.335392E-06  5.851222E-07
   1.438500E+04  4.581107E-06  6.014739E-07
   1.441500E+04  4.291526E-06  5.821540E-07
   1.444500E+04  4.431959E-06  5.916000E-07
   1.447500E+04  4.361752E-06  5.868960E-07
   1.450500E+04  4.326628E-06  5.845298E-07
   1.453500E+04  4.336237E-06  5.851275E-07
   1.456500E+04  4.247617E-06  5.791704E-07
   1.459500E+04  4.467038E-06  5.939381E-07
   1.462500E+04  4.555581E-06  5.997484E-07
   1.465500E+04  4.273977E-06  5.809624E-07
   1.468500E+04  4.317847E-06  5.839367E-07
   1.471500E+04  4.238848E-06  5.785719E-07
   1.474500E+04  4.668874E-06  6.072070E-07
   1.477500E+04  4.494180E-06  5.956908E-07
   1.480500E+04  4.502111E-06  5.962672E-07
   1.483500E+04  4.554770E-06  5.997433E-07
   1.486500E+04  4.722340E-06  6.106261E-07
   1.489500E+04  4.467027E-06  5.939381E-07
   1.492500E+04  4.440696E-06  5.921854E-07
   1.495500E+04  4.186193E-06  5.749675E-07
   1.498500E+04  4.344983E-06  5.857194E-07
   1.501500E+04  4.616192E-06  6.037737E-07
   1.504500E+04  4.782956E-06  6.145801E-07
   1.507500E+04  5.002353E-06  6.285158E-07
   1.510500E+04  4.467018E-06  5.939381E-07
   1.513500E+04  4.616212E-06  6.037737E-07
   1.516500E+04  4.642537E-06  6.054928E-07
   1.519500E+04  4.440685E-06  5.921854E-07
   1.522500E+04  4.344150E-06  5.857141E-07
   1.525500E+04  5.213267E-06  6.416099E-07
   1.528500E+04  4.870691E-06  6.201920E-07
   1.531500E+04  4.809283E-06  6.162690E-07
   1.534500E+04  4.624993E-06  6.043473E-07
   1.537500E+04  4.537230E-06  5.985867E-07
   1.540500E+04  4.624956E-06  6.043473E-07
   1.543500E+04  4.861910E-06  6.196331E-07
   1.546500E+04  4.809561E-06  6.162697E-07
   1.549500E+04  4.712718E-06  6.100534E-07
   1.552500E+04  4.695170E-06  6.089164E-07
   1.555500E+04  4.537542E-06  5.985875E-07
   1.558500E+04  4.563544E-06  6.003207E-07
   1.561500E+04  4.783767E-06  6.145851E-07
   1.564500E+04  5.054967E-06  6.318146E-07
   1.567500E+04  4.984830E-06  6.274124E-07
   1.570500E+04  4.923341E-06  6.235349E-07
   1.573500E+04  4.686389E-06  6.083471E-07
   1.576500E+04  5.195427E-06  6.405286E-07
   1.579500E+04  4.607730E-06  6.032003E-07
   1.582500E+04  5.090103E-06  6.340043E-07
   1.585500E+04  4.537207E-06  5.985867E-07
   1.588500E+04  5.081309E-06  6.334576E-07
   1.591500E+04  4.915727E-06  6.229850E-07
   1.594500E+04  5.230511E-06  6.426884E-07
   1.597500E+04  4.923370E-06  6.235349E-07
   1.600500E+04  5.046207E-06  6.312660E-07
   1.603500E+04  5.011099E-06  6.290668E-07
   1.606500E+04  4.897314E-06  6.218663E-07
   1.609500E+04  4.897026E-06  6.218657E-07
   1.612500E+04  5.511632E-06  6.597140E-07
   1.615500E+04  5.397563E-06  6.528512E-07
   1.618500E+04  5.327890E-06  6.485959E-07
   1.621500E+04  5.248052E-06  6.437656E-07
   1.624500E+04  5.072530E-06  6.329104E-07
   1.627500E+04  5.335805E-06  6.491251E-07
   1.630500E+04  5.046244E-06  6.312660E-07
   1.633500E+04  4.712736E-06  6.100534E-07
   1.636500E+04  5.055289E-06  6.318153E-07
   1.639500E+04  5.721925E-06  6.721991E-07
   1.642500E+04  5.142740E-06  6.372747E-07
   1.645500E+04  4.975995E-06  6.268599E-07
   1.648500E+04  5.283141E-06  6.459148E-07
   1.651500E+04  5.037714E-06  6.307176E-07
   1.654500E+04  5.458978E-06  6.565555E-07
   1.657500E+04  5.309470E-06  6.475219E-07
   1.660500E+04  5.651731E-06  6.680631E-07
   1.663500E+04  5.353351E-06  6.501917E-07
   1.666500E+04  5.353330E-06  6.501917E-07
   1.669500E+04  5.300716E-06  6.469866E-07
   1.672500E+04  5.292228E-06  6.464516E-07
   1.675500E+04  5.415389E-06  6.539124E-07
   1.678500E+04  4.984796E-06  6.274124E-07
   1.681500E+04  5.186583E-06  6.399873E-07
   1.684500E+04  5.607846E-06  6.654651E-07
   1.687500E+04  5.143045E-06  6.372754E-07
   1.690500E+04  5.757648E-06  6.742588E-07
   1.693500E+04  5.178128E-06  6.394463E-07
   1.696500E+04  5.388783E-06  6.523203E-07
   1.699500E+04  5.564289E-06  6.628575E-07
   1.702500E+04  5.221701E-06  6.421490E-07
   1.705500E+04  5.406298E-06  6.533817E-07
   1.708500E+04  5.353347E-06  6.501917E-07
   1.711500E+04  5.467426E-06  6.570823E-07
   1.714500E+04  5.143033E-06  6.372754E-07
   1.717500E+04  5.810365E-06  6.773347E-07
   1.720500E+04  5.353356E-06  6.501917E-07
   1.723500E+04  5.757388E-06  6.742581E-07
   1.726500E+04  5.450498E-06  6.560282E-07
   1.729500E+04  5.414758E-06  6.539111E-07
   1.732500E+04  5.414814E-06  6.539111E-07
   1.735500E+04  5.133936E-06  6.367308E-07
   1.738500E+04  5.300988E-06  6.469873E-07
   1.741500E+04  5.370903E-06  6.512565E-07
   1.744500E+04  5.713149E-06  6.716835E-07
   1.747500E+04  5.212927E-06  6.416093E-07
   1.750500E+04  5.818754E-06  6.778454E-07
   1.753500E+04  5.792122E-06  6.763097E-07
   1.756500E+04  5.809681E-06  6.773335E-07
   1.759500E+04  5.713164E-06  6.716835E-07
   1.762500E+04  5.651712E-06  6.680631E-07
   1.765500E+04  5.107665E-06  6.350966E-07
   1.768500E+04  5.739482E-06  6.732291E-07
   1.771500E+04  5.590284E-06  6.644230E-07
   1.774500E+04  5.766122E-06  6.747718E-07
   1.777500E+04  5.142744E-06  6.372747E-07
   1.780500E+04  5.686813E-06  6.701343E-07
   1.783500E+04  5.555213E-06  6.623340E-07
   1.786500E+04  5.292217E-06  6.464516E-07
   1.789500E+04  5.924093E-06  6.839511E-07
   1.792500E+04  5.265605E-06  6.448411E-07
   1.795500E+04  5.950082E-06  6.854684E-07
   1.798500E+04  5.590281E-06  6.644230E-07
   1.801500E+04  5.888663E-06  6.819213E-07
   1.804500E+04  5.494074E-06  6.586629E-07
   1.807500E+04  5.827270E-06  6.783557E-07
   1.810500E+04  5.906832E-06  6.829379E-07
   1.813500E+04  5.906230E-06  6.829367E-07
   1.816500E+04  6.134395E-06  6.960012E-07
   1.819500E+04  5.599066E-06  6.649443E-07
   1.822500E+04  5.590275E-06  6.644230E-07
   1.825500E+04  6.002762E-06  6.884943E-07
   1.828500E+04  6.108359E-06  6.945069E-07
   1.831500E+04  5.441074E-06  6.554986E-07
   1.834500E+04  5.730706E-06  6.727143E-07
   1.837500E+04  5.581506E-06  6.639014E-07
   1.840500E+04  6.108044E-06  6.945063E-07
   1.843500E+04  5.757013E-06  6.742575E-07
   1.846500E+04  6.134398E-06  6.960012E-07
   1.849500E+04  5.914992E-06  6.834438E-07
   1.852500E+04  6.239688E-06  7.019489E-07
   1.855500E+04  6.283569E-06  7.044123E-07
   1.858500E+04  5.923739E-06  6.839505E-07
   1.861500E+04  6.143177E-06  6.964988E-07
   1.864500E+04  5.950083E-06  6.854684E-07
   1.867500E+04  6.055383E-06  6.915068E-07
   1.870500E+04  6.072958E-06  6.925081E-07
   1.873500E+04  5.695578E-06  6.706511E-07
   1.876500E+04  5.879918E-06  6.814133E-07
   1.879500E+04  6.020285E-06  6.894999E-07
   1.882500E+04  6.230891E-06  7.014552E-07
   1.885500E+04  6.108044E-06  6.945063E-07
   1.888500E+04  6.081766E-06  6.930082E-07
   1.891500E+04  6.082571E-06  6.930127E-07
   1.894500E+04  6.283585E-06  7.044123E-07
   1.897500E+04  6.178250E-06  6.984856E-07
   1.900500E+04  6.160709E-06  6.974929E-07
   1.903500E+04  6.161351E-06  6.974941E-07
   1.906500E+04  6.011496E-06  6.889973E-07
   1.909500E+04  6.362581E-06  7.088248E-07
   1.912500E+04  6.046643E-06  6.910057E-07
   1.915500E+04  5.879867E-06  6.814131E-07
   1.918500E+04  6.687562E-06  7.266841E-07
   1.921500E+04  6.309887E-06  7.058865E-07
   1.924500E+04  6.529271E-06  7.180510E-07
   1.927500E+04  6.643379E-06  7.242959E-07
   1.930500E+04  6.195803E-06  6.994769E-07
   1.933500E+04  6.390009E-06  7.102945E-07
   1.936500E+04  6.467862E-06  7.146658E-07
   1.939500E+04  6.581947E-06  7.209400E-07
   1.942500E+04  6.538056E-06  7.185333E-07
   1.945500E+04  5.967651E-06  6.864785E-07
   1.948500E+04  6.468153E-06  7.146664E-07
   1.951500E+04  6.625813E-06  7.233387E-07
   1.954500E+04  6.397658E-06  7.107772E-07
   1.957500E+04  6.459085E-06  7.141809E-07
   1.960500E+04  6.239680E-06  7.019489E-07
   1.963500E+04  5.862343E-06  6.803955E-07
   1.966500E+04  6.783815E-06  7.319087E-07
   1.969500E+04  6.678477E-06  7.262066E-07
   1.972500E+04  6.704802E-06  7.276363E-07
   1.975500E+04  6.090488E-06  6.935079E-07
   1.978500E+04  6.230906E-06  7.014552E-07
   1.981500E+04  7.003173E-06  7.436476E-07
   1.984500E+04  6.266047E-06  7.034280E-07
   1.987500E+04  6.775011E-06  7.314353E-07
   1.990500E+04  6.459074E-06  7.141809E-07
   1.993500E+04  6.783782E-06  7.319087E-07
   1.996500E+04  6.494190E-06  7.161186E-07
   1.999500E+04  7.090991E-06  7.482916E-07
   2.002500E+04  6.634619E-06  7.238175E-07
   2.005500E+04  6.818878E-06  7.337996E-07
   2.008500E+04  6.775008E-06  7.314353E-07
   2.011500E+04  6.932980E-06  7.399115E-07
   2.014500E+04  6.845197E-06  7.352145E-07
   2.017500E+04  6.450291E-06  7.136956E-07
   2.020500E+04  6.143136E-06  6.964988E-07
   2.023500E+04  6.950536E-06  7.408473E-07
   2.026500E+04  6.950517E-06  7.408473E-07
   2.029500E+04  6.713565E-06  7.281123E-07
   2.032500E+04  6.985621E-06  7.427154E-07
   2.035500E+04  7.011976E-06  7.441133E-07
   2.038500E+04  6.959292E-06  7.413147E-07
   2.041500E+04  6.423956E-06  7.122379E-07
   2.044500E+04  7.064617E-06  7.469014E-07
   2.047500E+04  6.581931E-06  7.209400E-07
   2.050500E+04  6.704800E-06  7.276363E-07
   2.053500E+04  7.055835E-06  7.464375E-07
   2.056500E+04  6.828505E-06  7.342757E-07
   2.059500E+04  6.801314E-06  7.328548E-07
   2.062500E+04  6.502953E-06  7.166022E-07
   2.065500E+04  7.038266E-06  7.455087E-07
   2.068500E+04  6.661229E-06  7.252525E-07
   2.071500E+04  6.801328E-06  7.328548E-07
   2.074500E+04  7.038270E-06  7.455087E-07
   2.077500E+04  6.581949E-06  7.209400E-07
   2.080500E+04  7.038595E-06  7.455093E-07
   2.083500E+04  7.415944E-06  7.652296E-07
   2.086500E+04  6.889403E-06  7.375673E-07
   2.089500E+04  6.257532E-06  7.029359E-07
   2.092500E+04  6.976854E-06  7.422488E-07
   2.095500E+04  6.748698E-06  7.300130E-07
   2.098500E+04  7.565997E-06  7.728911E-07
   2.101500E+04  7.257982E-06  7.570371E-07
   2.104500E+04  6.959320E-06  7.413147E-07
   2.107500E+04  7.275558E-06  7.579518E-07
   2.110500E+04  7.442276E-06  7.665864E-07
   2.113500E+04  7.073381E-06  7.473651E-07
   2.116500E+04  7.073687E-06  7.473657E-07
   2.119500E+04  6.915430E-06  7.389745E-07
   2.122500E+04  6.924193E-06  7.394433E-07
   2.125500E+04  6.906643E-06  7.385055E-07
   2.128500E+04  6.959289E-06  7.413147E-07
   2.131500E+04  7.222553E-06  7.552039E-07
   2.134500E+04  7.196225E-06  7.538265E-07
   2.137500E+04  7.468294E-06  7.679404E-07
   2.140500E+04  6.897850E-06  7.380363E-07
   2.143500E+04  6.722346E-06  7.285879E-07
   2.146500E+04  7.197079E-06  7.538306E-07
   2.149500E+04  7.591152E-06  7.742300E-07
   2.152500E+04  7.231334E-06  7.556625E-07
   2.155500E+04  6.774986E-06  7.314353E-07
   2.158500E+04  7.248900E-06  7.565788E-07
   2.161500E+04  7.161143E-06  7.519861E-07
   2.164500E+04  6.941740E-06  7.403795E-07
   2.167500E+04  7.108478E-06  7.492169E-07
   2.170500E+04  7.468286E-06  7.679404E-07
   2.173500E+04  7.354189E-06  7.620535E-07
   2.176500E+04  7.178696E-06  7.529069E-07
   2.179500E+04  7.424416E-06  7.656816E-07
   2.182500E+04  7.169904E-06  7.524466E-07
   2.185500E+04  7.591157E-06  7.742300E-07
   2.188500E+04  7.117253E-06  7.496792E-07
   2.191500E+04  6.845201E-06  7.352145E-07
   2.194500E+04  7.362976E-06  7.625080E-07
   2.197500E+04  7.047041E-06  7.459732E-07
   2.200500E+04  7.573612E-06  7.733346E-07
   2.203500E+04  7.240145E-06  7.561208E-07
   2.206500E+04  7.134806E-06  7.506028E-07
   2.209500E+04  7.231326E-06  7.556625E-07
   2.212500E+04  7.503399E-06  7.697427E-07
   2.215500E+04  7.793002E-06  7.844533E-07
   2.218500E+04  7.178697E-06  7.529069E-07
   2.221500E+04  7.784238E-06  7.840116E-07
   2.224500E+04  7.801777E-06  7.848948E-07
   2.227500E+04  7.143580E-06  7.510642E-07
   2.230500E+04  7.371774E-06  7.629622E-07
   2.233500E+04  7.292765E-06  7.588647E-07
   2.236500E+04  7.222583E-06  7.552039E-07
   2.239500E+04  7.301545E-06  7.593211E-07
   2.242500E+04  7.398081E-06  7.643231E-07
   2.245500E+04  7.907084E-06  7.901731E-07
   2.248500E+04  7.582399E-06  7.737824E-07
   2.251500E+04  7.529711E-06  7.710916E-07
   2.254500E+04  7.670132E-06  7.782464E-07
   2.257500E+04  7.564818E-06  7.728865E-07
   2.260500E+04  7.784250E-06  7.840116E-07
   2.263500E+04  7.801772E-06  7.848948E-07
   2.266500E+04  8.258111E-06  8.075183E-07
   2.269500E+04  7.907094E-06  7.901731E-07
   2.272500E+04  7.573595E-06  7.733346E-07
   2.275500E+04  7.547591E-06  7.719901E-07
   2.278500E+04  7.845658E-06  7.870984E-07
   2.281500E+04  8.284435E-06  8.088042E-07
   2.284500E+04  8.003618E-06  7.949808E-07
   2.287500E+04  7.977285E-06  7.936725E-07
   2.290500E+04  8.073820E-06  7.984591E-07
   2.293500E+04  7.556043E-06  7.724382E-07
   2.296500E+04  7.240112E-06  7.561208E-07
   2.299500E+04  8.135263E-06  8.014902E-07
   2.302500E+04  8.626701E-06  8.253382E-07
   2.305500E+04  8.424855E-06  8.156280E-07
   2.308500E+04  7.828095E-06  7.862177E-07
   2.311500E+04  7.986055E-06  7.941089E-07
   2.314500E+04  7.845667E-06  7.870984E-07
   2.317500E+04  8.029935E-06  7.962870E-07
   2.320500E+04  8.152798E-06  8.023542E-07
   2.323500E+04  8.012383E-06  7.954164E-07
   2.326500E+04  7.977283E-06  7.936725E-07
   2.329500E+04  8.091361E-06  7.993263E-07
   2.332500E+04  8.512623E-06  8.198639E-07
   2.335500E+04  8.398526E-06  8.143529E-07
   2.338500E+04  8.512609E-06  8.198639E-07
   2.341500E+04  8.065039E-06  7.980252E-07
   2.344500E+04  7.441951E-06  7.665859E-07
   2.347500E+04  8.240561E-06  8.066599E-07
   2.350500E+04  8.056257E-06  7.975910E-07
   2.353500E+04  8.661798E-06  8.270153E-07
   2.356500E+04  8.205447E-06  8.049404E-07
   2.359500E+04  8.442405E-06  8.164769E-07
   2.362500E+04  8.609149E-06  8.244984E-07
   2.365500E+04  8.249339E-06  8.070892E-07
   2.368500E+04  8.837309E-06  8.353501E-07
   2.371500E+04  8.600361E-06  8.240781E-07
   2.374500E+04  8.187911E-06  8.040793E-07
   2.377500E+04  8.889965E-06  8.378344E-07
   2.380500E+04  8.108917E-06  8.001926E-07
   2.383500E+04  8.424849E-06  8.156280E-07
   2.386500E+04  8.038716E-06  7.967219E-07
   2.389500E+04  8.021162E-06  7.958518E-07
   2.392500E+04  7.950945E-06  7.923621E-07
   2.395500E+04  8.881498E-06  8.374214E-07
   2.398500E+04  8.538948E-06  8.211305E-07
   2.401500E+04  8.925069E-06  8.394865E-07
   2.404500E+04  8.951399E-06  8.407234E-07
   2.407500E+04  8.960177E-06  8.411353E-07
   2.410500E+04  8.802208E-06  8.336898E-07
   2.413500E+04  8.626686E-06  8.253382E-07
   2.416500E+04  8.784658E-06  8.328584E-07
   2.419500E+04  8.837306E-06  8.353501E-07
   2.422500E+04  8.881194E-06  8.374209E-07
   2.425500E+04  8.749573E-06  8.311931E-07
   2.428500E+04  8.714450E-06  8.295245E-07
   2.431500E+04  8.644250E-06  8.261771E-07
   2.434500E+04  8.679343E-06  8.278525E-07
   2.437500E+04  8.740775E-06  8.307763E-07
   2.440500E+04  9.065487E-06  8.460626E-07
   2.443500E+04  9.109372E-06  8.481071E-07
   2.446500E+04  9.407746E-06  8.618813E-07
   2.449500E+04  8.898746E-06  8.382477E-07
   2.452500E+04  9.241023E-06  8.542114E-07
   2.455500E+04  9.811433E-06  8.801736E-07
   2.458500E+04  9.240995E-06  8.542114E-07
   2.461500E+04  8.767101E-06  8.320262E-07
   2.464500E+04  9.758774E-06  8.778093E-07
   2.467500E+04  9.714896E-06  8.758342E-07
   2.470500E+04  9.144461E-06  8.497392E-07
   2.473500E+04  9.758779E-06  8.778093E-07
   2.476500E+04  9.495499E-06  8.658908E-07
   2.479500E+04  9.118143E-06  8.485154E-07
   2.482500E+04  9.311216E-06  8.574492E-07
   2.485500E+04  9.495499E-06  8.658908E-07
   2.488500E+04  9.311208E-06  8.574492E-07
   2.491500E+04  9.170788E-06  8.509612E-07
   2.494500E+04  9.258549E-06  8.550220E-07
   2.497500E+04  9.820203E-06  8.805671E-07
   2.500500E+04  9.574482E-06  8.694836E-07
   2.503500E+04  9.723677E-06  8.762296E-07
   2.506500E+04  9.486724E-06  8.654907E-07
   2.509500E+04  1.001328E-05  8.891785E-07
   2.512500E+04  9.548157E-06  8.682876E-07
   2.515500E+04  9.556932E-06  8.686865E-07
   2.518500E+04  9.934297E-06  8.856658E-07
   2.521500E+04  9.802657E-06  8.797800E-07
   2.524500E+04  1.062758E-05  9.160395E-07
   2.527500E+04  1.015368E-05  8.953893E-07
   2.530500E+04  1.066269E-05  9.175506E-07
   2.533500E+04  9.837766E-06  8.813534E-07
   2.536500E+04  1.070658E-05  9.194361E-07
   2.539500E+04  1.019759E-05  8.973214E-07
   2.542500E+04  1.001327E-05  8.891785E-07
   2.545500E+04  1.053105E-05  9.118710E-07
   2.548500E+04  1.008348E-05  8.922893E-07
   2.551500E+04  1.020635E-05  8.977073E-07
   2.554500E+04  1.040819E-05  9.065378E-07
   2.557500E+04  1.092596E-05  9.288057E-07
   2.560500E+04  1.081188E-05  9.239454E-07
   2.563500E+04  1.053983E-05  9.122507E-07
   2.566500E+04  1.089086E-05  9.273129E-07
   2.569500E+04  1.105760E-05  9.343823E-07
   2.572500E+04  1.107515E-05  9.351233E-07
   2.575500E+04  1.176845E-05  9.639380E-07
   2.578500E+04  1.151395E-05  9.534618E-07
   2.581500E+04  1.101372E-05  9.325271E-07
   2.584500E+04  1.137353E-05  9.476321E-07
   2.587500E+04  1.143496E-05  9.501870E-07
   2.590500E+04  1.155783E-05  9.552762E-07
   2.593500E+04  1.165437E-05  9.592559E-07
   2.596500E+04  1.186498E-05  9.678820E-07
   2.599500E+04  1.097862E-05  9.310403E-07
   2.602500E+04  1.176845E-05  9.639380E-07
   2.605500E+04  1.197907E-05  9.725225E-07
   2.608500E+04  1.220724E-05  9.817376E-07
   2.611500E+04  1.223357E-05  9.827953E-07
   2.614500E+04  1.239154E-05  9.891177E-07
   2.617500E+04  1.245297E-05  9.915656E-07
   2.620500E+04  1.268114E-05  1.000605E-06
   2.623500E+04  1.207561E-05  9.764318E-07
   2.626500E+04  1.256705E-05  9.960956E-07
   2.629500E+04  1.243541E-05  9.908668E-07
   2.632500E+04  1.318136E-05  1.020142E-06
   2.635500E+04  1.299706E-05  1.012988E-06
   2.638500E+04  1.334810E-05  1.026571E-06
   2.641500E+04  1.323401E-05  1.022176E-06
   2.644500E+04  1.388343E-05  1.046946E-06
   2.647500E+04  1.326034E-05  1.023192E-06
   2.650500E+04  1.409405E-05  1.054854E-06
   2.653500E+04  1.337443E-05  1.027583E-06
   2.656500E+04  1.433100E-05  1.063680E-06
   2.659500E+04  1.447142E-05  1.068876E-06
   2.662500E+04  1.388343E-05  1.046946E-06
   2.665500E+04  1.399752E-05  1.051237E-06
   2.668500E+04  1.426956E-05  1.061399E-06
   2.671500E+04  1.478734E-05  1.080476E-06
   2.674500E+04  1.458550E-05  1.073079E-06
   2.677500E+04  1.461183E-05  1.074047E-06
   2.680500E+04  1.528757E-05  1.098591E-06
   2.683500E+04  1.523491E-05  1.096698E-06
   2.686500E+04  1.512960E-05  1.092903E-06
   2.689500E+04  1.546308E-05  1.104876E-06
   2.692500E+04  1.575269E-05  1.115170E-06
   2.695500E+04  1.527879E-05  1.098275E-06
   2.698500E+04  1.636700E-05  1.136696E-06
   2.701500E+04  1.589310E-05  1.120126E-06
   2.704500E+04  1.670926E-05  1.148513E-06
   2.707500E+04  1.655129E-05  1.143074E-06
   2.710500E+04  1.629679E-05  1.134256E-06
   2.713500E+04  1.693743E-05  1.156324E-06
   2.716500E+04  1.741133E-05  1.172381E-06
   2.719500E+04  1.730602E-05  1.168832E-06
   2.722500E+04  1.724458E-05  1.166757E-06
   2.725500E+04  1.800809E-05  1.192292E-06
   2.728500E+04  1.781502E-05  1.185887E-06
   2.731500E+04  1.839423E-05  1.205000E-06
   2.734500E+04  1.839423E-05  1.205000E-06
   2.737500E+04  1.835034E-05  1.203563E-06
   2.740500E+04  1.868383E-05  1.214444E-06
   2.743500E+04  1.987734E-05  1.252610E-06
   2.746500E+04  1.969305E-05  1.246793E-06
   2.749500E+04  1.947366E-05  1.239833E-06
   2.752500E+04  2.032491E-05  1.266625E-06
   2.755500E+04  2.058819E-05  1.274798E-06
   2.758500E+04  2.028103E-05  1.265258E-06
   2.761500E+04  2.063207E-05  1.276154E-06
   2.764500E+04  2.103576E-05  1.288571E-06
   2.767500E+04  2.117617E-05  1.292862E-06
   2.770500E+04  2.184314E-05  1.313051E-06
   2.773500E+04  2.213274E-05  1.321721E-06
   2.776500E+04  2.190457E-05  1.314895E-06
   2.779500E+04  2.285236E-05  1.343021E-06
   2.782500E+04  2.260664E-05  1.335786E-06
   2.785500E+04  2.239602E-05  1.329553E-06
   2.788500E+04  2.361587E-05  1.365257E-06
   2.791500E+04  2.429160E-05  1.384638E-06
   2.794500E+04  2.334381E-05  1.357376E-06
   2.797500E+04  2.548512E-05  1.418220E-06
   2.800500E+04  2.440569E-05  1.387883E-06
   2.803500E+04  2.510776E-05  1.407689E-06
   2.806500E+04  2.588004E-05  1.429158E-06
   2.809500E+04  2.558166E-05  1.420901E-06
   2.812500E+04  2.716132E-05  1.464080E-06
   2.815500E+04  2.665232E-05  1.450307E-06
   2.818500E+04  2.783706E-05  1.482165E-06
   2.821500E+04  2.745092E-05  1.471858E-06
   2.824500E+04  2.790726E-05  1.484031E-06
   2.827500E+04  2.831096E-05  1.494717E-06
   2.830500E+04  2.882873E-05  1.508312E-06
   2.833500E+04  2.893404E-05  1.511062E-06
   2.836500E+04  3.079453E-05  1.558843E-06
   2.839500E+04  3.002225E-05  1.539190E-06
   2.842500E+04  3.097882E-05  1.563496E-06
   2.845500E+04  3.132985E-05  1.572321E-06
   2.848500E+04  3.101392E-05  1.564381E-06
   2.851500E+04  3.217234E-05  1.593301E-06
   2.854500E+04  3.220744E-05  1.594170E-06
   2.857500E+04  3.461203E-05  1.652549E-06
   2.860500E+04  3.374322E-05  1.631697E-06
   2.863500E+04  3.490163E-05  1.659441E-06
   2.866500E+04  3.462080E-05  1.652758E-06
   2.869500E+04  3.582310E-05  1.681181E-06
   2.872500E+04  3.588453E-05  1.682620E-06
   2.875500E+04  3.649006E-05  1.696742E-06
   2.878500E+04  3.718336E-05  1.712767E-06
   2.881500E+04  3.721846E-05  1.713574E-06
   2.884500E+04  3.943876E-05  1.763887E-06
   2.887500E+04  3.942120E-05  1.763495E-06
   2.890500E+04  4.084290E-05  1.794975E-06
   2.893500E+04  4.029001E-05  1.782799E-06
   2.896500E+04  4.186967E-05  1.817369E-06
   2.899500E+04  4.209784E-05  1.822308E-06
   2.902500E+04  4.156251E-05  1.810699E-06
   2.905500E+04  4.210662E-05  1.822498E-06
   2.908500E+04  4.342300E-05  1.850730E-06
   2.911500E+04  4.538879E-05  1.892103E-06
   2.914500E+04  4.515185E-05  1.887164E-06
   2.917500E+04  4.509041E-05  1.885882E-06
   2.920500E+04  4.525716E-05  1.889361E-06
   2.923500E+04  4.819707E-05  1.949676E-06
   2.926500E+04  4.867097E-05  1.959224E-06
   2.929500E+04  4.812686E-05  1.948258E-06
   2.932500E+04  4.996102E-05  1.984981E-06
   2.935500E+04  5.001368E-05  1.986025E-06
   2.938500E+04  5.217254E-05  2.028370E-06
   2.941500E+04  5.244459E-05  2.033643E-06
   2.944500E+04  5.304135E-05  2.045162E-06
   2.947500E+04  5.520022E-05  2.086300E-06
   2.950500E+04  5.609535E-05  2.103120E-06
   2.953500E+04  5.682375E-05  2.116707E-06
   2.956500E+04  5.763113E-05  2.131666E-06
   2.959500E+04  5.943018E-05  2.164623E-06
   2.962500E+04  6.015858E-05  2.177824E-06
   2.965500E+04  6.246663E-05  2.219132E-06
   2.968500E+04  6.363383E-05  2.239729E-06
   2.971500E+04  6.341443E-05  2.235872E-06
   2.974500E+04  6.688967E-05  2.296200E-06
   2.977500E+04  6.913629E-05  2.334364E-06
   2.980500E+04  6.929426E-05  2.337023E-06
   2.983500E+04  7.021573E-05  2.352478E-06
   2.986500E+04  6.848688E-05  2.323397E-06
   2.989500E+04  7.381383E-05  2.411870E-06
   2.992500E+04  6.879404E-05  2.328590E-06
   2.995500E+04  1.094790E-04  2.935738E-06
   2.998500E+04  2.490855E-04  4.418876E-06
