 #  Results from PENEPMA.
 #  Probability of emission of characteristic photons. All in 1/(sr*electron).
 #    P = primary photons (from electron interactions);
 #    C = flourescence from characteristic x rays;
 #    B = flourescence from bremsstrahlung quanta;
 #   TF = C+B, total fluorescence;
 #    T = P+C+B, total intensity;
 #  unc = statistical uncertainty (3 sigma).
 #
 # IZ S0 S1  E (eV)      P            unc       C            unc       B            unc       TF           unc       T            unc
   14 L3 M1  9.4350E+01  4.333914E-05 2.86E-06  6.075382E-10 1.29E-09  2.220121E-08 6.29E-08  2.280874E-08 6.41E-08  4.336195E-05 2.86E-06
   14 L2 M1  9.5040E+01  2.443267E-05 2.15E-06  0.000000E+00 0.00E+00  8.784980E-10 5.89E-10  8.784980E-10 5.89E-10  2.443354E-05 2.15E-06
   47 M1 M2  1.0361E+02  1.622695E-08 1.04E-08  7.228777E-11 2.17E-10  6.264618E-12 1.33E-11  7.855239E-11 2.30E-10  1.630550E-08 1.04E-08
   77 N1 N2  1.0497E+02  9.117880E-09 4.99E-09  0.000000E+00 0.00E+00  1.566176E-11 2.41E-11  1.566176E-11 2.41E-11  9.133542E-09 4.99E-09
   47 M1 M3  1.3527E+02  6.785815E-08 2.12E-08  2.977106E-11 8.93E-11  7.244426E-11 5.12E-11  1.022153E-10 1.41E-10  6.796036E-08 2.12E-08
   14 L1 M3  1.4503E+02  1.969615E-06 6.09E-07  0.000000E+00 0.00E+00  1.524253E-10 2.64E-10  1.524253E-10 2.64E-10  1.969767E-06 6.09E-07
   14 L1 M2  1.5524E+02  1.027383E-06 4.40E-07  0.000000E+00 0.00E+00  6.392105E-11 1.36E-10  6.392105E-11 1.36E-10  1.027447E-06 4.40E-07
   77 N3 N4  1.7403E+02  4.495783E-08 1.11E-08  6.978422E-11 2.09E-10  2.349264E-11 2.95E-11  9.327686E-11 2.39E-10  4.505111E-08 1.11E-08
   47 M3 M4  1.8554E+02  1.335229E-07 2.98E-08  7.228777E-11 2.17E-10  1.255326E-10 6.73E-11  1.978203E-10 2.84E-10  1.337208E-07 2.98E-08
   77 N3 N5  1.8997E+02  5.437926E-07 3.86E-08  2.618508E-09 5.97E-09  6.917659E-10 1.65E-10  3.310274E-09 6.14E-09  5.471028E-07 3.90E-08
   77 N1 N3  1.9077E+02  1.819830E-07 2.23E-08  1.437000E-10 1.93E-10  2.156134E-09 5.95E-09  2.299834E-09 6.14E-09  1.842828E-07 2.31E-08
   47 M3 M5  2.0480E+02  1.276945E-06 9.21E-08  3.056955E-09 6.19E-09  3.403165E-09 6.19E-09  6.460120E-09 1.24E-08  1.283405E-06 9.26E-08
   77 N5 N6  2.2325E+02  5.742500E-08 1.25E-08  9.852421E-11 2.26E-10  7.280376E-11 5.39E-11  1.713280E-10 2.80E-10  5.759633E-08 1.25E-08
   77 N5 N7  2.2652E+02  1.282640E-06 5.92E-08  1.261584E-09 6.92E-10  1.279365E-09 2.26E-10  2.540949E-09 9.18E-10  1.285181E-06 5.92E-08
   47 M2 M4  2.2950E+02  7.954974E-07 7.26E-08  4.625452E-09 8.72E-09  7.852181E-10 1.68E-10  5.410670E-09 8.89E-09  8.009081E-07 7.32E-08
   77 N4 N6  2.3919E+02  7.816123E-07 4.62E-08  4.392726E-10 4.37E-10  8.111040E-10 1.79E-10  1.250377E-09 6.16E-10  7.828627E-07 4.62E-08
   77 N5 O3  2.4292E+02  2.728371E-07 2.73E-08  2.422242E-10 2.97E-10  3.489386E-10 1.17E-10  5.911628E-10 4.14E-10  2.734282E-07 2.73E-08
   77 N4 O2  2.4484E+02  1.819817E-07 2.23E-08  1.683084E-10 3.08E-10  1.806182E-10 8.30E-11  3.489266E-10 3.91E-10  1.823307E-07 2.23E-08
   77 M1 M2  2.4550E+02  1.518846E-09 2.04E-09  0.000000E+00 0.00E+00  0.000000E+00 0.00E+00  0.000000E+00 0.00E+00  1.518846E-09 2.04E-09
   47 L1 L2  2.5530E+02  2.950354E-09 4.43E-09  0.000000E+00 0.00E+00  9.959016E-12 2.11E-11  9.959016E-12 2.11E-11  2.960313E-09 4.43E-09
   77 N4 O3  2.5886E+02  2.977418E-08 9.02E-09  0.000000E+00 0.00E+00  3.737117E-11 3.64E-11  3.737117E-11 3.64E-11  2.981155E-08 9.02E-09
   77 N2 N4  2.5983E+02  7.909025E-07 4.65E-08  3.224864E-09 5.98E-09  4.976752E-09 8.41E-09  8.201616E-09 1.44E-08  7.991041E-07 4.76E-08
   47 M5 N3  3.1341E+02  9.668079E-06 2.54E-07  1.368286E-08 1.38E-08  8.513788E-09 6.18E-09  2.219665E-08 2.00E-08  9.690275E-06 2.55E-07
   47 M4 N2  3.1458E+02  5.825055E-06 1.97E-07  4.409212E-09 6.25E-09  8.120277E-09 8.72E-09  1.252949E-08 1.50E-08  5.837584E-06 1.98E-07
   47 M4 N3  3.1985E+02  9.624323E-07 7.99E-08  4.340487E-09 8.72E-09  6.198780E-10 1.49E-10  4.960365E-09 8.87E-09  9.673927E-07 8.04E-08
   77 N3 O1  3.8541E+02  3.635496E-07 3.16E-08  7.184095E-10 6.05E-10  4.304763E-10 1.30E-10  1.148886E-09 7.35E-10  3.646985E-07 3.16E-08
   77 M3 M4  4.1580E+02  6.075382E-09 4.08E-09  0.000000E+00 0.00E+00  2.705909E-11 3.35E-11  2.705909E-11 3.35E-11  6.102441E-09 4.08E-09
   47 L1 L3  4.3340E+02  1.401418E-08 9.65E-09  0.000000E+00 0.00E+00  3.060007E-11 3.33E-11  3.060007E-11 3.33E-11  1.404478E-08 9.65E-09
   47 M3 N1  4.6692E+02  1.095945E-06 8.55E-08  4.730327E-09 8.72E-09  3.004393E-09 6.16E-09  7.734720E-09 1.49E-08  1.103680E-06 8.61E-08
   77 N2 O1  4.7121E+02  1.737657E-07 2.18E-08  3.243126E-10 4.02E-10  2.228740E-10 9.27E-11  5.471866E-10 4.94E-10  1.743129E-07 2.18E-08
   77 N3 O4  4.7656E+02  1.093569E-08 5.47E-09  2.873999E-11 8.62E-11  1.085471E-11 1.93E-11  3.959470E-11 1.06E-10  1.097528E-08 5.47E-09
   77 N3 O5  4.7776E+02  6.076948E-08 1.29E-08  9.852421E-11 2.26E-10  4.604102E-11 4.23E-11  1.445652E-10 2.69E-10  6.091405E-08 1.29E-08
   77 M3 M5  4.9420E+02  1.045026E-07 1.69E-08  4.761853E-10 5.27E-10  3.194238E-10 1.10E-10  7.956091E-10 6.37E-10  1.052982E-07 1.69E-08
   47 M2 N1  4.9858E+02  4.200282E-07 5.28E-08  2.304213E-09 6.17E-09  3.257229E-10 1.06E-10  2.629936E-09 6.27E-09  4.226581E-07 5.31E-08
    8  K L2  5.2309E+02  2.098451E-04 6.30E-06  3.718294E-07 2.59E-07  2.147035E-07 1.89E-07  5.865329E-07 4.48E-07  2.104317E-04 6.30E-06
    8  K L3  5.2313E+02  4.166359E-04 8.87E-06  1.196120E-06 4.66E-07  2.585953E-07 1.99E-07  1.454715E-06 6.65E-07  4.180906E-04 8.88E-06
   47 M3 N4  5.5606E+02  2.589240E-07 4.15E-08  1.318299E-10 2.51E-10  1.597453E-10 7.57E-11  2.915752E-10 3.27E-10  2.592156E-07 4.15E-08
   47 M3 N5  5.5667E+02  1.862893E-06 1.11E-07  3.123337E-09 6.19E-09  1.584042E-09 2.38E-10  4.707379E-09 6.43E-09  1.867600E-06 1.11E-07
   47 M3 O1  5.6164E+02  3.467164E-08 1.52E-08  0.000000E+00 0.00E+00  4.314396E-11 3.83E-11  4.314396E-11 3.83E-11  3.471479E-08 1.52E-08
   77 N2 O4  5.6236E+02  1.275830E-08 5.91E-09  0.000000E+00 0.00E+00  1.744498E-11 2.66E-11  1.744498E-11 2.66E-11  1.277575E-08 5.91E-09
   47 M2 N4  5.8772E+02  7.708922E-07 7.15E-08  5.613703E-10 4.54E-10  2.722143E-09 6.16E-09  3.283513E-09 6.62E-09  7.741757E-07 7.18E-08
   47 M2 O1  5.9330E+02  1.622695E-08 1.04E-08  2.977106E-11 8.93E-11  4.979508E-12 1.49E-11  3.475057E-11 1.04E-10  1.626170E-08 1.04E-08
   77 M1 M3  6.0670E+02  2.946560E-08 8.98E-09  2.873999E-11 8.62E-11  1.180058E-10 6.85E-11  1.467458E-10 1.55E-10  2.961235E-08 8.98E-09
   77 N1 O2  6.0964E+02  9.966803E-08 1.65E-08  5.747998E-11 1.22E-10  1.336676E-10 7.14E-11  1.911476E-10 1.93E-10  9.985918E-08 1.65E-08
   77 N1 O3  6.2366E+02  5.285885E-08 1.20E-08  2.873999E-11 8.62E-11  2.349264E-11 2.95E-11  5.223263E-11 1.16E-10  5.291108E-08 1.20E-08
   47 M1 N2  6.3539E+02  1.301581E-07 2.94E-08  2.112841E-09 6.16E-09  8.004587E-11 5.07E-11  2.192887E-09 6.21E-09  1.323509E-07 3.00E-08
   47 M1 N3  6.4066E+02  1.866309E-07 3.52E-08  1.318299E-10 2.51E-10  1.574178E-10 7.48E-11  2.892476E-10 3.26E-10  1.869202E-07 3.52E-08
   77 M2 M4  7.7700E+02  1.333546E-07 1.91E-08  3.078769E-10 4.27E-10  4.683944E-10 1.35E-10  7.762713E-10 5.63E-10  1.341309E-07 1.91E-08
   77 M4 N2  1.5528E+03  1.523446E-06 6.46E-08  5.528248E-09 1.72E-09  6.965586E-09 5.99E-09  1.249383E-08 7.71E-09  1.535940E-06 6.49E-08
   77 M5 N3  1.5603E+03  2.181725E-06 7.73E-08  7.651839E-09 2.02E-09  1.024472E-08 8.44E-09  1.789656E-08 1.05E-08  2.199622E-06 7.78E-08
   77 M4 N3  1.6387E+03  1.609976E-07 2.10E-08  3.886318E-10 4.20E-10  4.609897E-10 1.33E-10  8.496216E-10 5.54E-10  1.618473E-07 2.10E-08
   14  K L2  1.7394E+03  1.447042E-04 5.22E-06  5.190835E-07 4.84E-08  1.251743E-06 3.88E-07  1.770827E-06 4.36E-07  1.464751E-04 5.24E-06
   14  K L3  1.7400E+03  2.868775E-04 7.36E-06  9.988631E-07 6.70E-08  2.497577E-06 5.52E-07  3.496440E-06 6.19E-07  2.903740E-04 7.38E-06
   14  K M3  1.8360E+03  4.798264E-06 9.51E-07  2.111695E-08 1.00E-08  7.768526E-08 1.09E-07  9.880221E-08 1.19E-07  4.897066E-06 9.57E-07
   14  K M2  1.8360E+03  2.283821E-06 6.56E-07  7.203122E-09 5.59E-09  4.933469E-08 8.89E-08  5.653782E-08 9.45E-08  2.340359E-06 6.62E-07
   77 M3 N1  1.8637E+03  5.230934E-07 3.78E-08  1.765173E-09 1.01E-09  3.515934E-09 5.95E-09  5.281106E-09 6.96E-09  5.283745E-07 3.83E-08
   77 M5 N6  1.9735E+03  1.502496E-06 6.41E-08  5.219153E-09 1.68E-09  8.079363E-09 8.42E-09  1.329852E-08 1.01E-08  1.515795E-06 6.47E-08
   77 M5 N7  1.9767E+03  2.885579E-05 2.84E-07  1.025052E-07 7.65E-09  1.194944E-07 2.53E-08  2.219996E-07 3.30E-08  2.907779E-05 2.86E-07
   77 M5 O3  1.9931E+03  5.863286E-07 4.00E-08  2.471278E-09 1.17E-09  1.699498E-09 2.57E-10  4.170776E-09 1.42E-09  5.904994E-07 4.00E-08
   77 M4 N6  2.0519E+03  1.680595E-05 2.16E-07  5.984787E-08 5.86E-09  6.362582E-08 1.47E-08  1.234737E-07 2.05E-08  1.692943E-05 2.16E-07
   77 M4 O2  2.0575E+03  3.751646E-07 3.20E-08  1.280815E-09 8.16E-10  1.071229E-09 2.05E-10  2.352044E-09 1.02E-09  3.775167E-07 3.21E-08
   77 M4 O3  2.0715E+03  3.766737E-08 1.01E-08  0.000000E+00 0.00E+00  1.103477E-10 6.54E-11  1.103477E-10 6.54E-11  3.777772E-08 1.01E-08
   77 L1 L3  2.1820E+03  1.184700E-08 5.69E-09  0.000000E+00 0.00E+00  1.011034E-10 6.31E-11  1.011034E-10 6.31E-11  1.194810E-08 5.69E-09
   77 M2 N1  2.2249E+03  1.081418E-07 1.72E-08  4.761853E-10 5.27E-10  3.636602E-10 1.16E-10  8.398455E-10 6.43E-10  1.089816E-07 1.72E-08
   77 M3 N4  2.2285E+03  2.482112E-07 2.60E-08  6.732337E-10 6.17E-10  7.009531E-10 1.64E-10  1.374187E-09 7.81E-10  2.495854E-07 2.61E-08
   77 M3 N5  2.2444E+03  1.884921E-06 7.18E-08  7.175651E-09 2.03E-09  5.931222E-09 4.81E-10  1.310687E-08 2.51E-09  1.898027E-06 7.19E-08
   77 M3 O1  2.4399E+03  9.964108E-08 1.65E-08  2.093527E-10 3.63E-10  3.684366E-10 1.19E-10  5.777892E-10 4.82E-10  1.002189E-07 1.65E-08
   77 M3 O4  2.5310E+03  2.156761E-08 7.68E-09  1.272642E-10 2.42E-10  5.458929E-11 4.74E-11  1.818535E-10 2.90E-10  2.174946E-08 7.68E-09
   77 M3 O5  2.5322E+03  1.318389E-07 1.90E-08  5.870137E-10 5.98E-10  3.988287E-10 1.24E-10  9.858425E-10 7.22E-10  1.328248E-07 1.90E-08
   77 M1 N2  2.5753E+03  1.148247E-07 1.77E-08  1.437000E-10 1.93E-10  3.187289E-10 1.13E-10  4.624289E-10 3.06E-10  1.152872E-07 1.77E-08
   77 M2 N4  2.5897E+03  5.300802E-07 3.81E-08  1.362903E-09 8.60E-10  1.712211E-09 2.53E-10  3.075114E-09 1.11E-09  5.331553E-07 3.81E-08
   47 L3 M1  2.6337E+03  2.793140E-06 1.36E-07  2.030174E-09 8.58E-10  2.129202E-08 1.51E-08  2.332219E-08 1.60E-08  2.816463E-06 1.37E-07
   77 M1 N3  2.6612E+03  1.008513E-07 1.66E-08  1.272642E-10 2.42E-10  2.684593E-10 1.00E-10  3.957235E-10 3.42E-10  1.012471E-07 1.66E-08
   47 L3 M2  2.7498E+03  1.032624E-08 8.28E-09  1.020588E-10 2.35E-10  4.553859E-11 4.22E-11  1.475974E-10 2.77E-10  1.047384E-08 8.28E-09
   47 L3 M3  2.7801E+03  1.253901E-08 9.12E-09  0.000000E+00 0.00E+00  2.095705E-09 6.16E-09  2.095705E-09 6.16E-09  1.463471E-08 1.10E-08
   77 M2 O1  2.8011E+03  1.792238E-08 7.00E-09  9.852421E-11 2.26E-10  5.179233E-11 4.42E-11  1.503165E-10 2.71E-10  1.807269E-08 7.00E-09
   47 L2 M1  2.8061E+03  6.220957E-07 6.42E-08  2.977106E-10 2.82E-10  2.116925E-09 2.80E-10  2.414636E-09 5.62E-10  6.245104E-07 6.42E-08
   77 M2 O4  2.8922E+03  3.797114E-08 1.02E-08  1.711251E-10 3.08E-10  1.735557E-10 8.33E-11  3.446808E-10 3.92E-10  3.831582E-08 1.02E-08
   47 L2 M3  2.9524E+03  8.113474E-09 7.34E-09  0.000000E+00 0.00E+00  3.373238E-11 3.46E-11  3.373238E-11 3.46E-11  8.147207E-09 7.34E-09
   47 L3 M4  2.9782E+03  2.288038E-06 1.23E-07  1.790356E-09 9.01E-10  7.267431E-09 5.17E-10  9.057788E-09 1.42E-09  2.297096E-06 1.23E-07
   47 L3 M5  2.9843E+03  2.021011E-05 3.68E-07  1.416399E-08 2.76E-09  1.342552E-07 3.60E-08  1.484191E-07 3.87E-08  2.035853E-05 3.70E-07
   77 M1 O2  3.0800E+03  3.007314E-08 9.07E-09  0.000000E+00 0.00E+00  6.544400E-11 5.12E-11  6.544400E-11 5.12E-11  3.013859E-08 9.07E-09
   77 M1 O3  3.0940E+03  2.035253E-08 7.46E-09  0.000000E+00 0.00E+00  6.194905E-11 5.03E-11  6.194905E-11 5.03E-11  2.041448E-08 7.46E-09
   47 L2 M4  3.1510E+03  8.462183E-06 2.37E-07  4.364961E-09 1.22E-09  5.372104E-08 2.47E-08  5.808600E-08 2.59E-08  8.520269E-06 2.39E-07
   47 L1 M2  3.2035E+03  5.760598E-07 6.18E-08  2.679395E-10 2.68E-10  4.043354E-09 6.17E-09  4.311293E-09 6.43E-09  5.803711E-07 6.21E-08
   47 L1 M3  3.2345E+03  9.175633E-07 7.80E-08  5.358790E-10 3.79E-10  5.173215E-09 6.17E-09  5.709094E-09 6.55E-09  9.232724E-07 7.83E-08
   47 L3 N1  3.2484E+03  1.610981E-07 3.27E-08  1.318299E-10 2.51E-10  5.151168E-10 1.34E-10  6.469467E-10 3.85E-10  1.617450E-07 3.27E-08
   47 L3 N2  3.2816E+03  0.000000E+00 0.00E+00  0.000000E+00 0.00E+00  6.264618E-12 1.33E-11  6.264618E-12 1.33E-11  6.264618E-12 1.33E-11
   47 L3 N3  3.2869E+03  7.375886E-10 2.21E-09  0.000000E+00 0.00E+00  4.979508E-12 1.49E-11  4.979508E-12 1.49E-11  7.425681E-10 2.21E-09
   47 L3 N4  3.3375E+03  2.013667E-07 3.66E-08  5.954211E-11 1.26E-10  2.709162E-09 6.16E-09  2.768704E-09 6.29E-09  2.041354E-07 3.71E-08
   47 L3 N5  3.3381E+03  1.899599E-06 1.12E-07  8.973179E-10 6.15E-10  1.596611E-08 1.38E-08  1.686342E-08 1.44E-08  1.916463E-06 1.13E-07
   47 L3 O1  3.3431E+03  7.375886E-09 7.00E-09  0.000000E+00 0.00E+00  1.935594E-11 2.67E-11  1.935594E-11 2.67E-11  7.395242E-09 7.00E-09
   47 L2 N1  3.4265E+03  6.933646E-08 2.15E-08  0.000000E+00 0.00E+00  2.497800E-10 9.55E-11  2.497800E-10 9.55E-11  6.958624E-08 2.15E-08
   47 L1 M4  3.4329E+03  6.638297E-09 6.64E-09  0.000000E+00 0.00E+00  1.807083E-11 2.75E-11  1.807083E-11 2.75E-11  6.656368E-09 6.64E-09
   47 L1 M5  3.4392E+03  9.588651E-09 7.98E-09  2.977106E-11 8.93E-11  9.396927E-12 1.63E-11  3.916798E-11 1.06E-10  9.627819E-09 7.98E-09
   47 L2 N3  3.4650E+03  1.475177E-09 3.13E-09  0.000000E+00 0.00E+00  4.979508E-12 1.49E-11  4.979508E-12 1.49E-11  1.480157E-09 3.13E-09
   47 L2 N4  3.5156E+03  8.032370E-07 7.30E-08  2.381685E-10 2.53E-10  2.867529E-09 3.25E-10  3.105697E-09 5.78E-10  8.063427E-07 7.30E-08
   47 L2 O1  3.5212E+03  1.475177E-09 3.13E-09  0.000000E+00 0.00E+00  0.000000E+00 0.00E+00  0.000000E+00 0.00E+00  1.475177E-09 3.13E-09
   47 L1 N2  3.7150E+03  9.441447E-08 2.50E-08  1.488553E-10 2.00E-10  4.010824E-10 1.24E-10  5.499377E-10 3.24E-10  9.496441E-08 2.50E-08
   47 L1 N3  3.7203E+03  1.593191E-07 3.25E-08  1.786263E-10 2.19E-10  5.758576E-10 1.45E-10  7.544840E-10 3.64E-10  1.600736E-07 3.25E-08
   47 L1 N5  3.7715E+03  2.212766E-09 3.83E-09  0.000000E+00 0.00E+00  3.141528E-12 9.40E-12  3.141528E-12 9.40E-12  2.215907E-09 3.83E-09
   77 L3 M1  8.0459E+03  5.510372E-07 3.88E-08  4.310999E-10 3.34E-10  4.733194E-09 4.33E-10  5.164294E-09 7.67E-10  5.562015E-07 3.88E-08
   77 L3 M2  8.3042E+03  6.075382E-09 4.08E-09  0.000000E+00 0.00E+00  3.682855E-11 3.40E-11  3.682855E-11 3.40E-11  6.112211E-09 4.08E-09
   77 L3 M3  8.6592E+03  3.645229E-09 3.16E-09  0.000000E+00 0.00E+00  3.558795E-11 3.46E-11  3.558795E-11 3.46E-11  3.680817E-09 3.16E-09
   77 L3 M4  9.0996E+03  9.517086E-07 5.10E-08  4.721441E-10 3.85E-10  1.207268E-08 8.43E-09  1.254482E-08 8.81E-09  9.642535E-07 5.17E-08
   77 L3 M5  9.1752E+03  8.129788E-06 1.50E-07  5.797035E-09 1.71E-09  1.190467E-07 3.80E-08  1.248437E-07 3.97E-08  8.254631E-06 1.54E-07
   77 L2 M1  9.6523E+03  8.718174E-08 1.54E-08  8.621998E-11 1.49E-10  9.808607E-10 1.96E-10  1.067081E-09 3.45E-10  8.824882E-08 1.54E-08
   77 L2 M3  1.0273E+04  2.126384E-09 2.41E-09  0.000000E+00 0.00E+00  4.093762E-11 3.97E-11  4.093762E-11 3.97E-11  2.167321E-09 2.41E-09
   77 L1 M2  1.0511E+04  1.968424E-07 2.32E-08  0.000000E+00 0.00E+00  5.970090E-09 8.41E-09  5.970090E-09 8.41E-09  2.028125E-07 2.47E-08
   77 L3 N1  1.0539E+04  1.163436E-07 1.78E-08  9.852421E-11 2.26E-10  2.942910E-09 5.95E-09  3.041434E-09 6.18E-09  1.193850E-07 1.88E-08
   77 L3 N2  1.0644E+04  1.215076E-09 1.82E-09  0.000000E+00 0.00E+00  7.830879E-12 1.70E-11  7.830879E-12 1.70E-11  1.222907E-09 1.82E-09
   77 L2 M4  1.0708E+04  3.195955E-06 9.36E-08  1.149509E-09 7.43E-10  7.273621E-08 3.90E-08  7.388572E-08 3.98E-08  3.269841E-06 1.01E-07
   77 L3 N3  1.0730E+04  1.215076E-09 1.82E-09  0.000000E+00 0.00E+00  1.114079E-11 1.93E-11  1.114079E-11 1.93E-11  1.226217E-09 1.82E-09
   77 L1 M3  1.0868E+04  2.329909E-07 2.52E-08  6.978422E-11 2.09E-10  6.340762E-09 8.42E-09  6.410546E-09 8.62E-09  2.394015E-07 2.66E-08
   77 L3 N4  1.0904E+04  1.576562E-07 2.08E-08  1.149600E-10 1.72E-10  3.443987E-09 5.95E-09  3.558947E-09 6.12E-09  1.612151E-07 2.16E-08
   77 L3 N5  1.0919E+04  1.543147E-06 6.50E-08  9.319840E-10 5.17E-10  1.954660E-08 1.03E-08  2.047859E-08 1.09E-08  1.563626E-06 6.58E-08
   77 L3 O1  1.1115E+04  2.126384E-08 7.62E-09  0.000000E+00 0.00E+00  1.640366E-10 7.94E-11  1.640366E-10 7.94E-11  2.142787E-08 7.62E-09
   77 L3 N6  1.1143E+04  6.075382E-10 1.29E-09  0.000000E+00 0.00E+00  1.263793E-11 2.23E-11  1.263793E-11 2.23E-11  6.201762E-10 1.29E-09
   77 L3 N7  1.1146E+04  4.860306E-09 3.65E-09  0.000000E+00 0.00E+00  6.621348E-11 5.07E-11  6.621348E-11 5.07E-11  4.926519E-09 3.65E-09
   77 L3 O3  1.1162E+04  6.075382E-10 1.29E-09  0.000000E+00 0.00E+00  0.000000E+00 0.00E+00  0.000000E+00 0.00E+00  6.075382E-10 1.29E-09
   77 L3 O4  1.1206E+04  1.032815E-08 5.31E-09  0.000000E+00 0.00E+00  6.443026E-11 4.95E-11  6.443026E-11 4.95E-11  1.039258E-08 5.31E-09
   77 L3 O5  1.1207E+04  9.629481E-08 1.62E-08  2.873999E-11 8.62E-11  2.787727E-09 5.95E-09  2.816467E-09 6.04E-09  9.911128E-08 1.73E-08
   77 L1 M4  1.1302E+04  8.505535E-09 4.82E-09  0.000000E+00 0.00E+00  9.753700E-11 6.11E-11  9.753700E-11 6.11E-11  8.603072E-09 4.82E-09
   77 L1 M5  1.1377E+04  7.290459E-09 4.46E-09  0.000000E+00 0.00E+00  8.187524E-11 5.62E-11  8.187524E-11 5.62E-11  7.372334E-09 4.46E-09
   77 L2 N1  1.2184E+04  1.913745E-08 7.23E-09  2.873999E-11 8.62E-11  2.726828E-10 1.03E-10  3.014228E-10 1.89E-10  1.943888E-08 7.23E-09
   77 L2 N3  1.2375E+04  3.037691E-10 9.11E-10  0.000000E+00 0.00E+00  1.566176E-11 2.41E-11  1.566176E-11 2.41E-11  3.194309E-10 9.12E-10
   77 L2 N4  1.2549E+04  6.266757E-07 4.14E-08  2.257884E-10 3.32E-10  8.587005E-09 5.97E-09  8.812793E-09 6.30E-09  6.354885E-07 4.18E-08
   77 L2 O1  1.2760E+04  5.164075E-09 3.76E-09  0.000000E+00 0.00E+00  5.962321E-11 4.73E-11  5.962321E-11 4.73E-11  5.223698E-09 3.76E-09
   77 L2 N6  1.2788E+04  4.252768E-09 3.41E-09  0.000000E+00 0.00E+00  3.310674E-11 3.59E-11  3.310674E-11 3.59E-11  4.285874E-09 3.41E-09
   77 L2 O3  1.2807E+04  0.000000E+00 0.00E+00  0.000000E+00 0.00E+00  3.023827E-12 9.07E-12  3.023827E-12 9.07E-12  3.023827E-12 9.07E-12
   77 L1 N2  1.2826E+04  5.042567E-08 1.17E-08  0.000000E+00 0.00E+00  2.456691E-09 5.95E-09  2.456691E-09 5.95E-09  5.288236E-08 1.32E-08
   77 L2 O4  1.2851E+04  4.009752E-08 1.05E-08  0.000000E+00 0.00E+00  4.611685E-10 1.33E-10  4.611685E-10 1.33E-10  4.055869E-08 1.05E-08
   77 L1 N3  1.2912E+04  7.047443E-08 1.39E-08  0.000000E+00 0.00E+00  4.614026E-09 8.41E-09  4.614026E-09 8.41E-09  7.508846E-08 1.62E-08
   77 L1 N4  1.3086E+04  9.113073E-10 1.58E-09  0.000000E+00 0.00E+00  2.170941E-11 2.73E-11  2.170941E-11 2.73E-11  9.330168E-10 1.58E-09
   77 L1 N5  1.3101E+04  2.126384E-09 2.41E-09  0.000000E+00 0.00E+00  1.744498E-11 2.66E-11  1.744498E-11 2.66E-11  2.143829E-09 2.41E-09
   77 L1 O2  1.3330E+04  6.986690E-09 4.37E-09  0.000000E+00 0.00E+00  6.621348E-11 5.07E-11  6.621348E-11 5.07E-11  7.052903E-09 4.37E-09
   77 L1 O3  1.3344E+04  1.002438E-08 5.24E-09  0.000000E+00 0.00E+00  9.699438E-11 5.97E-11  9.699438E-11 5.97E-11  1.012138E-08 5.24E-09
   47  K L2  2.1990E+04  1.792340E-07 3.45E-08  0.000000E+00 0.00E+00  1.211525E-08 1.38E-08  1.211525E-08 1.38E-08  1.913493E-07 3.71E-08
   47  K L3  2.2163E+04  3.215886E-07 4.62E-08  0.000000E+00 0.00E+00  1.702266E-08 1.07E-08  1.702266E-08 1.07E-08  3.386113E-07 4.74E-08
   47  K M2  2.4912E+04  2.434042E-08 1.27E-08  0.000000E+00 0.00E+00  3.046875E-09 6.16E-09  3.046875E-09 6.16E-09  2.738730E-08 1.41E-08
   47  K M3  2.4942E+04  8.851063E-08 2.42E-08  0.000000E+00 0.00E+00  1.804436E-09 2.85E-10  1.804436E-09 2.85E-10  9.031506E-08 2.42E-08
   47  K M5  2.5146E+04  0.000000E+00 0.00E+00  0.000000E+00 0.00E+00  3.132309E-12 9.40E-12  3.132309E-12 9.40E-12  3.132309E-12 9.40E-12
   47  K M4  2.5146E+04  7.375886E-10 2.21E-09  0.000000E+00 0.00E+00  9.959016E-12 2.11E-11  9.959016E-12 2.11E-11  7.475476E-10 2.21E-09
   47  K N2  2.5421E+04  3.687943E-09 4.95E-09  0.000000E+00 0.00E+00  1.321984E-10 7.28E-11  1.321984E-10 7.28E-11  3.820141E-09 4.95E-09
   47  K N3  2.5426E+04  8.113474E-09 7.34E-09  0.000000E+00 0.00E+00  4.561089E-10 1.34E-10  4.561089E-10 1.34E-10  8.569583E-09 7.34E-09
