 #  Results from PENEPMA.
 #  Probability of emission of bremmstrahlung photons.
 #  1st column: E (eV).
 #  2nd and 3rd columns: probability density and STU (1/(eV*sr*electron)).

   1.050000E+02  1.303560E-06  7.598009E-08
   1.350000E+02  9.771760E-07  6.565198E-08
   1.650000E+02  8.075205E-07  6.013135E-08
   1.950000E+02  6.226160E-07  5.194350E-08
   2.250000E+02  5.354600E-07  4.807720E-08
   2.550000E+02  4.593057E-07  4.441796E-08
   2.850000E+02  4.200112E-07  4.270153E-08
   3.150000E+02  3.682769E-07  3.977223E-08
   3.450000E+02  3.424033E-07  3.859360E-08
   3.750000E+02  3.169593E-07  3.714494E-08
   4.050000E+02  3.055099E-07  3.684468E-08
   4.350000E+02  2.675516E-07  3.405810E-08
   4.650000E+02  2.449058E-07  3.247290E-08
   4.950000E+02  2.274016E-07  3.116393E-08
   5.250001E+02  2.217763E-07  3.109023E-08
   5.550001E+02  1.938727E-07  2.851225E-08
   5.850001E+02  1.840653E-07  2.788829E-08
   6.150001E+02  1.670322E-07  2.626704E-08
   6.450001E+02  1.750826E-07  2.749068E-08
   6.750001E+02  1.595486E-07  2.593005E-08
   7.050001E+02  1.707593E-07  2.756922E-08
   7.350001E+02  1.370629E-07  2.371663E-08
   7.650001E+02  1.409783E-07  2.444726E-08
   7.950001E+02  1.349180E-07  2.390028E-08
   8.250001E+02  1.249384E-07  2.277210E-08
   8.550001E+02  1.260673E-07  2.315343E-08
   8.850001E+02  1.449959E-07  2.583943E-08
   9.150001E+02  1.234199E-07  2.324732E-08
   9.450001E+02  1.017293E-07  2.021696E-08
   9.750001E+02  9.827396E-08  1.988814E-08
   1.005000E+03  9.304097E-08  1.921408E-08
   1.035000E+03  9.779286E-08  2.010687E-08
   1.065000E+03  1.009574E-07  2.075085E-08
   1.095000E+03  8.543465E-08  1.839792E-08
   1.125000E+03  9.309585E-08  1.977617E-08
   1.155000E+03  9.330489E-08  1.999685E-08
   1.185000E+03  8.683683E-08  1.909772E-08
   1.215000E+03  8.309505E-08  1.863126E-08
   1.245000E+03  8.621213E-08  1.921172E-08
   1.275000E+03  7.364680E-08  1.715944E-08
   1.305000E+03  7.441653E-08  1.741324E-08
   1.335000E+03  7.947339E-08  1.839449E-08
   1.365000E+03  7.182483E-08  1.715861E-08
   1.395000E+03  7.234775E-08  1.741226E-08
   1.425000E+03  7.059343E-08  1.715849E-08
   1.455000E+03  6.907749E-08  1.702977E-08
   1.485000E+03  7.114193E-08  1.741188E-08
   1.515000E+03  6.755223E-08  1.689968E-08
   1.545000E+03  6.847526E-08  1.715740E-08
   1.575000E+03  6.425142E-08  1.637213E-08
   1.605000E+03  6.071396E-08  1.582659E-08
   1.635000E+03  5.955549E-08  1.568682E-08
   1.665000E+03  5.448386E-08  1.467484E-08
   1.695000E+03  5.905144E-08  1.568664E-08
   1.725000E+03  6.990101E-08  1.778533E-08
   1.755000E+03  5.333804E-08  1.467433E-08
   1.785000E+03  5.359516E-08  1.482324E-08
   1.815000E+03  5.476738E-08  1.511566E-08
   1.845000E+03  4.921691E-08  1.390627E-08
   1.875000E+03  4.346821E-08  1.275338E-08
   1.905000E+03  4.827082E-08  1.390561E-08
   1.935000E+03  5.247754E-08  1.482222E-08
   1.965000E+03  5.008323E-08  1.437179E-08
   1.995000E+03  4.886109E-08  1.421772E-08
   2.025000E+03  4.539579E-08  1.342313E-08
   2.055000E+03  4.764157E-08  1.406159E-08
   2.085000E+03  4.607184E-08  1.374588E-08
   2.115000E+03  4.439347E-08  1.342274E-08
   2.145000E+03  4.266319E-08  1.309135E-08
   2.175000E+03  4.316536E-08  1.325785E-08
   2.205000E+03  4.457943E-08  1.358491E-08
   2.235000E+03  3.789656E-08  1.204323E-08
   2.265000E+03  4.113912E-08  1.292244E-08
   2.295000E+03  3.749396E-08  1.204329E-08
   2.325000E+03  4.221840E-08  1.325775E-08
   2.355000E+03  3.563032E-08  1.167289E-08
   2.385000E+03  3.627803E-08  1.185961E-08
   2.415000E+03  3.864435E-08  1.257744E-08
   2.445000E+03  3.284521E-08  1.109385E-08
   2.475000E+03  4.037764E-08  1.309044E-08
   2.505000E+03  3.901769E-08  1.275055E-08
   2.535000E+03  3.737498E-08  1.240137E-08
   2.565000E+03  3.658524E-08  1.222308E-08
   2.595000E+03  3.590729E-08  1.204244E-08
   2.625000E+03  2.784687E-08  9.835347E-09
   2.655000E+03  3.051275E-08  1.069053E-08
   2.685000E+03  3.729808E-08  1.257672E-08
   2.715000E+03  3.792269E-08  1.275083E-08
   2.745000E+03  3.281927E-08  1.148196E-08
   2.775000E+03  3.423858E-08  1.185804E-08
   2.805000E+03  3.465383E-08  1.204154E-08
   2.835000E+03  3.329169E-08  1.167139E-08
   2.865000E+03  3.242638E-08  1.148170E-08
   2.895000E+03  2.932738E-08  1.068966E-08
   2.925000E+03  2.717097E-08  1.005480E-08
   2.955000E+03  2.855777E-08  1.048236E-08
   2.985000E+03  3.460331E-08  1.222202E-08
   3.015000E+03  2.629849E-08  9.834005E-09
   3.045000E+03  3.389414E-08  1.204115E-08
   3.075000E+03  2.951854E-08  1.089268E-08
   3.105000E+03  3.131756E-08  1.148105E-08
   3.135000E+03  2.786217E-08  1.048286E-08
   3.165000E+03  2.343968E-08  9.139425E-09
   3.195000E+03  3.260128E-08  1.185724E-08
   3.225000E+03  2.202749E-08  8.645856E-09
   3.255000E+03  2.754170E-08  1.048168E-08
   3.285000E+03  2.367340E-08  9.376209E-09
   3.315000E+03  2.085578E-08  8.387781E-09
   3.345000E+03  2.454690E-08  9.607576E-09
   3.375000E+03  2.434936E-08  9.607405E-09
   3.405000E+03  2.422527E-08  9.607285E-09
   3.435000E+03  2.193271E-08  8.895584E-09
   3.465000E+03  2.164134E-08  8.895313E-09
   3.495000E+03  3.036045E-08  1.148050E-08
   3.525000E+03  1.890270E-08  7.846627E-09
   3.555000E+03  2.099419E-08  8.645049E-09
   3.585000E+03  1.935781E-08  8.121306E-09
   3.615000E+03  2.284594E-08  9.375638E-09
   3.645000E+03  2.415027E-08  9.832583E-09
   3.675000E+03  2.367972E-08  9.608997E-09
   3.705000E+03  2.287504E-08  9.375650E-09
   3.735000E+03  2.453131E-08  1.005313E-08
   3.765000E+03  2.114713E-08  8.894958E-09
   3.795000E+03  1.822361E-08  7.846068E-09
   3.825000E+03  2.595603E-08  1.048070E-08
   3.855000E+03  1.931001E-08  8.386655E-09
   3.885000E+03  2.561651E-08  1.048049E-08
   3.915000E+03  2.213821E-08  9.375164E-09
   3.945000E+03  2.028529E-08  8.644592E-09
   3.975000E+03  2.258376E-08  9.606212E-09
   4.005000E+03  1.912707E-08  8.386585E-09
   4.035000E+03  2.398089E-08  1.005280E-08
   4.065000E+03  2.170047E-08  9.374832E-09
   4.095000E+03  1.618653E-08  7.264549E-09
   4.125000E+03  1.876853E-08  8.386201E-09
   4.155000E+03  1.819414E-08  8.120494E-09
   4.185000E+03  1.816011E-08  8.120424E-09
   4.215000E+03  2.360281E-08  1.005250E-08
   4.245000E+03  1.441253E-08  6.632595E-09
   4.275000E+03  1.947494E-08  8.643950E-09
   4.305000E+03  2.400596E-08  1.026834E-08
   4.335000E+03  1.902107E-08  8.643631E-09
   4.365000E+03  1.978054E-08  8.893973E-09
   4.395000E+03  1.820196E-08  8.385771E-09
   4.425000E+03  2.392879E-08  1.026831E-08
   4.455000E+03  2.374951E-08  1.026816E-08
   4.485000E+03  2.015303E-08  9.137128E-09
   4.515000E+03  1.836618E-08  8.385888E-09
   4.545000E+03  2.294551E-08  1.005212E-08
   4.575000E+03  1.732942E-08  8.119742E-09
   4.605000E+03  2.075890E-08  9.374169E-09
   4.635000E+03  1.440212E-08  6.954901E-09
   4.665000E+03  1.447468E-08  6.954945E-09
   4.695000E+03  1.513665E-08  7.263622E-09
   4.725000E+03  1.917209E-08  8.893510E-09
   4.755000E+03  1.991475E-08  9.136957E-09
   4.785000E+03  1.570578E-08  7.559692E-09
   4.815000E+03  1.964274E-08  9.136819E-09
   4.845000E+03  1.983088E-08  9.136948E-09
   4.875000E+03  1.769515E-08  8.385435E-09
   4.905000E+03  2.191383E-08  9.831126E-09
   4.935000E+03  1.956813E-08  9.136723E-09
   4.965000E+03  1.547580E-08  7.559480E-09
   4.995000E+03  2.020965E-08  9.373813E-09
   5.025001E+03  1.526870E-08  7.559233E-09
   5.055001E+03  1.162294E-08  5.932410E-09
   5.085001E+03  1.445470E-08  7.263087E-09
   5.115001E+03  1.587503E-08  7.844148E-09
   5.145001E+03  1.494105E-08  7.558988E-09
   5.175001E+03  1.870775E-08  8.893186E-09
   5.205001E+03  1.716663E-08  8.384991E-09
   5.235001E+03  1.234878E-08  6.291548E-09
   5.265001E+03  1.498534E-08  7.559001E-09
   5.295001E+03  1.631094E-08  8.118937E-09
   5.325001E+03  1.689229E-08  8.384736E-09
   5.355001E+03  1.350050E-08  6.954044E-09
   5.385001E+03  1.284772E-08  6.630968E-09
   5.415001E+03  1.333204E-08  6.953882E-09
   5.445001E+03  1.896872E-08  9.136302E-09
   5.475001E+03  1.058595E-08  5.549850E-09
   5.505001E+03  1.390138E-08  7.262522E-09
   5.535001E+03  1.404097E-08  7.262647E-09
   5.565001E+03  1.371363E-08  7.262372E-09
   5.595001E+03  1.458626E-08  7.558665E-09
   5.625001E+03  1.101166E-08  5.931796E-09
   5.655001E+03  1.164295E-08  6.290919E-09
   5.685001E+03  1.655472E-08  8.384502E-09
   5.715001E+03  1.231446E-08  6.630490E-09
   5.745001E+03  1.360322E-08  7.262275E-09
   5.775001E+03  1.031251E-08  5.549493E-09
   5.805001E+03  1.085425E-08  5.931602E-09
   5.835001E+03  7.912033E-09  4.198076E-09
   5.865001E+03  1.439049E-08  7.558477E-09
   5.895001E+03  1.145367E-08  6.290637E-09
   5.925001E+03  1.349471E-08  7.262217E-09
   5.955001E+03  1.049616E-08  5.931193E-09
   5.985001E+03  1.208631E-08  6.630281E-09
   6.015001E+03  1.356847E-08  7.262220E-09
   6.045001E+03  1.047245E-08  5.931206E-09
   6.075001E+03  1.142897E-08  6.290583E-09
   6.105001E+03  1.068631E-08  5.931410E-09
   6.135001E+03  1.691804E-08  8.642057E-09
   6.165001E+03  1.200299E-08  6.630204E-09
   6.195001E+03  1.328235E-08  7.262053E-09
   6.225001E+03  1.683194E-08  8.641971E-09
   6.255001E+03  1.056144E-08  5.931257E-09
   6.285001E+03  1.108443E-08  6.290228E-09
   6.315001E+03  9.613260E-09  5.548658E-09
   6.345001E+03  8.900050E-09  5.137886E-09
   6.375001E+03  1.182767E-08  6.629975E-09
   6.405001E+03  1.179646E-08  6.630089E-09
   6.435001E+03  1.382742E-08  7.558016E-09
   6.465001E+03  8.933294E-09  5.137881E-09
   6.495001E+03  1.095304E-08  6.290086E-09
   6.525001E+03  8.872378E-09  5.137834E-09
   6.555001E+03  1.374823E-08  7.557951E-09
   6.585001E+03  1.097916E-08  6.290128E-09
   6.615001E+03  1.295216E-08  7.261688E-09
   6.645001E+03  8.755747E-09  5.137753E-09
   6.675001E+03  1.145502E-08  6.629635E-09
   6.705001E+03  1.156604E-08  6.629757E-09
   6.735001E+03  9.992849E-09  5.930636E-09
   6.765001E+03  7.245431E-09  4.197156E-09
   6.795001E+03  5.957701E-09  2.972970E-09
   6.825001E+03  8.469405E-09  5.137326E-09
   6.855001E+03  9.331747E-09  5.548308E-09
   6.885001E+03  1.210129E-08  6.952756E-09
   6.915001E+03  1.206797E-08  6.952699E-09
   6.945001E+03  8.481561E-09  5.137339E-09
   6.975001E+03  9.180797E-09  5.550032E-09
   7.005001E+03  9.719739E-09  5.930323E-09
   7.035001E+03  1.119844E-08  6.629418E-09
   7.065001E+03  1.270088E-08  7.261424E-09
   7.095001E+03  7.680077E-09  4.690537E-09
   7.125001E+03  9.072888E-09  5.548005E-09
   7.155001E+03  9.045771E-09  5.547979E-09
   7.185001E+03  8.477812E-09  5.137358E-09
   7.215001E+03  9.757568E-09  5.930385E-09
   7.245001E+03  1.106699E-08  6.629236E-09
   7.275001E+03  1.032801E-08  6.289461E-09
   7.305001E+03  6.901974E-09  4.196686E-09
   7.335001E+03  1.099403E-08  6.629178E-09
   7.365001E+03  8.868378E-09  5.547741E-09
   7.395001E+03  5.379876E-09  2.971687E-09
   7.425001E+03  5.364492E-09  2.971650E-09
   7.455001E+03  7.277650E-09  4.690019E-09
   7.485001E+03  8.736385E-09  5.547583E-09
   7.515001E+03  8.812953E-09  5.547674E-09
   7.545001E+03  1.290246E-08  7.557231E-09
   7.575001E+03  8.058948E-09  5.136816E-09
   7.605001E+03  8.705462E-09  5.547572E-09
   7.635001E+03  8.831228E-09  5.547710E-09
   7.665001E+03  9.426988E-09  5.930036E-09
   7.695001E+03  8.615619E-09  5.547436E-09
   7.725001E+03  5.911115E-09  3.635658E-09
   7.755001E+03  9.367976E-09  5.930019E-09
   7.785001E+03  9.457829E-09  5.930037E-09
   7.815001E+03  7.101189E-09  4.689784E-09
   7.845001E+03  8.581309E-09  5.547424E-09
   7.875001E+03  7.929932E-09  5.136628E-09
   7.905001E+03  1.009104E-08  6.289242E-09
   7.935001E+03  9.934699E-09  6.289094E-09
   7.965001E+03  8.550004E-09  5.547382E-09
   7.995001E+03  8.594966E-09  5.547464E-09
   8.025001E+03  1.274206E-08  7.557084E-09
   8.055001E+03  7.088241E-09  4.689756E-09
   8.085001E+03  9.100968E-09  5.929648E-09
   8.115001E+03  9.157893E-09  5.929725E-09
   8.145001E+03  6.999490E-09  4.689621E-09
   8.175001E+03  1.260085E-08  7.556970E-09
   8.205001E+03  6.263595E-09  4.195565E-09
   8.235001E+03  6.326778E-09  4.195694E-09
   8.265001E+03  7.002658E-09  4.689635E-09
   8.295001E+03  7.682662E-09  5.136364E-09
   8.325001E+03  6.905381E-09  4.689509E-09
   8.355001E+03  8.279380E-09  5.547067E-09
   8.385001E+03  5.580204E-09  3.635036E-09
   8.415001E+03  9.024807E-09  5.929605E-09
   8.445001E+03  6.939666E-09  4.689571E-09
   8.475001E+03  7.505052E-09  5.136086E-09
   8.505001E+03  7.537011E-09  5.136190E-09
   8.535001E+03  6.990475E-09  4.689650E-09
   8.565001E+03  1.325259E-08  7.841977E-09
   8.595001E+03  6.905220E-09  4.689540E-09
   8.625001E+03  4.716577E-09  2.970199E-09
   8.655001E+03  6.175663E-09  4.195470E-09
   8.685001E+03  6.664535E-09  4.689151E-09
   8.715001E+03  9.497508E-09  6.288580E-09
   8.745001E+03  5.454683E-09  3.634874E-09
   8.775001E+03  8.903136E-09  5.929467E-09
   8.805001E+03  6.754570E-09  4.689308E-09
   8.835001E+03  6.037413E-09  4.195240E-09
   8.865001E+03  7.525374E-09  5.136155E-09
   8.895001E+03  8.115371E-09  5.546883E-09
   8.925001E+03  7.413079E-09  5.135987E-09
   8.955001E+03  8.048775E-09  5.546768E-09
   8.985001E+03  5.289856E-09  3.634551E-09
   9.015001E+03  1.155834E-08  7.260447E-09
   9.045001E+03  7.381826E-09  5.135956E-09
   9.075001E+03  7.350934E-09  5.135905E-09
   9.105001E+03  5.939020E-09  4.195087E-09
   9.135001E+03  3.806404E-09  2.104770E-09
   9.165001E+03  7.978945E-09  5.546713E-09
   9.195001E+03  8.630521E-09  5.929160E-09
   9.225001E+03  9.318311E-09  6.288396E-09
   9.255001E+03  7.925167E-09  5.546645E-09
   9.285001E+03  5.280596E-09  3.634559E-09
   9.315001E+03  5.190370E-09  3.634335E-09
   9.345001E+03  6.545244E-09  4.689007E-09
   9.375001E+03  7.266114E-09  5.135795E-09
   9.405001E+03  8.551058E-09  5.929062E-09
   9.435001E+03  5.042259E-09  3.634114E-09
   9.465001E+03  5.161796E-09  3.634350E-09
   9.495001E+03  9.255675E-09  6.288342E-09
   9.525001E+03  7.219895E-09  5.135733E-09
   9.555001E+03  4.316499E-09  2.969357E-09
   9.585001E+03  5.061022E-09  3.634189E-09
   9.615001E+03  6.562534E-09  4.689069E-09
   9.645001E+03  7.086999E-09  5.135603E-09
   9.675001E+03  7.797899E-09  5.546507E-09
   9.705001E+03  5.645997E-09  4.194625E-09
   9.735001E+03  7.163349E-09  5.135671E-09
   9.765001E+03  4.957524E-09  3.633950E-09
   9.795001E+03  8.343531E-09  5.928827E-09
   9.825001E+03  4.973312E-09  3.634017E-09
   9.855001E+03  4.117963E-09  2.968905E-09
   9.885001E+03  5.626328E-09  4.194624E-09
   9.915001E+03  4.893712E-09  3.633850E-09
   9.945001E+03  5.668150E-09  4.194677E-09
   9.975001E+03  6.919359E-09  5.135358E-09
   1.000500E+04  7.044987E-09  5.135537E-09
   1.003500E+04  4.243400E-09  2.969210E-09
   1.006500E+04  4.775646E-09  3.633603E-09
   1.009500E+04  4.880682E-09  3.633832E-09
   1.012500E+04  6.280246E-09  4.688672E-09
   1.015500E+04  6.113152E-09  4.688403E-09
   1.018500E+04  6.169068E-09  4.688517E-09
   1.021500E+04  5.599394E-09  4.194588E-09
   1.024500E+04  7.602223E-09  5.546279E-09
   1.027500E+04  4.857572E-09  3.633821E-09
   1.030500E+04  6.187397E-09  4.688549E-09
   1.033500E+04  4.078140E-09  2.968808E-09
   1.036500E+04  5.440658E-09  4.194324E-09
   1.039500E+04  6.910917E-09  5.135357E-09
   1.042500E+04  9.657160E-09  6.627877E-09
   1.045500E+04  6.824105E-09  5.135268E-09
   1.048500E+04  4.825940E-09  3.633733E-09
   1.051500E+04  6.911709E-09  5.135386E-09
   1.054500E+04  5.465025E-09  4.194338E-09
   1.057500E+04  5.381819E-09  4.194215E-09
   1.060500E+04  5.377666E-09  4.194239E-09
   1.063500E+04  4.613036E-09  3.633330E-09
   1.066500E+04  5.983452E-09  4.688245E-09
   1.069500E+04  4.728720E-09  3.633586E-09
   1.072500E+04  5.967305E-09  4.688221E-09
   1.075500E+04  5.276377E-09  4.194065E-09
   1.078500E+04  6.650509E-09  5.135032E-09
   1.081500E+04  5.982111E-09  4.688205E-09
   1.084500E+04  4.736314E-09  3.633605E-09
   1.087500E+04  3.929452E-09  2.968530E-09
   1.090500E+04  4.615331E-09  3.633320E-09
   1.093500E+04  5.263975E-09  4.194059E-09
   1.096500E+04  7.372281E-09  5.546023E-09
   1.099500E+04  6.652996E-09  5.135017E-09
   1.102500E+04  2.439744E-09  1.786775E-10
   1.105500E+04  3.778037E-09  2.968149E-09
   1.108500E+04  4.649257E-09  3.633429E-09
   1.111500E+04  3.859604E-09  2.968380E-09
   1.114500E+04  7.997872E-09  5.928449E-09
   1.117500E+04  5.277961E-09  4.194079E-09
   1.120500E+04  5.101552E-09  4.193796E-09
   1.123500E+04  4.477436E-09  3.633110E-09
   1.126500E+04  5.147553E-09  4.193843E-09
   1.129500E+04  7.304227E-09  5.545938E-09
   1.132500E+04  4.489724E-09  3.633148E-09
   1.135500E+04  7.374903E-09  5.546015E-09
   1.138500E+04  9.367442E-09  6.627580E-09
   1.141500E+04  6.521712E-09  5.134871E-09
   1.144500E+04  5.862386E-09  4.688091E-09
   1.147500E+04  5.012828E-09  4.193651E-09
   1.150500E+04  4.451650E-09  3.633054E-09
   1.153500E+04  4.467439E-09  3.633077E-09
   1.156500E+04  5.157251E-09  4.193845E-09
   1.159500E+04  3.157281E-09  2.102807E-09
   1.162500E+04  5.765194E-09  4.687950E-09
   1.165500E+04  6.502345E-09  5.134841E-09
   1.168500E+04  5.120236E-09  4.193816E-09
   1.171500E+04  7.777564E-09  5.928222E-09
   1.174500E+04  5.738998E-09  4.687882E-09
   1.177500E+04  2.212116E-09  1.708647E-10
   1.180500E+04  6.451399E-09  5.134801E-09
   1.183500E+04  5.093084E-09  4.193773E-09
   1.186500E+04  3.619765E-09  2.967862E-09
   1.189500E+04  3.691034E-09  2.967991E-09
   1.192500E+04  4.338286E-09  3.632855E-09
   1.195500E+04  4.315313E-09  3.632792E-09
   1.198500E+04  4.998923E-09  4.193641E-09
   1.201500E+04  3.742033E-09  2.968127E-09
   1.204500E+04  4.958659E-09  4.193572E-09
   1.207500E+04  4.311215E-09  3.632829E-09
   1.210500E+04  2.947437E-09  2.102114E-09
   1.213500E+04  3.468869E-09  2.967502E-09
   1.216500E+04  3.564531E-09  2.967743E-09
   1.219500E+04  2.795857E-09  2.101686E-09
   1.222500E+04  4.349841E-09  3.632890E-09
   1.225500E+04  3.613974E-09  2.967821E-09
   1.228500E+04  4.959616E-09  4.193549E-09
   1.231500E+04  4.144285E-09  3.632507E-09
   1.234500E+04  4.255627E-09  3.632691E-09
   1.237500E+04  5.602361E-09  4.687689E-09
   1.240500E+04  2.807631E-09  2.101721E-09
   1.243500E+04  2.749338E-09  2.101482E-09
   1.246500E+04  3.573952E-09  2.967743E-09
   1.249500E+04  6.266030E-09  5.134550E-09
   1.252500E+04  4.145815E-09  3.632479E-09
   1.255500E+04  4.252977E-09  3.632724E-09
   1.258500E+04  3.516044E-09  2.967634E-09
   1.261500E+04  4.236423E-09  3.632699E-09
   1.264500E+04  2.839317E-09  2.101838E-09
   1.267500E+04  2.821726E-09  2.101727E-09
   1.270500E+04  3.491350E-09  2.967580E-09
   1.273500E+04  3.455047E-09  2.967436E-09
   1.276500E+04  4.133139E-09  3.632505E-09
   1.279500E+04  2.801648E-09  2.101736E-09
   1.282500E+04  6.213882E-09  5.134502E-09
   1.285500E+04  2.054690E-09  1.651809E-10
   1.288500E+04  2.723223E-09  2.101427E-09
   1.291500E+04  4.047202E-09  3.632318E-09
   1.294500E+04  3.394951E-09  2.967286E-09
   1.297500E+04  5.506343E-09  4.687584E-09
   1.300500E+04  4.763729E-09  4.193236E-09
   1.303500E+04  4.042776E-09  3.632332E-09
   1.306500E+04  2.016721E-09  1.630517E-10
   1.309500E+04  3.305708E-09  2.967129E-09
   1.312500E+04  2.547714E-09  2.100881E-09
   1.315500E+04  2.692464E-09  2.101373E-09
   1.318500E+04  2.737427E-09  2.101519E-09
   1.321500E+04  1.920102E-09  1.592893E-10
   1.324500E+04  3.417104E-09  2.967412E-09
   1.327500E+04  3.365804E-09  2.967301E-09
   1.330500E+04  2.537143E-09  2.100890E-09
   1.333500E+04  4.658724E-09  4.193090E-09
   1.336500E+04  3.439203E-09  2.967422E-09
   1.339500E+04  3.284046E-09  2.967052E-09
   1.342500E+04  1.955259E-09  1.603429E-10
   1.345500E+04  3.343404E-09  2.967223E-09
   1.348500E+04  2.595136E-09  2.101053E-09
   1.351500E+04  4.040263E-09  3.632324E-09
   1.354500E+04  5.436576E-09  4.687502E-09
   1.357500E+04  3.325485E-09  2.967135E-09
   1.360500E+04  3.320841E-09  2.967184E-09
   1.363500E+04  3.330921E-09  2.967199E-09
   1.366500E+04  6.710129E-09  5.545238E-09
   1.369500E+04  1.865224E-09  1.567777E-10
   1.372500E+04  2.572135E-09  2.100999E-09
   1.375500E+04  3.248015E-09  2.966997E-09
   1.378500E+04  2.554133E-09  2.100940E-09
   1.381500E+04  1.857603E-09  1.558089E-10
   1.384500E+04  2.512885E-09  2.100823E-09
   1.387500E+04  3.912586E-09  3.632084E-09
   1.390500E+04  5.295350E-09  4.687294E-09
   1.393500E+04  4.622803E-09  4.193040E-09
   1.396500E+04  2.470954E-09  2.100726E-09
   1.399500E+04  5.289422E-09  4.687304E-09
   1.402500E+04  2.503161E-09  2.100784E-09
   1.405500E+04  3.941651E-09  3.632164E-09
   1.408500E+04  3.135799E-09  2.966774E-09
   1.411500E+04  3.241869E-09  2.966991E-09
   1.414500E+04  2.546894E-09  2.100962E-09
   1.417500E+04  3.143256E-09  2.966791E-09
   1.420500E+04  2.491634E-09  2.100674E-09
   1.423500E+04  3.255336E-09  2.967060E-09
   1.426500E+04  3.057920E-09  2.966616E-09
   1.429500E+04  3.106570E-09  2.966706E-09
   1.432500E+04  3.901687E-09  3.632083E-09
   1.435500E+04  1.827362E-09  1.566288E-10
   1.438500E+04  1.820834E-09  1.550146E-10
   1.441500E+04  2.492371E-09  2.100744E-09
   1.444500E+04  1.784503E-09  1.541987E-10
   1.447500E+04  2.400778E-09  2.100485E-09
   1.450500E+04  3.147872E-09  2.966835E-09
   1.453500E+04  3.167568E-09  2.966822E-09
   1.456500E+04  1.637186E-09  1.472942E-10
   1.459500E+04  5.178983E-09  4.687104E-09
   1.462500E+04  4.564400E-09  4.192979E-09
   1.465500E+04  3.782204E-09  3.631885E-09
   1.468500E+04  3.762673E-09  3.631825E-09
   1.471500E+04  3.205838E-09  2.966927E-09
   1.474500E+04  4.506489E-09  4.192863E-09
   1.477500E+04  3.061608E-09  2.966606E-09
   1.480500E+04  2.442683E-09  2.100563E-09
   1.483500E+04  1.662126E-09  1.480708E-10
   1.486500E+04  2.368737E-09  2.100296E-09
   1.489500E+04  3.775649E-09  3.631845E-09
   1.492500E+04  3.019076E-09  2.966486E-09
   1.495500E+04  3.000801E-09  2.966480E-09
   1.498500E+04  1.646064E-09  1.471603E-10
   1.501500E+04  3.082395E-09  2.966676E-09
   1.504500E+04  2.320715E-09  2.100167E-09
   1.507500E+04  3.113591E-09  2.966719E-09
   1.510500E+04  3.763793E-09  3.631820E-09
   1.513500E+04  2.973430E-09  2.966388E-09
   1.516500E+04  2.411760E-09  2.100538E-09
   1.519500E+04  2.286788E-09  2.100047E-09
   1.522500E+04  3.071086E-09  2.966641E-09
   1.525500E+04  2.958160E-09  2.966384E-09
   1.528500E+04  3.757538E-09  3.631825E-09
   1.531500E+04  2.275478E-09  2.100069E-09
   1.534500E+04  3.037706E-09  2.966533E-09
   1.537500E+04  3.001320E-09  2.966499E-09
   1.540500E+04  4.311477E-09  4.192554E-09
   1.543500E+04  4.350922E-09  4.192619E-09
   1.546500E+04  4.313034E-09  4.192549E-09
   1.549500E+04  3.053740E-09  2.966614E-09
   1.552500E+04  2.985831E-09  2.966468E-09
   1.555500E+04  2.902598E-09  2.966256E-09
   1.558500E+04  4.990963E-09  4.686856E-09
   1.561500E+04  2.229559E-09  2.099898E-09
   1.564500E+04  2.284875E-09  2.100086E-09
   1.567500E+04  2.961711E-09  2.966369E-09
   1.570500E+04  4.419268E-09  4.192727E-09
   1.573500E+04  1.590747E-09  1.457433E-10
   1.576500E+04  3.675944E-09  3.631661E-09
   1.579500E+04  2.923195E-09  2.966268E-09
   1.582500E+04  3.009488E-09  2.966470E-09
   1.585500E+04  2.159219E-09  2.099707E-09
   1.588500E+04  3.546928E-09  3.631408E-09
   1.591500E+04  1.522730E-09  1.417914E-10
   1.594500E+04  1.529586E-09  1.424473E-10
   1.597500E+04  2.209673E-09  2.099823E-09
   1.600500E+04  2.881510E-09  2.966189E-09
   1.603500E+04  2.867524E-09  2.966155E-09
   1.606500E+04  2.178887E-09  2.099730E-09
   1.609500E+04  3.608226E-09  3.631541E-09
   1.612500E+04  2.830210E-09  2.966068E-09
   1.615500E+04  2.167660E-09  2.099699E-09
   1.618500E+04  4.244743E-09  4.192438E-09
   1.621500E+04  2.871567E-09  2.966194E-09
   1.624500E+04  2.207651E-09  2.099900E-09
   1.627500E+04  4.302517E-09  4.192545E-09
   1.630500E+04  1.549090E-09  1.434738E-10
   1.633500E+04  1.536525E-09  1.423109E-10
   1.636500E+04  2.811525E-09  2.966033E-09
   1.639500E+04  2.908362E-09  2.966263E-09
   1.642500E+04  1.484076E-09  1.407816E-10
   1.645500E+04  2.849413E-09  2.966135E-09
   1.648500E+04  3.474730E-09  3.631302E-09
   1.651500E+04  1.423598E-09  1.371019E-10
   1.654500E+04  2.168807E-09  2.099721E-09
   1.657500E+04  2.133268E-09  2.099643E-09
   1.660500E+04  4.930320E-09  4.686766E-09
   1.663500E+04  3.625626E-09  3.631598E-09
   1.666500E+04  2.861132E-09  2.966160E-09
   1.669500E+04  2.160913E-09  2.099705E-09
   1.672500E+04  2.154138E-09  2.099681E-09
   1.675500E+04  1.319031E-09  1.311172E-10
   1.678500E+04  1.475773E-09  1.396693E-10
   1.681500E+04  1.421140E-09  1.367011E-10
   1.684500E+04  3.501173E-09  3.631334E-09
   1.687500E+04  2.133323E-09  2.099625E-09
   1.690500E+04  2.069976E-09  2.099400E-09
   1.693500E+04  2.896452E-09  2.966244E-09
   1.696500E+04  2.803221E-09  2.966045E-09
   1.699500E+04  2.779401E-09  2.966000E-09
   1.702500E+04  1.399587E-09  1.360493E-10
   1.705500E+04  2.081559E-09  2.099410E-09
   1.708500E+04  2.102702E-09  2.099493E-09
   1.711500E+04  1.444304E-09  1.383783E-10
   1.714500E+04  1.359951E-09  1.339690E-10
   1.717500E+04  2.848949E-09  2.966100E-09
   1.720500E+04  2.838814E-09  2.966101E-09
   1.723500E+04  1.367189E-09  1.350148E-10
   1.726500E+04  2.063257E-09  2.099372E-09
   1.729500E+04  3.463093E-09  3.631302E-09
   1.732500E+04  1.367463E-09  1.340589E-10
   1.735500E+04  2.030121E-09  2.099316E-09
   1.738500E+04  2.731979E-09  2.965879E-09
   1.741500E+04  2.075002E-09  2.099430E-09
   1.744500E+04  1.341949E-09  1.329641E-10
   1.747500E+04  1.282781E-09  1.305950E-10
   1.750500E+04  1.340447E-09  1.329459E-10
   1.753500E+04  3.449080E-09  3.631252E-09
   1.756500E+04  1.979231E-09  2.099104E-09
   1.759500E+04  2.816546E-09  2.966065E-09
   1.762500E+04  2.691660E-09  2.965789E-09
   1.765500E+04  1.266064E-09  1.288704E-10
   1.768500E+04  1.335393E-09  1.332677E-10
   1.771500E+04  1.319303E-09  1.330483E-10
   1.774500E+04  2.088661E-09  2.099456E-09
   1.777500E+04  2.719386E-09  2.965861E-09
   1.780500E+04  2.635962E-09  2.965649E-09
   1.783500E+04  1.285076E-09  1.301284E-10
   1.786500E+04  2.082869E-09  2.099495E-09
   1.789500E+04  1.334628E-09  1.329524E-10
   1.792500E+04  1.992862E-09  2.099176E-09
   1.795500E+04  1.927903E-09  2.098978E-09
   1.798500E+04  2.656040E-09  2.965709E-09
   1.801500E+04  4.013017E-09  4.192097E-09
   1.804500E+04  1.950385E-09  2.099006E-09
   1.807500E+04  1.305536E-09  1.315727E-10
   1.810500E+04  2.665382E-09  2.965726E-09
   1.813500E+04  4.054210E-09  4.192159E-09
   1.816500E+04  1.218861E-09  1.267638E-10
   1.819500E+04  1.994555E-09  2.099187E-09
   1.822500E+04  2.038589E-09  2.099347E-09
   1.825500E+04  1.248909E-09  1.286038E-10
   1.828500E+04  2.657460E-09  2.965687E-09
   1.831500E+04  1.968031E-09  2.099099E-09
   1.834500E+04  1.296330E-09  1.313830E-10
   1.837500E+04  1.955220E-09  2.099031E-09
   1.840500E+04  2.016955E-09  2.099272E-09
   1.843500E+04  1.865321E-09  2.098778E-09
   1.846500E+04  1.935442E-09  2.099022E-09
   1.849500E+04  1.926620E-09  2.098931E-09
   1.852500E+04  1.880728E-09  2.098799E-09
   1.855500E+04  1.187638E-09  1.252345E-10
   1.858500E+04  1.907907E-09  2.098925E-09
   1.861500E+04  1.182639E-09  1.253873E-10
   1.864500E+04  1.858738E-09  2.098758E-09
   1.867500E+04  1.881438E-09  2.098831E-09
   1.870500E+04  2.614928E-09  2.965638E-09
   1.873500E+04  1.980925E-09  2.099121E-09
   1.876500E+04  1.939513E-09  2.099027E-09
   1.879500E+04  4.669994E-09  4.686417E-09
   1.882500E+04  1.168244E-09  1.237574E-10
   1.885500E+04  1.891818E-09  2.098827E-09
   1.888500E+04  1.895233E-09  2.098874E-09
   1.891500E+04  2.651396E-09  2.965692E-09
   1.894500E+04  1.238010E-09  1.283091E-10
   1.897500E+04  1.866797E-09  2.098740E-09
   1.900500E+04  1.096866E-09  1.194086E-10
   1.903500E+04  1.892555E-09  2.098892E-09
   1.906500E+04  1.904220E-09  2.098931E-09
   1.909500E+04  3.321812E-09  3.631041E-09
   1.912500E+04  2.629898E-09  2.965654E-09
   1.915500E+04  1.195669E-09  1.257700E-10
   1.918500E+04  1.864748E-09  2.098763E-09
   1.921500E+04  1.183650E-09  1.256166E-10
   1.924500E+04  1.198374E-09  1.261011E-10
   1.927500E+04  1.864611E-09  2.098747E-09
   1.930500E+04  1.156770E-09  1.247024E-10
   1.933500E+04  2.598047E-09  2.965586E-09
   1.936500E+04  2.549041E-09  2.965444E-09
   1.939500E+04  1.046112E-09  1.175174E-10
   1.942500E+04  3.911756E-09  4.191898E-09
   1.945500E+04  1.154667E-09  1.237734E-10
   1.948500E+04  1.119238E-09  1.218453E-10
   1.951500E+04  1.891982E-09  2.098878E-09
   1.954500E+04  1.849969E-09  2.098753E-09
   1.957500E+04  2.534454E-09  2.965435E-09
   1.960500E+04  1.822407E-09  2.098609E-09
   1.963500E+04  1.184278E-09  1.256787E-10
   1.966500E+04  1.139917E-09  1.226167E-10
   1.969500E+04  1.808121E-09  2.098579E-09
   1.972500E+04  2.562044E-09  2.965496E-09
   1.975500E+04  1.791321E-09  2.098534E-09
   1.978500E+04  1.844178E-09  2.098695E-09
   1.981500E+04  1.059661E-09  1.183925E-10
   1.984500E+04  1.142184E-09  1.229781E-10
   1.987500E+04  2.530520E-09  2.965449E-09
   1.990500E+04  1.833580E-09  2.098660E-09
   1.993500E+04  2.495036E-09  2.965372E-09
   1.996500E+04  1.067965E-09  1.195320E-10
   1.999500E+04  1.109240E-09  1.221591E-10
   2.002500E+04  1.101017E-09  1.215213E-10
   2.005500E+04  3.168676E-09  3.630755E-09
   2.008500E+04  2.561743E-09  2.965508E-09
   2.011500E+04  1.838879E-09  2.098722E-09
   2.014500E+04  1.118008E-09  1.223852E-10
   2.017500E+04  2.448571E-09  2.965268E-09
   2.020500E+04  1.029886E-09  1.169768E-10
   2.023500E+04  1.070369E-09  1.186235E-10
   2.026500E+04  1.728247E-09  2.098359E-09
   2.029500E+04  1.714261E-09  2.098298E-09
   2.032500E+04  1.791758E-09  2.098532E-09
   2.035500E+04  1.781268E-09  2.098568E-09
   2.038500E+04  1.040184E-09  1.179269E-10
   2.041500E+04  1.077416E-09  1.196304E-10
   2.044500E+04  3.855046E-09  4.191837E-09
   2.047500E+04  1.736223E-09  2.098390E-09
   2.050500E+04  2.418250E-09  2.965165E-09
   2.053500E+04  1.122707E-09  1.226133E-10
   2.056500E+04  1.840354E-09  2.098684E-09
   2.059500E+04  1.724423E-09  2.098335E-09
   2.062500E+04  1.022619E-09  1.167608E-10
   2.065500E+04  1.704673E-09  2.098277E-09
   2.068500E+04  1.049198E-09  1.180495E-10
   2.071500E+04  1.706011E-09  2.098312E-09
   2.074500E+04  1.076132E-09  1.203771E-10
   2.077500E+04  1.074220E-09  1.195023E-10
   2.080500E+04  1.696915E-09  2.098277E-09
   2.083500E+04  1.045429E-09  1.176524E-10
   2.086500E+04  1.046220E-09  1.186975E-10
   2.089500E+04  1.028930E-09  1.165274E-10
   2.092500E+04  9.717014E-10  1.138138E-10
   2.095500E+04  1.802220E-09  2.098641E-09
   2.098500E+04  1.649467E-09  2.098066E-09
   2.101500E+04  1.040867E-09  1.177921E-10
   2.104500E+04  1.772417E-09  2.098522E-09
   2.107500E+04  1.047641E-09  1.182295E-10
   2.110500E+04  2.427264E-09  2.965233E-09
   2.113500E+04  1.688119E-09  2.098225E-09
   2.116500E+04  1.749117E-09  2.098396E-09
   2.119500E+04  2.391370E-09  2.965135E-09
   2.122500E+04  1.011146E-09  1.161654E-10
   2.125500E+04  9.780666E-10  1.133658E-10
   2.128500E+04  3.155264E-09  3.630736E-09
   2.131500E+04  1.063949E-09  1.193361E-10
   2.134500E+04  2.369681E-09  2.965085E-09
   2.137500E+04  9.691067E-10  1.130288E-10
   2.140500E+04  1.708497E-09  2.098288E-09
   2.143500E+04  1.000302E-09  1.156344E-10
   2.146500E+04  1.702351E-09  2.098267E-09
   2.149500E+04  1.742697E-09  2.098440E-09
   2.152500E+04  1.728821E-09  2.098361E-09
   2.155500E+04  9.968597E-10  1.156160E-10
   2.158500E+04  9.707178E-10  1.144183E-10
   2.161500E+04  2.373123E-09  2.965086E-09
   2.164500E+04  1.003280E-09  1.151103E-10
   2.167500E+04  9.573600E-10  1.134619E-10
   2.170500E+04  9.865338E-10  1.155608E-10
   2.173500E+04  3.061186E-09  3.630548E-09
   2.176500E+04  1.648428E-09  2.098103E-09
   2.179500E+04  9.244714E-10  1.106886E-10
   2.182500E+04  1.026607E-09  1.179437E-10
   2.185500E+04  9.641345E-10  1.139159E-10
   2.188500E+04  9.509957E-10  1.122583E-10
   2.191500E+04  9.806613E-10  1.141485E-10
   2.194500E+04  9.626868E-10  1.136867E-10
   2.197500E+04  1.673395E-09  2.098196E-09
   2.200500E+04  9.401780E-10  1.124362E-10
   2.203500E+04  9.697889E-10  1.145304E-10
   2.206500E+04  1.697598E-09  2.098270E-09
   2.209500E+04  2.986776E-09  3.630430E-09
   2.212500E+04  1.613326E-09  2.098011E-09
   2.215500E+04  8.808468E-10  1.085633E-10
   2.218500E+04  8.930574E-10  1.088373E-10
   2.221500E+04  9.339501E-10  1.115284E-10
   2.224500E+04  9.585896E-10  1.128793E-10
   2.227500E+04  1.653208E-09  2.098139E-09
   2.230500E+04  1.638649E-09  2.098076E-09
   2.233500E+04  9.028317E-10  1.097873E-10
   2.236500E+04  9.924071E-10  1.153484E-10
   2.239500E+04  8.630642E-10  1.064344E-10
   2.242500E+04  9.293063E-10  1.111565E-10
   2.245500E+04  9.355342E-10  1.120674E-10
   2.248500E+04  9.629874E-10  1.133619E-10
   2.251500E+04  8.953793E-10  1.090274E-10
   2.254500E+04  8.967723E-10  1.094829E-10
   2.257500E+04  1.615785E-09  2.098037E-09
   2.260500E+04  9.188987E-10  1.105771E-10
   2.263500E+04  2.334388E-09  2.965017E-09
   2.266500E+04  1.647062E-09  2.098118E-09
   2.269500E+04  9.423087E-10  1.125270E-10
   2.272500E+04  8.827593E-10  1.078071E-10
   2.275500E+04  1.600652E-09  2.097959E-09
   2.278500E+04  1.575193E-09  2.097878E-09
   2.281500E+04  9.629597E-10  1.144282E-10
   2.284500E+04  1.579372E-09  2.097860E-09
   2.287500E+04  1.539927E-09  2.097732E-09
   2.290500E+04  1.609612E-09  2.097977E-09
   2.293500E+04  8.584474E-10  1.068107E-10
   2.296500E+04  1.568719E-09  2.097836E-09
   2.299500E+04  9.463242E-10  1.129691E-10
   2.302500E+04  8.666696E-10  1.075357E-10
   2.305500E+04  1.560060E-09  2.097800E-09
   2.308500E+04  9.326936E-10  1.113884E-10
   2.311500E+04  9.182705E-10  1.105065E-10
   2.314500E+04  8.933851E-10  1.092469E-10
   2.317500E+04  1.568172E-09  2.097860E-09
   2.320500E+04  8.532571E-10  1.068916E-10
   2.323500E+04  8.967723E-10  1.094829E-10
   2.326500E+04  8.926203E-10  1.088621E-10
   2.329500E+04  1.568418E-09  2.097854E-09
   2.332500E+04  2.261699E-09  2.964841E-09
   2.335500E+04  8.610699E-10  1.066593E-10
   2.338500E+04  8.557432E-10  1.064197E-10
   2.341500E+04  1.560196E-09  2.097817E-09
   2.344500E+04  8.642930E-10  1.075634E-10
   2.347500E+04  8.304207E-10  1.053819E-10
   2.350500E+04  8.217345E-10  1.036371E-10
   2.353500E+04  8.772136E-10  1.084470E-10
   2.356500E+04  1.521406E-09  2.097730E-09
   2.359500E+04  9.046938E-10  1.105244E-10
   2.362500E+04  1.553777E-09  2.097763E-09
   2.365500E+04  1.528427E-09  2.097749E-09
   2.368500E+04  2.289097E-09  2.964899E-09
   2.371500E+04  7.496460E-10  9.962540E-11
   2.374500E+04  2.215752E-09  2.964756E-09
   2.377500E+04  1.551318E-09  2.097826E-09
   2.380500E+04  1.524029E-09  2.097723E-09
   2.383500E+04  9.010337E-10  1.096693E-10
   2.386500E+04  8.711222E-10  1.078228E-10
   2.389500E+04  1.534874E-09  2.097752E-09
   2.392500E+04  8.528748E-10  1.066951E-10
   2.395500E+04  7.792569E-10  1.019831E-10
   2.398500E+04  8.587203E-10  1.074486E-10
   2.401500E+04  8.621623E-10  1.074684E-10
   2.404500E+04  8.433413E-10  1.060405E-10
   2.407500E+04  1.476553E-09  2.097562E-09
   2.410500E+04  8.283170E-10  1.058128E-10
   2.413500E+04  8.237827E-10  1.049706E-10
   2.416500E+04  8.361298E-10  1.055781E-10
   2.419500E+04  8.600863E-10  1.071526E-10
   2.422500E+04  7.839554E-10  1.021568E-10
   2.425500E+04  7.881073E-10  1.028181E-10
   2.428500E+04  1.559185E-09  2.097803E-09
   2.431500E+04  1.502886E-09  2.097640E-09
   2.434500E+04  1.471499E-09  2.097582E-09
   2.437500E+04  7.744489E-10  1.022732E-10
   2.440500E+04  7.734383E-10  1.019914E-10
   2.443500E+04  8.368398E-10  1.061981E-10
   2.446500E+04  7.716082E-10  1.015288E-10
   2.449500E+04  7.981325E-10  1.032380E-10
   2.452500E+04  1.545909E-09  2.097794E-09
   2.455500E+04  7.757602E-10  1.021942E-10
   2.458500E+04  7.768803E-10  1.021713E-10
   2.461500E+04  1.451531E-09  2.097479E-09
   2.464500E+04  8.379876E-10  1.050261E-10
   2.467500E+04  7.971219E-10  1.029588E-10
   2.470500E+04  1.506465E-09  2.097657E-09
   2.473500E+04  1.473056E-09  2.097572E-09
   2.476500E+04  1.491331E-09  2.097668E-09
   2.479500E+04  7.589335E-10  1.004532E-10
   2.482500E+04  2.178629E-09  2.964672E-09
   2.485500E+04  6.847151E-10  9.424179E-11
   2.488500E+04  7.775633E-10  1.018565E-10
   2.491500E+04  7.910027E-10  1.033244E-10
   2.494500E+04  7.895550E-10  1.030716E-10
   2.497500E+04  1.472401E-09  2.097529E-09
   2.500500E+04  8.038686E-10  1.044708E-10
   2.503500E+04  1.488845E-09  2.097603E-09
   2.506500E+04  1.519058E-09  2.097682E-09
   2.509500E+04  7.364247E-10  9.903573E-11
   2.512500E+04  8.580103E-10  1.068359E-10
   2.515500E+04  1.501575E-09  2.097644E-09
   2.518500E+04  7.198162E-10  9.817999E-11
   2.521500E+04  7.870967E-10  1.025378E-10
   2.524500E+04  7.611459E-10  1.011285E-10
   2.527500E+04  1.418287E-09  2.097360E-09
   2.530500E+04  1.430470E-09  2.097424E-09
   2.533500E+04  7.829717E-10  1.026718E-10
   2.536500E+04  7.251152E-10  9.950266E-11
   2.539500E+04  1.532688E-09  2.097758E-09
   2.542500E+04  7.876155E-10  1.030743E-10
   2.545500E+04  1.518647E-09  2.097734E-09
   2.548500E+04  7.673468E-10  1.013274E-10
   2.551500E+04  7.651614E-10  1.014603E-10
   2.554500E+04  1.459835E-09  2.097544E-09
   2.557500E+04  7.581141E-10  1.002710E-10
   2.560500E+04  7.828353E-10  1.023384E-10
   2.563500E+04  1.432546E-09  2.097441E-09
   2.566500E+04  7.618289E-10  1.009713E-10
   2.569500E+04  7.526778E-10  1.004884E-10
   2.572500E+04  1.433202E-09  2.097394E-09
   2.575500E+04  7.757054E-10  1.024256E-10
   2.578500E+04  1.441697E-09  2.097464E-09
   2.581500E+04  7.190515E-10  9.775158E-11
   2.584500E+04  7.243235E-10  9.825367E-11
   2.587500E+04  7.596982E-10  1.008702E-10
   2.590500E+04  1.463441E-09  2.097511E-09
   2.593500E+04  2.158607E-09  2.964607E-09
   2.596500E+04  1.445275E-09  2.097481E-09
   2.599500E+04  6.735968E-10  9.484304E-11
   2.602500E+04  6.748263E-10  9.414532E-11
   2.605500E+04  7.277107E-10  9.851600E-11
   2.608500E+04  1.406541E-09  2.097294E-09
   2.611500E+04  1.397308E-09  2.097333E-09
   2.614500E+04  1.427028E-09  2.097423E-09
   2.617500E+04  1.464834E-09  2.097535E-09
   2.620500E+04  7.965206E-10  1.036724E-10
   2.623500E+04  6.035573E-10  8.991360E-11
   2.626500E+04  6.348348E-10  9.195130E-11
   2.629500E+04  7.189420E-10  9.823484E-11
   2.632500E+04  6.830755E-10  9.582180E-11
   2.635500E+04  1.426099E-09  2.097437E-09
   2.638500E+04  1.404328E-09  2.097351E-09
   2.641500E+04  6.987003E-10  9.724234E-11
   2.644500E+04  7.070867E-10  9.731095E-11
   2.647500E+04  6.754816E-10  9.508941E-11
   2.650500E+04  6.927183E-10  9.605395E-11
   2.653500E+04  6.305187E-10  9.180999E-11
   2.656500E+04  7.177402E-10  9.783420E-11
   2.659500E+04  1.397527E-09  2.097288E-09
   2.662500E+04  2.047620E-09  2.964362E-09
   2.665500E+04  7.220833E-10  9.863100E-11
   2.668500E+04  2.125991E-09  2.964525E-09
   2.671500E+04  1.425444E-09  2.097395E-09
   2.674500E+04  1.371958E-09  2.097229E-09
   2.677500E+04  6.963785E-10  9.702920E-11
   2.680500E+04  6.362278E-10  9.231523E-11
   2.683500E+04  1.341801E-09  2.097140E-09
   2.686500E+04  7.164559E-10  9.874588E-11
   2.689500E+04  6.457065E-10  9.332052E-11
   2.692500E+04  6.386861E-10  9.290776E-11
   2.695500E+04  6.355995E-10  9.223071E-11
   2.698500E+04  7.042730E-10  9.736918E-11
   2.701500E+04  6.561410E-10  9.486971E-11
   2.704500E+04  6.587636E-10  9.469921E-11
   2.707500E+04  6.039396E-10  9.014669E-11
   2.710500E+04  6.493396E-10  9.373152E-11
   2.713500E+04  6.510332E-10  9.359368E-11
   2.716500E+04  6.719849E-10  9.531574E-11
   2.719500E+04  6.098947E-10  9.051565E-11
   2.722500E+04  1.342757E-09  2.097165E-09
   2.725500E+04  6.244272E-10  9.107182E-11
   2.728500E+04  6.170515E-10  9.131426E-11
   2.731500E+04  6.447506E-10  9.275664E-11
   2.734500E+04  6.153031E-10  9.143216E-11
   2.737500E+04  6.197287E-10  9.087693E-11
   2.740500E+04  6.185817E-10  9.018151E-11
   2.743500E+04  6.728043E-10  9.550746E-11
   2.746500E+04  6.090752E-10  9.031334E-11
   2.749500E+04  6.125442E-10  9.123497E-11
   2.752500E+04  1.362889E-09  2.097234E-09
   2.755500E+04  6.352989E-10  9.262955E-11
   2.758500E+04  5.949798E-10  8.972246E-11
   2.761500E+04  6.552399E-10  9.406370E-11
   2.764500E+04  5.922208E-10  8.952149E-11
   2.767500E+04  6.495855E-10  9.331450E-11
   2.770500E+04  5.988588E-10  8.971620E-11
   2.773500E+04  5.824962E-10  8.862195E-11
   2.776500E+04  6.062068E-10  9.063770E-11
   2.779500E+04  1.343740E-09  2.097140E-09
   2.782500E+04  6.125442E-10  9.123497E-11
   2.785500E+04  6.419639E-10  9.369197E-11
   2.788500E+04  5.478045E-10  8.544622E-11
   2.791500E+04  5.981758E-10  8.989302E-11
   2.794500E+04  6.101675E-10  9.126756E-11
   2.797500E+04  5.931497E-10  8.919623E-11
   2.800500E+04  5.873311E-10  8.920567E-11
   2.803500E+04  6.003882E-10  9.064699E-11
   2.806500E+04  6.163137E-10  9.174644E-11
   2.809500E+04  5.696303E-10  8.726745E-11
   2.812500E+04  5.955533E-10  9.007261E-11
   2.815500E+04  2.046581E-09  2.964387E-09
   2.818500E+04  5.926579E-10  8.949140E-11
   2.821500E+04  5.709138E-10  8.837342E-11
   2.824500E+04  5.976840E-10  9.018591E-11
   2.827500E+04  5.757765E-10  8.776817E-11
   2.830500E+04  5.722798E-10  8.801332E-11
   2.833500E+04  5.398005E-10  8.561351E-11
   2.836500E+04  5.268798E-10  8.449134E-11
   2.839500E+04  5.622545E-10  8.752042E-11
   2.842500E+04  1.243243E-09  2.096851E-09
   2.845500E+04  5.051087E-10  8.232177E-11
   2.848500E+04  5.463020E-10  8.541798E-11
   2.851500E+04  5.149698E-10  8.369867E-11
   2.854500E+04  5.889153E-10  8.987867E-11
   2.857500E+04  5.110090E-10  8.301139E-11
   2.860500E+04  5.406199E-10  8.582690E-11
   2.863500E+04  5.241756E-10  8.399647E-11
   2.866500E+04  5.832062E-10  8.935965E-11
   2.869500E+04  5.171005E-10  8.382060E-11
   2.872500E+04  5.512187E-10  8.669333E-11
   2.875500E+04  4.456680E-10  7.756001E-11
   2.878500E+04  5.233831E-10  8.474597E-11
   2.881500E+04  5.310317E-10  8.528979E-11
   2.884500E+04  5.088236E-10  8.317345E-11
   2.887500E+04  5.340366E-10  8.553641E-11
   2.890500E+04  4.834741E-10  8.051895E-11
   2.893500E+04  5.219901E-10  8.415664E-11
   2.896500E+04  4.532072E-10  7.875748E-11
   2.899500E+04  5.006831E-10  8.293429E-11
   2.902500E+04  4.745412E-10  8.105582E-11
   2.905500E+04  5.067198E-10  8.402651E-11
   2.908500E+04  4.817527E-10  8.165723E-11
   2.911500E+04  4.925974E-10  8.240760E-11
   2.914500E+04  4.347139E-10  7.737673E-11
   2.917500E+04  4.821351E-10  8.191382E-11
   2.920500E+04  4.842658E-10  8.203840E-11
   2.923500E+04  4.182148E-10  7.565485E-11
   2.926500E+04  4.394941E-10  7.834744E-11
   2.929500E+04  4.033546E-10  7.438630E-11
   2.932500E+04  4.310260E-10  7.751944E-11
   2.935500E+04  4.401223E-10  7.844692E-11
   2.938500E+04  4.495193E-10  7.889770E-11
   2.941500E+04  4.108391E-10  7.594647E-11
   2.944500E+04  4.304794E-10  7.816242E-11
   2.947500E+04  3.818565E-10  7.285658E-11
   2.950500E+04  3.714489E-10  7.196931E-11
   2.953500E+04  4.067688E-10  7.581558E-11
   2.956500E+04  3.518902E-10  7.038308E-11
   2.959500E+04  3.259942E-10  6.796571E-11
   2.962500E+04  3.475741E-10  7.042928E-11
   2.965500E+04  3.610682E-10  7.220898E-11
   2.968500E+04  2.992787E-10  6.517905E-11
   2.971500E+04  3.534196E-10  7.156578E-11
   2.974500E+04  2.870680E-10  6.472021E-11
   2.977500E+04  2.449188E-10  5.970235E-11
   2.980500E+04  2.446729E-10  5.992280E-11
   2.983500E+04  2.247319E-10  5.764509E-11
   2.986500E+04  1.973882E-10  5.418778E-11
   2.989500E+04  1.825280E-10  5.240196E-11
   2.992500E+04  1.528624E-10  4.814463E-11
   2.995500E+04  1.048129E-10  3.974312E-11
   2.998500E+04  8.468071E-11  3.592675E-11
