 #  Results from PENEPMA.
 #  Angular distribution of emerging photons.
 #  1st and 2nd columns: THETA and PHI (deg).
 #  3rd and 4th columns: probability density and STU (1/sr)

   2.000000E+00  6.000001E+00  2.871119E-04  1.221900E-04
   2.000000E+00  1.800000E+01  2.527380E-04  1.232526E-04
   2.000000E+00  3.000000E+01  1.806388E-04  8.973407E-05
   2.000000E+00  4.200000E+01  2.651964E-04  1.298672E-04
   2.000000E+00  5.400001E+01  1.284066E-03  2.197687E-03
   2.000000E+00  6.600001E+01  6.924668E-04  1.554367E-03
   2.000000E+00  7.800001E+01  7.196443E-04  1.555620E-03
   2.000000E+00  9.000001E+01  2.760434E-04  1.344080E-04
   2.000000E+00  1.020000E+02  1.221766E-03  2.196513E-03
   2.000000E+00  1.140000E+02  1.854082E-04  1.021716E-04
   2.000000E+00  1.260000E+02  3.081575E-04  1.347610E-04
   2.000000E+00  1.380000E+02  2.060912E-04  1.242212E-04
   2.000000E+00  1.500000E+02  7.416389E-04  1.555843E-03
   2.000000E+00  1.620000E+02  1.354946E-03  2.200049E-03
   2.000000E+00  1.740000E+02  2.568973E-04  1.192961E-04
   2.000000E+00  1.860000E+02  2.689431E-04  1.151595E-04
   2.000000E+00  1.980000E+02  1.683311E-04  8.410207E-05
   2.000000E+00  2.100000E+02  1.224510E-03  2.196613E-03
   2.000000E+00  2.220000E+02  7.095924E-04  1.554213E-03
   2.000000E+00  2.340000E+02  2.367786E-04  1.245455E-04
   2.000000E+00  2.460000E+02  2.177596E-04  1.079786E-04
   2.000000E+00  2.580000E+02  1.187428E-03  2.196035E-03
   2.000000E+00  2.700000E+02  1.252762E-03  2.196971E-03
   2.000000E+00  2.820000E+02  2.072273E-04  1.054718E-04
   2.000000E+00  2.940000E+02  6.910823E-04  1.555469E-03
   2.000000E+00  3.060000E+02  2.333383E-04  1.271482E-04
   2.000000E+00  3.180000E+02  1.264678E-03  2.197104E-03
   2.000000E+00  3.300000E+02  2.451481E-04  1.168928E-04
   2.000000E+00  3.420000E+02  7.118387E-04  1.553666E-03
   2.000000E+00  3.540000E+02  2.382856E-04  1.229718E-04
    
   6.000001E+00  6.000001E+00  7.246875E-04  8.989478E-04
   6.000001E+00  1.800000E+01  5.927741E-04  7.364108E-04
   6.000001E+00  3.000000E+01  2.040828E-04  5.488634E-05
   6.000001E+00  4.200000E+01  9.087325E-04  1.038264E-03
   6.000001E+00  5.400001E+01  2.204466E-04  6.548553E-05
   6.000001E+00  6.600001E+01  5.104933E-04  7.342303E-04
   6.000001E+00  7.800001E+01  3.767421E-04  5.214620E-04
   6.000001E+00  9.000001E+01  5.478298E-04  7.349863E-04
   6.000001E+00  1.020000E+02  7.777403E-04  9.009670E-04
   6.000001E+00  1.140000E+02  5.842623E-04  7.357220E-04
   6.000001E+00  1.260000E+02  8.905669E-04  1.037701E-03
   6.000001E+00  1.380000E+02  5.734753E-04  7.367128E-04
   6.000001E+00  1.500000E+02  7.389482E-04  8.999042E-04
   6.000001E+00  1.620000E+02  3.800413E-04  5.223228E-04
   6.000001E+00  1.740000E+02  1.949513E-04  5.369330E-05
   6.000001E+00  1.860000E+02  1.868029E-04  5.017047E-05
   6.000001E+00  1.980000E+02  6.062990E-04  7.362957E-04
   6.000001E+00  2.100000E+02  5.642104E-04  7.355292E-04
   6.000001E+00  2.220000E+02  5.865532E-04  7.362211E-04
   6.000001E+00  2.340000E+02  4.095609E-04  5.227197E-04
   6.000001E+00  2.460000E+02  1.101465E-03  1.160736E-03
   6.000001E+00  2.580000E+02  3.933575E-04  5.225738E-04
   6.000001E+00  2.700000E+02  3.510338E-04  5.205520E-04
   6.000001E+00  2.820000E+02  3.768314E-04  5.213876E-04
   6.000001E+00  2.940000E+02  9.153334E-04  1.038355E-03
   6.000001E+00  3.060000E+02  1.968714E-04  5.698213E-05
   6.000001E+00  3.180000E+02  7.663195E-04  9.004379E-04
   6.000001E+00  3.300000E+02  1.094034E-03  1.160170E-03
   6.000001E+00  3.420000E+02  1.866701E-04  5.874423E-05
   6.000001E+00  3.540000E+02  7.619048E-04  9.002829E-04
    
   1.000000E+01  6.000001E+00  8.269789E-04  7.652732E-04
   1.000000E+01  1.800000E+01  8.510739E-04  7.657286E-04
   1.000000E+01  3.000000E+01  4.075465E-04  4.435414E-04
   1.000000E+01  4.200000E+01  4.001322E-04  4.432794E-04
   1.000000E+01  5.400001E+01  9.280911E-04  8.263806E-04
   1.000000E+01  6.600001E+01  6.200279E-04  6.254533E-04
   1.000000E+01  7.800001E+01  6.976269E-04  6.984475E-04
   1.000000E+01  9.000001E+01  7.087348E-04  6.986253E-04
   1.000000E+01  1.020000E+02  2.186039E-04  5.018624E-05
   1.000000E+01  1.140000E+02  4.458799E-04  4.446715E-04
   1.000000E+01  1.260000E+02  6.381471E-04  6.259065E-04
   1.000000E+01  1.380000E+02  5.360221E-04  5.422980E-04
   1.000000E+01  1.500000E+02  4.169477E-04  4.434500E-04
   1.000000E+01  1.620000E+02  8.562344E-04  7.657581E-04
   1.000000E+01  1.740000E+02  4.306461E-04  4.441807E-04
   1.000000E+01  1.860000E+02  6.141190E-04  6.253793E-04
   1.000000E+01  1.980000E+02  3.117505E-04  3.151040E-04
   1.000000E+01  2.100000E+02  2.995964E-04  3.148918E-04
   1.000000E+01  2.220000E+02  7.120228E-04  6.992523E-04
   1.000000E+01  2.340000E+02  4.372018E-04  4.436637E-04
   1.000000E+01  2.460000E+02  3.095270E-04  3.153087E-04
   1.000000E+01  2.580000E+02  3.084651E-04  3.155960E-04
   1.000000E+01  2.700000E+02  2.067287E-04  4.596814E-05
   1.000000E+01  2.820000E+02  3.431249E-04  3.162694E-04
   1.000000E+01  2.940000E+02  6.344384E-04  6.256690E-04
   1.000000E+01  3.060000E+02  8.163938E-04  7.650439E-04
   1.000000E+01  3.180000E+02  9.727724E-04  8.269292E-04
   1.000000E+01  3.300000E+02  8.453356E-04  7.656386E-04
   1.000000E+01  3.420000E+02  5.475285E-04  5.428079E-04
   1.000000E+01  3.540000E+02  5.219883E-04  5.422563E-04
    
   1.400000E+01  6.000001E+00  3.511599E-04  3.189220E-04
   1.400000E+01  1.800000E+01  8.017446E-04  6.343645E-04
   1.400000E+01  3.000000E+01  6.495336E-04  5.496235E-04
   1.400000E+01  4.200000E+01  3.671856E-04  3.191183E-04
   1.400000E+01  5.400001E+01  6.646836E-04  5.499271E-04
   1.400000E+01  6.600001E+01  6.482306E-04  5.495532E-04
   1.400000E+01  7.800001E+01  5.219599E-04  4.495631E-04
   1.400000E+01  9.000001E+01  6.532175E-04  5.497329E-04
   1.400000E+01  1.020000E+02  5.780123E-04  5.021444E-04
   1.400000E+01  1.140000E+02  4.394706E-04  3.900720E-04
   1.400000E+01  1.260000E+02  4.280541E-04  3.894993E-04
   1.400000E+01  1.380000E+02  5.243584E-04  4.498118E-04
   1.400000E+01  1.500000E+02  5.804315E-04  5.021339E-04
   1.400000E+01  1.620000E+02  5.232978E-04  4.498869E-04
   1.400000E+01  1.740000E+02  5.378731E-04  4.501077E-04
   1.400000E+01  1.860000E+02  5.661902E-04  5.019120E-04
   1.400000E+01  1.980000E+02  6.445105E-04  5.496704E-04
   1.400000E+01  2.100000E+02  4.374052E-04  3.900082E-04
   1.400000E+01  2.220000E+02  2.916822E-04  2.276784E-04
   1.400000E+01  2.340000E+02  5.950133E-04  5.022133E-04
   1.400000E+01  2.460000E+02  2.151887E-04  4.011629E-05
   1.400000E+01  2.580000E+02  4.386932E-04  3.901341E-04
   1.400000E+01  2.700000E+02  3.608484E-04  3.192369E-04
   1.400000E+01  2.820000E+02  2.646250E-04  2.266086E-04
   1.400000E+01  2.940000E+02  8.245128E-04  6.346789E-04
   1.400000E+01  3.060000E+02  5.881671E-04  5.022557E-04
   1.400000E+01  3.180000E+02  5.940282E-04  5.024308E-04
   1.400000E+01  3.300000E+02  3.119692E-04  2.285519E-04
   1.400000E+01  3.420000E+02  6.564092E-04  5.495951E-04
   1.400000E+01  3.540000E+02  4.286570E-04  3.896611E-04
    
   1.800000E+01  6.000001E+00  8.147269E-04  5.554728E-04
   1.800000E+01  1.800000E+01  5.556170E-04  4.305376E-04
   1.800000E+01  3.000000E+01  5.763731E-04  4.313665E-04
   1.800000E+01  4.200000E+01  3.789763E-04  3.056841E-04
   1.800000E+01  5.400001E+01  5.139288E-04  3.936327E-04
   1.800000E+01  6.600001E+01  4.432573E-04  3.524143E-04
   1.800000E+01  7.800001E+01  3.925796E-04  3.054922E-04
   1.800000E+01  9.000001E+01  5.549489E-04  4.306553E-04
   1.800000E+01  1.020000E+02  4.269537E-04  3.522583E-04
   1.800000E+01  1.140000E+02  5.610141E-04  4.307580E-04
   1.800000E+01  1.260000E+02  4.307365E-04  3.521609E-04
   1.800000E+01  1.380000E+02  6.830953E-04  4.970267E-04
   1.800000E+01  1.500000E+02  3.930903E-04  3.057045E-04
   1.800000E+01  1.620000E+02  3.321146E-04  2.504828E-04
   1.800000E+01  1.740000E+02  3.661794E-04  3.052962E-04
   1.800000E+01  1.860000E+02  3.877908E-04  3.057092E-04
   1.800000E+01  1.980000E+02  8.013208E-04  5.554158E-04
   1.800000E+01  2.100000E+02  5.017377E-04  3.936063E-04
   1.800000E+01  2.220000E+02  5.499761E-04  4.305955E-04
   1.800000E+01  2.340000E+02  5.606861E-04  4.306251E-04
   1.800000E+01  2.460000E+02  6.932741E-04  4.973678E-04
   1.800000E+01  2.580000E+02  4.652641E-04  3.528617E-04
   1.800000E+01  2.700000E+02  5.478618E-04  4.306924E-04
   1.800000E+01  2.820000E+02  3.656429E-04  3.052527E-04
   1.800000E+01  2.940000E+02  5.531094E-04  4.305916E-04
   1.800000E+01  3.060000E+02  5.581843E-04  4.307830E-04
   1.800000E+01  3.180000E+02  4.527438E-04  3.525598E-04
   1.800000E+01  3.300000E+02  4.791222E-04  3.932614E-04
   1.800000E+01  3.420000E+02  6.812278E-04  4.971426E-04
   1.800000E+01  3.540000E+02  3.878025E-04  3.054870E-04
    
   2.200000E+01  6.000001E+00  4.381136E-04  3.246781E-04
   2.200000E+01  1.800000E+01  4.051272E-04  2.910506E-04
   2.200000E+01  3.000000E+01  6.084484E-04  4.102681E-04
   2.200000E+01  4.200000E+01  4.019137E-04  2.909642E-04
   2.200000E+01  5.400001E+01  5.038316E-04  3.555894E-04
   2.200000E+01  6.600001E+01  7.044189E-04  4.583445E-04
   2.200000E+01  7.800001E+01  5.395500E-04  3.839110E-04
   2.200000E+01  9.000001E+01  3.510804E-04  2.523618E-04
   2.200000E+01  1.020000E+02  2.795825E-04  1.490685E-04
   2.200000E+01  1.140000E+02  5.017415E-04  3.555254E-04
   2.200000E+01  1.260000E+02  5.323871E-04  3.836270E-04
   2.200000E+01  1.380000E+02  4.952118E-04  3.555745E-04
   2.200000E+01  1.500000E+02  6.467469E-04  4.350187E-04
   2.200000E+01  1.620000E+02  5.480047E-04  3.837411E-04
   2.200000E+01  1.740000E+02  3.969323E-04  2.909341E-04
   2.200000E+01  1.860000E+02  6.440571E-04  4.349438E-04
   2.200000E+01  1.980000E+02  3.540959E-04  2.525898E-04
   2.200000E+01  2.100000E+02  4.599557E-04  3.250755E-04
   2.200000E+01  2.220000E+02  5.577796E-04  3.840814E-04
   2.200000E+01  2.340000E+02  4.033850E-04  2.909404E-04
   2.200000E+01  2.460000E+02  3.092829E-04  2.069512E-04
   2.200000E+01  2.580000E+02  6.035555E-04  4.102725E-04
   2.200000E+01  2.700000E+02  5.140548E-04  3.559136E-04
   2.200000E+01  2.820000E+02  4.620295E-04  3.249223E-04
   2.200000E+01  2.940000E+02  5.644621E-04  3.838682E-04
   2.200000E+01  3.060000E+02  4.862297E-04  3.553298E-04
   2.200000E+01  3.180000E+02  6.165717E-04  4.106382E-04
   2.200000E+01  3.300000E+02  6.308707E-04  4.108175E-04
   2.200000E+01  3.420000E+02  4.585179E-04  3.250558E-04
   2.200000E+01  3.540000E+02  6.036504E-04  4.103023E-04
    
   2.600000E+01  6.000001E+00  4.140251E-04  2.779545E-04
   2.600000E+01  1.800000E+01  5.473804E-04  3.508012E-04
   2.600000E+01  3.000000E+01  3.442139E-04  2.163599E-04
   2.600000E+01  4.200000E+01  5.485120E-04  3.509039E-04
   2.600000E+01  5.400001E+01  5.798088E-04  3.718043E-04
   2.600000E+01  6.600001E+01  4.454726E-04  3.043037E-04
   2.600000E+01  7.800001E+01  4.509542E-04  3.040782E-04
   2.600000E+01  9.000001E+01  4.984361E-04  3.282322E-04
   2.600000E+01  1.020000E+02  4.804561E-04  3.046561E-04
   2.600000E+01  1.140000E+02  3.794545E-04  2.491679E-04
   2.600000E+01  1.260000E+02  4.154145E-04  2.778873E-04
   2.600000E+01  1.380000E+02  5.037310E-04  3.283418E-04
   2.600000E+01  1.500000E+02  4.523213E-04  3.039939E-04
   2.600000E+01  1.620000E+02  4.214022E-04  2.779279E-04
   2.600000E+01  1.740000E+02  4.512030E-04  3.039155E-04
   2.600000E+01  1.860000E+02  4.592899E-04  3.041481E-04
   2.600000E+01  1.980000E+02  4.133031E-04  2.778913E-04
   2.600000E+01  2.100000E+02  4.179945E-04  2.777941E-04
   2.600000E+01  2.220000E+02  4.324547E-04  2.781248E-04
   2.600000E+01  2.340000E+02  5.779773E-04  3.718642E-04
   2.600000E+01  2.460000E+02  4.608817E-04  3.041913E-04
   2.600000E+01  2.580000E+02  4.667777E-04  3.042475E-04
   2.600000E+01  2.700000E+02  2.772297E-04  1.770418E-04
   2.600000E+01  2.820000E+02  4.233098E-04  2.779177E-04
   2.600000E+01  2.940000E+02  4.123622E-04  2.778921E-04
   2.600000E+01  3.060000E+02  4.610846E-04  3.041996E-04
   2.600000E+01  3.180000E+02  1.086593E-03  5.669345E-04
   2.600000E+01  3.300000E+02  4.448791E-04  3.040823E-04
   2.600000E+01  3.420000E+02  4.576861E-04  3.040209E-04
   2.600000E+01  3.540000E+02  4.669220E-04  3.042118E-04
    
   3.000000E+01  6.000001E+00  4.582451E-04  2.878327E-04
   3.000000E+01  1.800000E+01  3.851599E-04  2.437406E-04
   3.000000E+01  3.000000E+01  5.804440E-04  3.438189E-04
   3.000000E+01  4.200000E+01  5.985301E-04  3.602325E-04
   3.000000E+01  5.400001E+01  4.337381E-04  2.669593E-04
   3.000000E+01  6.600001E+01  6.588727E-04  3.764808E-04
   3.000000E+01  7.800001E+01  5.707228E-04  3.436344E-04
   3.000000E+01  9.000001E+01  4.778225E-04  2.881238E-04
   3.000000E+01  1.020000E+02  5.799438E-04  3.438382E-04
   3.000000E+01  1.140000E+02  4.584112E-04  2.878596E-04
   3.000000E+01  1.260000E+02  4.235543E-04  2.667091E-04
   3.000000E+01  1.380000E+02  4.654781E-04  2.878789E-04
   3.000000E+01  1.500000E+02  5.365032E-04  3.261361E-04
   3.000000E+01  1.620000E+02  6.563399E-04  3.764088E-04
   3.000000E+01  1.740000E+02  5.002610E-04  3.076650E-04
   3.000000E+01  1.860000E+02  4.500907E-04  2.877586E-04
   3.000000E+01  1.980000E+02  6.380309E-04  3.762460E-04
   3.000000E+01  2.100000E+02  5.924099E-04  3.439956E-04
   3.000000E+01  2.220000E+02  5.852400E-04  3.437530E-04
   3.000000E+01  2.340000E+02  4.606038E-04  2.879064E-04
   3.000000E+01  2.460000E+02  7.871086E-04  4.341895E-04
   3.000000E+01  2.580000E+02  5.462740E-04  3.262482E-04
   3.000000E+01  2.700000E+02  5.698587E-04  3.436563E-04
   3.000000E+01  2.820000E+02  6.383116E-04  3.762047E-04
   3.000000E+01  2.940000E+02  3.223067E-04  1.899579E-04
   3.000000E+01  3.060000E+02  4.266015E-04  2.668711E-04
   3.000000E+01  3.180000E+02  3.437279E-04  2.183354E-04
   3.000000E+01  3.300000E+02  3.618882E-04  2.185402E-04
   3.000000E+01  3.420000E+02  4.675986E-04  2.879839E-04
   3.000000E+01  3.540000E+02  4.041023E-04  2.440820E-04
    
   3.400000E+01  6.000001E+00  4.927085E-04  2.917342E-04
   3.400000E+01  1.800000E+01  5.022069E-04  2.920527E-04
   3.400000E+01  3.000000E+01  5.963025E-04  3.365261E-04
   3.400000E+01  4.200000E+01  5.256372E-04  3.073540E-04
   3.400000E+01  5.400001E+01  4.727841E-04  2.753018E-04
   3.400000E+01  6.600001E+01  5.025931E-04  2.917218E-04
   3.400000E+01  7.800001E+01  4.267072E-04  2.573742E-04
   3.400000E+01  9.000001E+01  4.918700E-04  2.917134E-04
   3.400000E+01  1.020000E+02  4.934502E-04  2.919243E-04
   3.400000E+01  1.140000E+02  5.645075E-04  3.222637E-04
   3.400000E+01  1.260000E+02  5.319260E-04  3.074199E-04
   3.400000E+01  1.380000E+02  5.331493E-04  3.073257E-04
   3.400000E+01  1.500000E+02  2.757777E-04  1.394970E-04
   3.400000E+01  1.620000E+02  4.028475E-04  2.388325E-04
   3.400000E+01  1.740000E+02  5.629562E-04  3.223408E-04
   3.400000E+01  1.860000E+02  4.647779E-04  2.751868E-04
   3.400000E+01  1.980000E+02  3.819480E-04  2.183590E-04
   3.400000E+01  2.100000E+02  6.047647E-04  3.366218E-04
   3.400000E+01  2.220000E+02  4.395803E-04  2.577147E-04
   3.400000E+01  2.340000E+02  4.934756E-04  2.917194E-04
   3.400000E+01  2.460000E+02  6.244889E-04  3.501775E-04
   3.400000E+01  2.580000E+02  3.507782E-04  1.958956E-04
   3.400000E+01  2.700000E+02  2.764199E-04  1.397036E-04
   3.400000E+01  2.820000E+02  5.005691E-04  2.918180E-04
   3.400000E+01  2.940000E+02  4.314002E-04  2.577643E-04
   3.400000E+01  3.060000E+02  3.713843E-04  2.181361E-04
   3.400000E+01  3.180000E+02  4.951212E-04  2.916822E-04
   3.400000E+01  3.300000E+02  4.124912E-04  2.388013E-04
   3.400000E+01  3.420000E+02  4.343548E-04  2.576665E-04
   3.400000E+01  3.540000E+02  5.055281E-04  2.918602E-04
    
   3.800000E+01  6.000001E+00  5.621164E-04  3.057328E-04
   3.800000E+01  1.800000E+01  3.561951E-04  1.983055E-04
   3.800000E+01  3.000000E+01  3.956700E-04  2.171754E-04
   3.800000E+01  4.200000E+01  4.694887E-04  2.650732E-04
   3.800000E+01  5.400001E+01  6.187543E-04  3.300704E-04
   3.800000E+01  6.600001E+01  4.191585E-04  2.342331E-04
   3.800000E+01  7.800001E+01  4.338915E-04  2.500768E-04
   3.800000E+01  9.000001E+01  3.842908E-04  2.169723E-04
   3.800000E+01  1.020000E+02  4.768256E-04  2.790304E-04
   3.800000E+01  1.140000E+02  5.433917E-04  3.055217E-04
   3.800000E+01  1.260000E+02  3.951797E-04  2.170836E-04
   3.800000E+01  1.380000E+02  5.801657E-04  3.180653E-04
   3.800000E+01  1.500000E+02  5.155729E-04  2.926905E-04
   3.800000E+01  1.620000E+02  2.987172E-04  1.544833E-04
   3.800000E+01  1.740000E+02  7.206653E-04  3.637139E-04
   3.800000E+01  1.860000E+02  4.347382E-04  2.499565E-04
   3.800000E+01  1.980000E+02  5.100883E-04  2.793976E-04
   3.800000E+01  2.100000E+02  3.253802E-04  1.777082E-04
   3.800000E+01  2.220000E+02  5.982763E-04  3.182057E-04
   3.800000E+01  2.340000E+02  2.714400E-04  1.270869E-04
   3.800000E+01  2.460000E+02  4.435979E-04  2.501104E-04
   3.800000E+01  2.580000E+02  4.989027E-04  2.792975E-04
   3.800000E+01  2.700000E+02  6.255805E-04  3.301961E-04
   3.800000E+01  2.820000E+02  5.038424E-04  2.793938E-04
   3.800000E+01  2.940000E+02  4.933896E-04  2.792978E-04
   3.800000E+01  3.060000E+02  4.869481E-04  2.791478E-04
   3.800000E+01  3.180000E+02  5.301312E-04  2.928058E-04
   3.800000E+01  3.300000E+02  3.134913E-04  1.775240E-04
   3.800000E+01  3.420000E+02  5.249859E-04  2.928453E-04
   3.800000E+01  3.540000E+02  4.084007E-04  2.340821E-04
    
   4.200000E+01  6.000001E+00  3.251554E-04  1.638450E-04
   4.200000E+01  1.800000E+01  6.339628E-04  3.246359E-04
   4.200000E+01  3.000000E+01  4.787712E-04  2.571169E-04
   4.200000E+01  4.200000E+01  4.197980E-04  2.301717E-04
   4.200000E+01  5.400001E+01  4.597983E-04  2.441590E-04
   4.200000E+01  6.600001E+01  3.807500E-04  2.152881E-04
   4.200000E+01  7.800001E+01  4.572645E-04  2.441007E-04
   4.200000E+01  9.000001E+01  5.825263E-04  3.037894E-04
   4.200000E+01  1.020000E+02  4.542686E-04  2.440243E-04
   4.200000E+01  1.140000E+02  3.426882E-04  1.826309E-04
   4.200000E+01  1.260000E+02  4.693825E-04  2.570046E-04
   4.200000E+01  1.380000E+02  4.287500E-04  2.303210E-04
   4.200000E+01  1.500000E+02  4.679380E-04  2.569908E-04
   4.200000E+01  1.620000E+02  4.224330E-04  2.301811E-04
   4.200000E+01  1.740000E+02  5.043838E-04  2.695165E-04
   4.200000E+01  1.860000E+02  4.827693E-04  2.571825E-04
   4.200000E+01  1.980000E+02  5.306365E-04  2.814391E-04
   4.200000E+01  2.100000E+02  4.248550E-04  2.302400E-04
   4.200000E+01  2.220000E+02  5.033760E-04  2.694579E-04
   4.200000E+01  2.340000E+02  4.959988E-04  2.571978E-04
   4.200000E+01  2.460000E+02  5.255714E-04  2.813470E-04
   4.200000E+01  2.580000E+02  5.508069E-04  2.927612E-04
   4.200000E+01  2.700000E+02  4.563178E-04  2.441441E-04
   4.200000E+01  2.820000E+02  4.674839E-04  2.569800E-04
   4.200000E+01  2.940000E+02  3.921137E-04  2.153609E-04
   4.200000E+01  3.060000E+02  4.423544E-04  2.439050E-04
   4.200000E+01  3.180000E+02  2.841619E-04  1.421217E-04
   4.200000E+01  3.300000E+02  5.851809E-04  3.038189E-04
   4.200000E+01  3.420000E+02  5.303210E-04  2.813757E-04
   4.200000E+01  3.540000E+02  4.081129E-04  2.156515E-04
    
   4.600000E+01  6.000001E+00  4.297210E-04  2.270428E-04
   4.600000E+01  1.800000E+01  3.802300E-04  2.005088E-04
   4.600000E+01  3.000000E+01  4.204479E-04  2.269730E-04
   4.600000E+01  4.200000E+01  6.112388E-04  3.021114E-04
   4.600000E+01  5.400001E+01  3.089291E-04  1.524933E-04
   4.600000E+01  6.600001E+01  4.584869E-04  2.392674E-04
   4.600000E+01  7.800001E+01  5.277619E-04  2.723680E-04
   4.600000E+01  9.000001E+01  2.979812E-04  1.523188E-04
   4.600000E+01  1.020000E+02  5.127897E-04  2.619438E-04
   4.600000E+01  1.140000E+02  4.271945E-04  2.270019E-04
   4.600000E+01  1.260000E+02  3.948562E-04  2.140930E-04
   4.600000E+01  1.380000E+02  4.563463E-04  2.392383E-04
   4.600000E+01  1.500000E+02  4.361857E-04  2.271154E-04
   4.600000E+01  1.620000E+02  4.392926E-04  2.390205E-04
   4.600000E+01  1.740000E+02  5.734106E-04  2.924753E-04
   4.600000E+01  1.860000E+02  5.186097E-04  2.723577E-04
   4.600000E+01  1.980000E+02  3.320579E-04  1.698475E-04
   4.600000E+01  2.100000E+02  5.258180E-04  2.723411E-04
   4.600000E+01  2.220000E+02  3.742981E-04  2.004089E-04
   4.600000E+01  2.340000E+02  3.794471E-04  2.005464E-04
   4.600000E+01  2.460000E+02  5.062419E-04  2.617507E-04
   4.600000E+01  2.580000E+02  3.439918E-04  1.856612E-04
   4.600000E+01  2.700000E+02  3.514161E-04  1.858605E-04
   4.600000E+01  2.820000E+02  4.521825E-04  2.273412E-04
   4.600000E+01  2.940000E+02  5.011207E-04  2.617682E-04
   4.600000E+01  3.060000E+02  5.024190E-04  2.618594E-04
   4.600000E+01  3.180000E+02  5.286896E-04  2.724105E-04
   4.600000E+01  3.300000E+02  5.348343E-04  2.724823E-04
   4.600000E+01  3.420000E+02  3.741412E-04  2.004283E-04
   4.600000E+01  3.540000E+02  3.529158E-04  1.858183E-04
    
   5.000001E+01  6.000001E+00  4.865023E-04  2.459557E-04
   5.000001E+01  1.800000E+01  4.492815E-04  2.354777E-04
   5.000001E+01  3.000000E+01  5.454085E-04  2.746588E-04
   5.000001E+01  4.200000E+01  4.359567E-04  2.246359E-04
   5.000001E+01  5.400001E+01  4.125023E-04  2.132325E-04
   5.000001E+01  6.600001E+01  4.846871E-04  2.458922E-04
   5.000001E+01  7.800001E+01  4.424759E-04  2.246210E-04
   5.000001E+01  9.000001E+01  4.088943E-04  2.132013E-04
   5.000001E+01  1.020000E+02  5.747334E-04  2.836529E-04
   5.000001E+01  1.140000E+02  4.295489E-04  2.245925E-04
   5.000001E+01  1.260000E+02  3.879150E-04  2.011322E-04
   5.000001E+01  1.380000E+02  3.622696E-04  1.883073E-04
   5.000001E+01  1.500000E+02  3.194675E-04  1.597188E-04
   5.000001E+01  1.620000E+02  4.137778E-04  2.132656E-04
   5.000001E+01  1.740000E+02  3.596255E-04  1.883702E-04
   5.000001E+01  1.860000E+02  4.861225E-04  2.460023E-04
   5.000001E+01  1.980000E+02  3.630668E-04  1.882646E-04
   5.000001E+01  2.100000E+02  4.107177E-04  2.132748E-04
   5.000001E+01  2.220000E+02  3.371028E-04  1.745717E-04
   5.000001E+01  2.340000E+02  3.617146E-04  1.883274E-04
   5.000001E+01  2.460000E+02  3.544067E-04  1.881987E-04
   5.000001E+01  2.580000E+02  4.101462E-04  2.132616E-04
   5.000001E+01  2.700000E+02  3.932171E-04  2.012343E-04
   5.000001E+01  2.820000E+02  4.501698E-04  2.354200E-04
   5.000001E+01  2.940000E+02  4.090004E-04  2.132023E-04
   5.000001E+01  3.060000E+02  4.216803E-04  2.133427E-04
   5.000001E+01  3.180000E+02  4.784939E-04  2.458587E-04
   5.000001E+01  3.300000E+02  4.607303E-04  2.355429E-04
   5.000001E+01  3.420000E+02  4.281621E-04  2.246645E-04
   5.000001E+01  3.540000E+02  3.925028E-04  2.013338E-04
    
   5.400001E+01  6.000001E+00  5.299091E-04  2.600759E-04
   5.400001E+01  1.800000E+01  4.951768E-04  2.512458E-04
   5.400001E+01  3.000000E+01  3.376805E-04  1.654156E-04
   5.400001E+01  4.200000E+01  4.262335E-04  2.127900E-04
   5.400001E+01  5.400001E+01  4.038582E-04  2.020026E-04
   5.400001E+01  6.600001E+01  3.771260E-04  1.905608E-04
   5.400001E+01  7.800001E+01  3.085840E-04  1.649697E-04
   5.400001E+01  9.000001E+01  4.081884E-04  2.125699E-04
   5.400001E+01  1.020000E+02  3.313076E-04  1.652626E-04
   5.400001E+01  1.140000E+02  4.300551E-04  2.129619E-04
   5.400001E+01  1.260000E+02  4.169746E-04  2.127365E-04
   5.400001E+01  1.380000E+02  4.876917E-04  2.424559E-04
   5.400001E+01  1.500000E+02  4.801429E-04  2.422812E-04
   5.400001E+01  1.620000E+02  3.709512E-04  1.903819E-04
   5.400001E+01  1.740000E+02  3.773381E-04  1.905506E-04
   5.400001E+01  1.860000E+02  4.445550E-04  2.230674E-04
   5.400001E+01  1.980000E+02  5.003149E-04  2.512851E-04
   5.400001E+01  2.100000E+02  3.436432E-04  1.782655E-04
   5.400001E+01  2.220000E+02  4.517905E-04  2.231166E-04
   5.400001E+01  2.340000E+02  4.588409E-04  2.328644E-04
   5.400001E+01  2.460000E+02  4.354139E-04  2.228544E-04
   5.400001E+01  2.580000E+02  3.464426E-04  1.783065E-04
   5.400001E+01  2.700000E+02  3.605291E-04  1.787282E-04
   5.400001E+01  2.820000E+02  4.454606E-04  2.231230E-04
   5.400001E+01  2.940000E+02  3.084940E-04  1.512422E-04
   5.400001E+01  3.060000E+02  4.833590E-04  2.422569E-04
   5.400001E+01  3.180000E+02  5.532553E-04  2.686770E-04
   5.400001E+01  3.300000E+02  4.079332E-04  2.126273E-04
   5.400001E+01  3.420000E+02  5.217761E-04  2.600095E-04
   5.400001E+01  3.540000E+02  3.773308E-04  1.905149E-04
    
   5.800001E+01  6.000001E+00  3.247480E-04  1.578199E-04
   5.800001E+01  1.800000E+01  4.367139E-04  2.129520E-04
   5.800001E+01  3.000000E+01  3.375718E-04  1.701372E-04
   5.800001E+01  4.200000E+01  4.066849E-04  2.030179E-04
   5.800001E+01  5.400001E+01  4.657276E-04  2.311717E-04
   5.800001E+01  6.600001E+01  3.895206E-04  1.927781E-04
   5.800001E+01  7.800001E+01  3.331397E-04  1.701127E-04
   5.800001E+01  9.000001E+01  3.576450E-04  1.817276E-04
   5.800001E+01  1.020000E+02  3.165278E-04  1.577137E-04
   5.800001E+01  1.140000E+02  3.359073E-04  1.701121E-04
   5.800001E+01  1.260000E+02  3.342421E-04  1.580445E-04
   5.800001E+01  1.380000E+02  3.869060E-04  1.927319E-04
   5.800001E+01  1.500000E+02  3.948916E-04  2.028775E-04
   5.800001E+01  1.620000E+02  3.869513E-04  1.926943E-04
   5.800001E+01  1.740000E+02  4.423165E-04  2.221180E-04
   5.800001E+01  1.860000E+02  4.324751E-04  2.219855E-04
   5.800001E+01  1.980000E+02  3.249573E-04  1.578160E-04
   5.800001E+01  2.100000E+02  3.791244E-04  1.925675E-04
   5.800001E+01  2.220000E+02  3.216489E-04  1.577781E-04
   5.800001E+01  2.340000E+02  3.908443E-04  1.927282E-04
   5.800001E+01  2.460000E+02  4.376040E-04  2.221156E-04
   5.800001E+01  2.580000E+02  3.813032E-04  1.925694E-04
   5.800001E+01  2.700000E+02  3.535246E-04  1.816595E-04
   5.800001E+01  2.820000E+02  3.023371E-04  1.442550E-04
   5.800001E+01  2.940000E+02  5.343896E-04  2.562332E-04
   5.800001E+01  3.060000E+02  3.320462E-04  1.579441E-04
   5.800001E+01  3.180000E+02  4.016817E-04  2.029392E-04
   5.800001E+01  3.300000E+02  4.722711E-04  2.311387E-04
   5.800001E+01  3.420000E+02  3.516608E-04  1.703066E-04
   5.800001E+01  3.540000E+02  4.076191E-04  2.030114E-04
    
   6.200001E+01  6.000001E+00  2.428986E-04  1.078843E-04
   6.200001E+01  1.800000E+01  3.950323E-04  1.950473E-04
   6.200001E+01  3.000000E+01  3.985914E-04  1.950990E-04
   6.200001E+01  4.200000E+01  3.051124E-04  1.514455E-04
   6.200001E+01  5.400001E+01  3.516700E-04  1.746933E-04
   6.200001E+01  6.600001E+01  3.680447E-04  1.850347E-04
   6.200001E+01  7.800001E+01  3.777778E-04  1.851517E-04
   6.200001E+01  9.000001E+01  3.223755E-04  1.633905E-04
   6.200001E+01  1.020000E+02  4.532699E-04  2.220269E-04
   6.200001E+01  1.140000E+02  3.314004E-04  1.634999E-04
   6.200001E+01  1.260000E+02  3.011142E-04  1.388088E-04
   6.200001E+01  1.380000E+02  3.763089E-04  1.850690E-04
   6.200001E+01  1.500000E+02  3.585865E-04  1.849339E-04
   6.200001E+01  1.620000E+02  3.306873E-04  1.633675E-04
   6.200001E+01  1.740000E+02  3.913294E-04  1.949757E-04
   6.200001E+01  1.860000E+02  3.864104E-04  1.948678E-04
   6.200001E+01  1.980000E+02  3.813246E-04  1.948060E-04
   6.200001E+01  2.100000E+02  3.252341E-04  1.634489E-04
   6.200001E+01  2.220000E+02  3.964339E-04  1.949748E-04
   6.200001E+01  2.340000E+02  3.936806E-04  1.950458E-04
   6.200001E+01  2.460000E+02  3.499407E-04  1.745287E-04
   6.200001E+01  2.580000E+02  3.485089E-04  1.745300E-04
   6.200001E+01  2.700000E+02  3.920658E-04  1.949693E-04
   6.200001E+01  2.820000E+02  3.291348E-04  1.634400E-04
   6.200001E+01  2.940000E+02  3.981797E-04  1.950398E-04
   6.200001E+01  3.060000E+02  3.490416E-04  1.746032E-04
   6.200001E+01  3.180000E+02  3.697521E-04  1.850004E-04
   6.200001E+01  3.300000E+02  3.855957E-04  1.949041E-04
   6.200001E+01  3.420000E+02  3.338731E-04  1.634810E-04
   6.200001E+01  3.540000E+02  3.251573E-04  1.633170E-04
    
   6.600001E+01  6.000001E+00  3.045017E-04  1.577888E-04
   6.600001E+01  1.800000E+01  3.793136E-04  1.884438E-04
   6.600001E+01  3.000000E+01  3.192420E-04  1.579832E-04
   6.600001E+01  4.200000E+01  4.759335E-04  2.303877E-04
   6.600001E+01  5.400001E+01  2.677446E-04  1.338013E-04
   6.600001E+01  6.600001E+01  2.449425E-04  1.046447E-04
   6.600001E+01  7.800001E+01  4.016450E-04  2.060814E-04
   6.600001E+01  9.000001E+01  3.201216E-04  1.579291E-04
   6.600001E+01  1.020000E+02  3.196731E-04  1.579543E-04
   6.600001E+01  1.140000E+02  2.738200E-04  1.338407E-04
   6.600001E+01  1.260000E+02  4.639086E-04  2.227059E-04
   6.600001E+01  1.380000E+02  3.819989E-04  1.883925E-04
   6.600001E+01  1.500000E+02  3.383451E-04  1.688081E-04
   6.600001E+01  1.620000E+02  2.639936E-04  1.201663E-04
   6.600001E+01  1.740000E+02  2.799779E-04  1.339226E-04
   6.600001E+01  1.860000E+02  2.745815E-04  1.338348E-04
   6.600001E+01  1.980000E+02  5.204176E-04  2.451558E-04
   6.600001E+01  2.100000E+02  3.184378E-04  1.579866E-04
   6.600001E+01  2.220000E+02  4.225611E-04  2.143601E-04
   6.600001E+01  2.340000E+02  2.955646E-04  1.462883E-04
   6.600001E+01  2.460000E+02  3.703830E-04  1.883090E-04
   6.600001E+01  2.580000E+02  4.599641E-04  2.226159E-04
   6.600001E+01  2.700000E+02  4.578680E-04  2.225948E-04
   6.600001E+01  2.820000E+02  5.154724E-04  2.451590E-04
   6.600001E+01  2.940000E+02  4.068444E-04  1.976932E-04
   6.600001E+01  3.060000E+02  2.810991E-04  1.339376E-04
   6.600001E+01  3.180000E+02  2.488063E-04  1.046513E-04
   6.600001E+01  3.300000E+02  3.549179E-04  1.787870E-04
   6.600001E+01  3.420000E+02  3.096222E-04  1.578228E-04
   6.600001E+01  3.540000E+02  3.131499E-04  1.579069E-04
    
   7.000001E+01  6.000001E+00  3.275370E-04  1.639981E-04
   7.000001E+01  1.800000E+01  3.803925E-04  1.919134E-04
   7.000001E+01  3.000000E+01  3.197670E-04  1.639321E-04
   7.000001E+01  4.200000E+01  2.624798E-04  1.300872E-04
   7.000001E+01  5.400001E+01  2.243205E-04  1.012375E-04
   7.000001E+01  6.600001E+01  3.625182E-04  1.831470E-04
   7.000001E+01  7.800001E+01  2.696104E-04  1.301758E-04
   7.000001E+01  9.000001E+01  3.301112E-04  1.640533E-04
   7.000001E+01  1.020000E+02  2.836517E-04  1.421989E-04
   7.000001E+01  1.140000E+02  2.279805E-04  1.013820E-04
   7.000001E+01  1.260000E+02  2.469087E-04  1.166323E-04
   7.000001E+01  1.380000E+02  2.779135E-04  1.421827E-04
   7.000001E+01  1.500000E+02  2.998855E-04  1.534732E-04
   7.000001E+01  1.620000E+02  2.843925E-04  1.422771E-04
   7.000001E+01  1.740000E+02  3.748768E-04  1.918712E-04
   7.000001E+01  1.860000E+02  3.985555E-04  2.004195E-04
   7.000001E+01  1.980000E+02  3.262987E-04  1.640356E-04
   7.000001E+01  2.100000E+02  2.275624E-04  1.014038E-04
   7.000001E+01  2.220000E+02  3.033788E-04  1.534687E-04
   7.000001E+01  2.340000E+02  3.734461E-04  1.832103E-04
   7.000001E+01  2.460000E+02  3.133973E-04  1.536285E-04
   7.000001E+01  2.580000E+02  2.757068E-04  1.421537E-04
   7.000001E+01  2.700000E+02  3.957379E-04  1.921421E-04
   7.000001E+01  2.820000E+02  3.245387E-04  1.639902E-04
   7.000001E+01  2.940000E+02  3.044678E-04  1.535341E-04
   7.000001E+01  3.060000E+02  3.290128E-04  1.640567E-04
   7.000001E+01  3.180000E+02  3.021988E-04  1.534679E-04
   7.000001E+01  3.300000E+02  2.263758E-04  1.014855E-04
   7.000001E+01  3.420000E+02  2.901615E-04  1.423445E-04
   7.000001E+01  3.540000E+02  3.083635E-04  1.534660E-04
    
   7.400001E+01  6.000001E+00  2.423690E-04  1.140569E-04
   7.400001E+01  1.800000E+01  2.078586E-04  9.883114E-05
   7.400001E+01  3.000000E+01  2.303858E-04  1.138796E-04
   7.400001E+01  4.200000E+01  2.586322E-04  1.272850E-04
   7.400001E+01  5.400001E+01  2.691767E-04  1.389859E-04
   7.400001E+01  6.600001E+01  2.659158E-04  1.390647E-04
   7.400001E+01  7.800001E+01  3.550433E-04  1.791148E-04
   7.400001E+01  9.000001E+01  2.402072E-04  1.139745E-04
   7.400001E+01  1.020000E+02  3.041141E-04  1.501356E-04
   7.400001E+01  1.140000E+02  3.666488E-04  1.877632E-04
   7.400001E+01  1.260000E+02  3.807218E-04  1.959062E-04
   7.400001E+01  1.380000E+02  2.793361E-04  1.391786E-04
   7.400001E+01  1.500000E+02  2.559991E-04  1.270845E-04
   7.400001E+01  1.620000E+02  2.328126E-04  1.138667E-04
   7.400001E+01  1.740000E+02  2.564664E-04  1.272909E-04
   7.400001E+01  1.860000E+02  2.573298E-04  1.272493E-04
   7.400001E+01  1.980000E+02  3.523565E-04  1.789780E-04
   7.400001E+01  2.100000E+02  2.776865E-04  1.390741E-04
   7.400001E+01  2.220000E+02  2.175889E-04  9.906785E-05
   7.400001E+01  2.340000E+02  2.248697E-04  9.929977E-05
   7.400001E+01  2.460000E+02  2.027266E-04  8.151885E-05
   7.400001E+01  2.580000E+02  2.301055E-04  1.138855E-04
   7.400001E+01  2.700000E+02  2.289770E-04  1.139232E-04
   7.400001E+01  2.820000E+02  2.502988E-04  1.270122E-04
   7.400001E+01  2.940000E+02  2.396284E-04  1.139983E-04
   7.400001E+01  3.060000E+02  2.410248E-04  1.139183E-04
   7.400001E+01  3.180000E+02  2.096361E-04  9.888472E-05
   7.400001E+01  3.300000E+02  2.207571E-04  9.921511E-05
   7.400001E+01  3.420000E+02  1.666410E-04  1.732059E-05
   7.400001E+01  3.540000E+02  2.820742E-04  1.499016E-04
    
   7.800001E+01  6.000001E+00  3.400992E-04  1.758706E-04
   7.800001E+01  1.800000E+01  2.401440E-04  1.247787E-04
   7.800001E+01  3.000000E+01  1.824477E-04  8.000352E-05
   7.800001E+01  4.200000E+01  2.236015E-04  1.119934E-04
   7.800001E+01  5.400001E+01  2.611413E-04  1.365413E-04
   7.800001E+01  6.600001E+01  2.711722E-04  1.472929E-04
   7.800001E+01  7.800001E+01  1.841122E-04  7.993823E-05
   7.800001E+01  9.000001E+01  2.521931E-04  1.365437E-04
   7.800001E+01  1.020000E+02  1.810958E-04  7.988330E-05
   7.800001E+01  1.140000E+02  1.959306E-04  8.028052E-05
   7.800001E+01  1.260000E+02  2.482715E-04  1.364493E-04
   7.800001E+01  1.380000E+02  1.930137E-04  9.703476E-05
   7.800001E+01  1.500000E+02  2.288040E-04  1.119898E-04
   7.800001E+01  1.620000E+02  2.257117E-04  1.119553E-04
   7.800001E+01  1.740000E+02  2.583119E-04  1.365530E-04
   7.800001E+01  1.860000E+02  2.513286E-04  1.364141E-04
   7.800001E+01  1.980000E+02  2.023082E-04  9.714466E-05
   7.800001E+01  2.100000E+02  2.090206E-04  9.744225E-05
   7.800001E+01  2.220000E+02  2.216452E-04  1.118553E-04
   7.800001E+01  2.340000E+02  2.798670E-04  1.473564E-04
   7.800001E+01  2.460000E+02  2.261995E-04  1.246156E-04
   7.800001E+01  2.580000E+02  1.713939E-04  5.768477E-05
   7.800001E+01  2.700000E+02  2.609431E-04  1.365539E-04
   7.800001E+01  2.820000E+02  2.229889E-04  1.118426E-04
   7.800001E+01  2.940000E+02  1.642317E-04  5.754636E-05
   7.800001E+01  3.060000E+02  2.538685E-04  1.364486E-04
   7.800001E+01  3.180000E+02  2.452710E-04  1.248363E-04
   7.800001E+01  3.300000E+02  1.875889E-04  8.004392E-05
   7.800001E+01  3.420000E+02  2.349590E-04  1.247778E-04
   7.800001E+01  3.540000E+02  2.347451E-04  1.247338E-04
    
   8.200001E+01  6.000001E+00  2.022413E-04  1.102694E-04
   8.200001E+01  1.800000E+01  1.627941E-04  7.868112E-05
   8.200001E+01  3.000000E+01  2.086005E-04  1.230617E-04
   8.200001E+01  4.200000E+01  2.187784E-04  1.230805E-04
   8.200001E+01  5.400001E+01  1.458208E-04  5.675969E-05
   8.200001E+01  6.600001E+01  1.450762E-04  5.646026E-05
   8.200001E+01  7.800001E+01  1.779331E-04  9.566759E-05
   8.200001E+01  9.000001E+01  1.731532E-04  7.876719E-05
   8.200001E+01  1.020000E+02  1.963044E-04  1.102164E-04
   8.200001E+01  1.140000E+02  1.819437E-04  9.586028E-05
   8.200001E+01  1.260000E+02  2.076838E-04  1.229864E-04
   8.200001E+01  1.380000E+02  1.322276E-04  1.420678E-05
   8.200001E+01  1.500000E+02  1.795460E-04  9.578332E-05
   8.200001E+01  1.620000E+02  1.618571E-04  7.857122E-05
   8.200001E+01  1.740000E+02  1.659238E-04  7.862742E-05
   8.200001E+01  1.860000E+02  1.452426E-04  5.642650E-05
   8.200001E+01  1.980000E+02  1.807202E-04  9.575932E-05
   8.200001E+01  2.100000E+02  1.793788E-04  9.565326E-05
   8.200001E+01  2.220000E+02  2.291892E-04  1.346080E-04
   8.200001E+01  2.340000E+02  1.958966E-04  1.102316E-04
   8.200001E+01  2.460000E+02  1.854462E-04  9.584405E-05
   8.200001E+01  2.580000E+02  1.775961E-04  9.567785E-05
   8.200001E+01  2.700000E+02  2.228860E-04  1.345696E-04
   8.200001E+01  2.820000E+02  1.587956E-04  7.849332E-05
   8.200001E+01  2.940000E+02  1.442020E-04  5.643452E-05
   8.200001E+01  3.060000E+02  1.770762E-04  9.569599E-05
   8.200001E+01  3.180000E+02  1.836450E-04  9.572038E-05
   8.200001E+01  3.300000E+02  2.203681E-04  1.231398E-04
   8.200001E+01  3.420000E+02  2.143304E-04  1.230536E-04
   8.200001E+01  3.540000E+02  1.676086E-04  7.877598E-05
    
   8.600001E+01  6.000001E+00  1.584550E-04  1.090843E-04
   8.600001E+01  1.800000E+01  1.250517E-04  7.750069E-05
   8.600001E+01  3.000000E+01  1.131653E-04  5.576625E-05
   8.600001E+01  4.200000E+01  1.469800E-04  9.468210E-05
   8.600001E+01  5.400001E+01  1.233359E-04  7.744682E-05
   8.600001E+01  6.600001E+01  1.011794E-04  5.526799E-05
   8.600001E+01  7.800001E+01  1.235371E-04  7.751061E-05
   8.600001E+01  9.000001E+01  1.150875E-04  5.554941E-05
   8.600001E+01  1.020000E+02  1.084076E-04  5.537963E-05
   8.600001E+01  1.140000E+02  1.389970E-04  7.791284E-05
   8.600001E+01  1.260000E+02  1.091388E-04  5.537786E-05
   8.600001E+01  1.380000E+02  1.301808E-04  7.772048E-05
   8.600001E+01  1.500000E+02  9.002739E-05  1.109611E-05
   8.600001E+01  1.620000E+02  1.048740E-04  5.527780E-05
   8.600001E+01  1.740000E+02  1.167861E-04  5.555339E-05
   8.600001E+01  1.860000E+02  1.227640E-04  7.751027E-05
   8.600001E+01  1.980000E+02  1.250947E-04  7.756909E-05
   8.600001E+01  2.100000E+02  1.119844E-04  5.546402E-05
   8.600001E+01  2.220000E+02  8.401703E-05  1.011123E-05
   8.600001E+01  2.340000E+02  1.272647E-04  7.752882E-05
   8.600001E+01  2.460000E+02  9.696592E-05  1.254471E-05
   8.600001E+01  2.580000E+02  9.225421E-05  1.118887E-05
   8.600001E+01  2.700000E+02  9.402579E-05  1.103144E-05
   8.600001E+01  2.820000E+02  1.461788E-04  9.465260E-05
   8.600001E+01  2.940000E+02  9.333284E-05  1.137401E-05
   8.600001E+01  3.060000E+02  9.068014E-05  1.085781E-05
   8.600001E+01  3.180000E+02  1.093600E-04  5.541619E-05
   8.600001E+01  3.300000E+02  1.086807E-04  5.544938E-05
   8.600001E+01  3.420000E+02  1.255428E-04  7.758108E-05
   8.600001E+01  3.540000E+02  1.285192E-04  7.756145E-05
    
   9.000001E+01  6.000001E+00  2.093189E-05  4.764041E-06
   9.000001E+01  1.800000E+01  2.026612E-05  4.962966E-06
   9.000001E+01  3.000000E+01  2.165682E-05  5.264157E-06
   9.000001E+01  4.200000E+01  2.450785E-05  5.733511E-06
   9.000001E+01  5.400001E+01  2.045276E-05  4.796534E-06
   9.000001E+01  6.600001E+01  2.333610E-05  5.322662E-06
   9.000001E+01  7.800001E+01  2.012982E-05  4.791815E-06
   9.000001E+01  9.000001E+01  2.130551E-05  5.047589E-06
   9.000001E+01  1.020000E+02  2.134404E-05  5.100763E-06
   9.000001E+01  1.140000E+02  2.454986E-05  7.394238E-06
   9.000001E+01  1.260000E+02  1.964244E-05  4.602380E-06
   9.000001E+01  1.380000E+02  2.331699E-05  5.505668E-06
   9.000001E+01  1.500000E+02  1.929521E-05  4.476231E-06
   9.000001E+01  1.620000E+02  3.849696E-05  5.461691E-05
   9.000001E+01  1.740000E+02  2.029622E-05  4.853568E-06
   9.000001E+01  1.860000E+02  1.959210E-05  4.548944E-06
   9.000001E+01  1.980000E+02  2.103124E-05  4.985809E-06
   9.000001E+01  2.100000E+02  5.824096E-05  7.678718E-05
   9.000001E+01  2.220000E+02  1.952301E-05  4.546728E-06
   9.000001E+01  2.340000E+02  2.214713E-05  5.300841E-06
   9.000001E+01  2.460000E+02  4.024180E-05  5.439002E-05
   9.000001E+01  2.580000E+02  2.160870E-05  5.428037E-06
   9.000001E+01  2.700000E+02  3.754302E-05  5.435259E-05
   9.000001E+01  2.820000E+02  2.085862E-05  4.922261E-06
   9.000001E+01  2.940000E+02  2.021592E-05  4.849548E-06
   9.000001E+01  3.060000E+02  2.019652E-05  4.959561E-06
   9.000001E+01  3.180000E+02  2.038922E-05  4.932678E-06
   9.000001E+01  3.300000E+02  2.003713E-05  4.681704E-06
   9.000001E+01  3.420000E+02  1.989429E-05  4.441460E-06
   9.000001E+01  3.540000E+02  4.131355E-05  5.444528E-05
    
   9.400001E+01  6.000001E+00  5.053970E-07  4.282970E-07
   9.400001E+01  1.800000E+01  2.420816E-07  2.818445E-07
   9.400001E+01  3.000000E+01  3.737393E-07  3.625430E-07
   9.400001E+01  4.200000E+01  1.705897E-07  2.350401E-07
   9.400001E+01  5.400001E+01  3.461333E-07  3.529570E-07
   9.400001E+01  6.600001E+01  4.062991E-07  3.903680E-07
   9.400001E+01  7.800001E+01  3.185273E-07  3.431033E-07
   9.400001E+01  9.000001E+01  5.443290E-07  4.320659E-07
   9.400001E+01  1.020000E+02  3.574594E-07  3.477966E-07
   9.400001E+01  1.140000E+02  2.420816E-07  2.818445E-07
   9.400001E+01  1.260000E+02  2.746414E-07  3.168378E-07
   9.400001E+01  1.380000E+02  1.267038E-07  1.947053E-07
   9.400001E+01  1.500000E+02  1.267038E-07  1.947053E-07
   9.400001E+01  1.620000E+02  3.348073E-07  3.580430E-07
   9.400001E+01  1.740000E+02  1.981957E-07  2.492040E-07
   9.400001E+01  1.860000E+02  4.339051E-07  3.990563E-07
   9.400001E+01  1.980000E+02  3.737393E-07  3.625430E-07
   9.400001E+01  2.100000E+02  2.583615E-07  2.998521E-07
   9.400001E+01  2.220000E+02  4.777910E-07  4.202138E-07
   9.400001E+01  2.340000E+02  2.859675E-07  3.110788E-07
   9.400001E+01  2.460000E+02  3.461333E-07  3.529570E-07
   9.400001E+01  2.580000E+02  2.420816E-07  2.818445E-07
   9.400001E+01  2.700000E+02  3.135735E-07  3.219143E-07
   9.400001E+01  2.820000E+02  2.583615E-07  2.998521E-07
   9.400001E+01  2.940000E+02  2.583615E-07  2.998521E-07
   9.400001E+01  3.060000E+02  1.981957E-07  2.492040E-07
   9.400001E+01  3.180000E+02  2.307555E-07  2.881883E-07
   9.400001E+01  3.300000E+02  4.501850E-07  4.119719E-07
   9.400001E+01  3.420000E+02  1.267038E-07  1.947053E-07
   9.400001E+01  3.540000E+02  3.786931E-07  3.814819E-07
    
   9.800001E+01  6.000001E+00  2.210462E-07  2.965644E-07
   9.800001E+01  1.800000E+01  3.044743E-07  3.298955E-07
   9.800001E+01  3.000000E+01  1.276373E-07  1.961398E-07
   9.800001E+01  4.200000E+01  2.203886E-07  2.716982E-07
   9.800001E+01  5.400001E+01  2.602650E-07  3.020613E-07
   9.800001E+01  6.600001E+01  2.766649E-07  3.191721E-07
   9.800001E+01  7.800001E+01  3.486835E-07  3.555575E-07
   9.800001E+01  9.000001E+01  2.324557E-07  2.903116E-07
   9.800001E+01  1.020000E+02  8.342811E-08  1.445017E-07
   9.800001E+01  1.140000E+02  2.046463E-07  2.780658E-07
   9.800001E+01  1.260000E+02  3.044743E-07  3.298955E-07
   9.800001E+01  1.380000E+02  4.485115E-07  3.974060E-07
   9.800001E+01  1.500000E+02  2.580002E-07  2.775039E-07
   9.800001E+01  1.620000E+02  2.766649E-07  3.191721E-07
   9.800001E+01  1.740000E+02  2.324557E-07  2.903116E-07
   9.800001E+01  1.860000E+02  2.602650E-07  3.020613E-07
   9.800001E+01  1.980000E+02  3.208741E-07  3.456312E-07
   9.800001E+01  2.100000E+02  2.716746E-07  2.959246E-07
   9.800001E+01  2.220000E+02  4.092926E-07  3.932442E-07
   9.800001E+01  2.340000E+02  1.882464E-07  2.582455E-07
   9.800001E+01  2.460000E+02  4.043023E-07  3.746218E-07
   9.800001E+01  2.580000E+02  2.324557E-07  2.903116E-07
   9.800001E+01  2.700000E+02  1.718466E-07  2.367718E-07
   9.800001E+01  2.820000E+02  9.982798E-08  1.775122E-07
   9.800001E+01  2.940000E+02  1.162278E-07  2.052814E-07
   9.800001E+01  3.060000E+02  4.092926E-07  3.932442E-07
   9.800001E+01  3.180000E+02  3.044743E-07  3.298955E-07
   9.800001E+01  3.300000E+02  1.162278E-07  2.052814E-07
   9.800001E+01  3.420000E+02  4.043023E-07  3.746218E-07
   9.800001E+01  3.540000E+02  4.420923E-08  1.326277E-07
    
   1.020000E+02  6.000001E+00  1.949655E-07  2.617764E-07
   1.020000E+02  1.800000E+01  4.540691E-07  4.023304E-07
   1.020000E+02  3.000000E+01  4.656200E-07  3.976287E-07
   1.020000E+02  4.200000E+01  9.081781E-07  1.969345E-06
   1.020000E+02  5.400001E+01  2.916440E-07  3.172538E-07
   1.020000E+02  6.600001E+01  3.082471E-07  3.339834E-07
   1.020000E+02  7.800001E+01  2.187330E-07  2.747499E-07
   1.020000E+02  9.000001E+01  2.353361E-07  2.939089E-07
   1.020000E+02  1.020000E+02  3.761059E-07  3.493584E-07
   1.020000E+02  1.140000E+02  2.115686E-07  2.818188E-07
   1.020000E+02  1.260000E+02  3.248502E-07  3.499140E-07
   1.020000E+02  1.380000E+02  3.977612E-07  3.841903E-07
   1.020000E+02  1.500000E+02  4.540691E-07  4.023304E-07
   1.020000E+02  1.620000E+02  1.108862E-06  1.993987E-06
   1.020000E+02  1.740000E+02  2.634901E-07  3.058042E-07
   1.020000E+02  1.860000E+02  2.634901E-07  3.058042E-07
   1.020000E+02  1.980000E+02  3.364011E-07  3.444977E-07
   1.020000E+02  2.100000E+02  2.468870E-07  2.874392E-07
   1.020000E+02  2.220000E+02  3.414533E-07  3.651502E-07
   1.020000E+02  2.340000E+02  1.905791E-07  2.614455E-07
   1.020000E+02  2.460000E+02  2.302839E-07  2.678178E-07
   1.020000E+02  2.580000E+02  1.905791E-07  2.614455E-07
   1.020000E+02  2.700000E+02  4.143643E-07  3.981169E-07
   1.020000E+02  2.820000E+02  3.855445E-07  3.699736E-07
   1.020000E+02  2.940000E+02  2.519392E-07  3.118932E-07
   1.020000E+02  3.060000E+02  3.248502E-07  3.499140E-07
   1.020000E+02  3.180000E+02  1.905791E-07  2.614455E-07
   1.020000E+02  3.300000E+02  1.010650E-07  1.797118E-07
   1.020000E+02  3.420000E+02  2.519392E-07  3.118932E-07
   1.020000E+02  3.540000E+02  2.021299E-07  2.541508E-07
    
   1.060000E+02  6.000001E+00  4.958350E-07  4.360833E-07
   1.060000E+02  1.800000E+01  1.483836E-07  2.282732E-07
   1.060000E+02  3.000000E+01  3.019081E-07  3.455324E-07
   1.060000E+02  4.200000E+01  2.850134E-07  3.288033E-07
   1.060000E+02  5.400001E+01  2.460830E-07  2.652811E-07
   1.060000E+02  6.600001E+01  1.770321E-07  2.439165E-07
   1.060000E+02  7.800001E+01  4.451507E-07  3.953803E-07
   1.060000E+02  9.000001E+01  1.366298E-07  2.366496E-07
   1.060000E+02  1.020000E+02  2.108216E-07  2.864565E-07
   1.060000E+02  1.140000E+02  2.967672E-07  3.228268E-07
   1.060000E+02  1.260000E+02  1.770321E-07  2.439165E-07
   1.060000E+02  1.380000E+02  3.012307E-07  3.231044E-07
   1.060000E+02  1.500000E+02  2.394701E-07  2.990718E-07
   1.060000E+02  1.620000E+02  2.681186E-07  3.111761E-07
   1.060000E+02  1.740000E+02  7.419179E-08  1.614135E-07
   1.060000E+02  1.860000E+02  2.681186E-07  3.111761E-07
   1.060000E+02  1.980000E+02  2.798724E-07  3.048543E-07
   1.060000E+02  2.100000E+02  3.136619E-07  3.398503E-07
   1.060000E+02  2.220000E+02  2.798724E-07  3.048543E-07
   1.060000E+02  2.340000E+02  2.225754E-07  2.795763E-07
   1.060000E+02  2.460000E+02  2.056806E-07  2.586153E-07
   1.060000E+02  2.580000E+02  2.850134E-07  3.288033E-07
   1.060000E+02  2.700000E+02  4.385379E-07  4.188024E-07
   1.060000E+02  2.820000E+02  1.314888E-07  2.020584E-07
   1.060000E+02  2.940000E+02  1.197351E-07  2.114758E-07
   1.060000E+02  3.060000E+02  1.601374E-07  2.195773E-07
   1.060000E+02  3.180000E+02  2.681186E-07  3.111761E-07
   1.060000E+02  3.300000E+02  4.385379E-07  4.188024E-07
   1.060000E+02  3.420000E+02  3.305566E-07  3.560607E-07
   1.060000E+02  3.540000E+02  2.056806E-07  2.586153E-07
    
   1.100000E+02  6.000001E+00  2.862964E-07  3.118517E-07
   1.100000E+02  1.800000E+01  2.276842E-07  2.859935E-07
   1.100000E+02  3.000000E+01  2.449667E-07  3.059365E-07
   1.100000E+02  4.200000E+01  3.847326E-07  3.901288E-07
   1.100000E+02  5.400001E+01  1.983781E-07  2.721446E-07
   1.100000E+02  6.600001E+01  3.847326E-07  3.901288E-07
   1.100000E+02  7.800001E+01  2.449667E-07  3.059365E-07
   1.100000E+02  9.000001E+01  2.305564E-07  2.861233E-07
   1.100000E+02  1.020000E+02  3.599925E-07  3.803400E-07
   1.100000E+02  1.140000E+02  3.088379E-07  3.534635E-07
   1.100000E+02  1.260000E+02  2.915554E-07  3.363504E-07
   1.100000E+02  1.380000E+02  1.983781E-07  2.721446E-07
   1.100000E+02  1.500000E+02  1.690720E-07  2.575521E-07
   1.100000E+02  1.620000E+02  5.244985E-07  4.591336E-07
   1.100000E+02  1.740000E+02  2.915554E-07  3.363504E-07
   1.100000E+02  1.860000E+02  3.035790E-07  3.302368E-07
   1.100000E+02  1.980000E+02  3.674501E-07  3.746940E-07
   1.100000E+02  2.100000E+02  2.156606E-07  2.930317E-07
   1.100000E+02  2.220000E+02  1.224834E-07  2.163299E-07
   1.100000E+02  2.340000E+02  2.742729E-07  3.183186E-07
   1.100000E+02  2.460000E+02  2.742729E-07  3.183186E-07
   1.100000E+02  2.580000E+02  2.029441E-07  2.724891E-07
   1.100000E+02  2.700000E+02  2.156606E-07  2.930317E-07
   1.100000E+02  2.820000E+02  1.983781E-07  2.721446E-07
   1.100000E+02  2.940000E+02  5.072160E-07  4.460929E-07
   1.100000E+02  3.060000E+02  2.862964E-07  3.118517E-07
   1.100000E+02  3.180000E+02  2.915554E-07  3.363504E-07
   1.100000E+02  3.300000E+02  4.899335E-07  4.326592E-07
   1.100000E+02  3.420000E+02  2.862964E-07  3.118517E-07
   1.100000E+02  3.540000E+02  2.915554E-07  3.363504E-07
    
   1.140000E+02  6.000001E+00  2.643458E-07  3.077657E-07
   1.140000E+02  1.800000E+01  3.424128E-07  3.515207E-07
   1.140000E+02  3.000000E+01  3.478223E-07  3.746585E-07
   1.140000E+02  4.200000E+01  3.601900E-07  3.688591E-07
   1.140000E+02  5.400001E+01  2.040560E-07  2.799338E-07
   1.140000E+02  6.600001E+01  3.903349E-07  3.797834E-07
   1.140000E+02  7.800001E+01  2.875325E-07  3.521536E-07
   1.140000E+02  9.000001E+01  1.437662E-07  2.490103E-07
   1.140000E+02  1.020000E+02  4.382569E-07  4.060838E-07
   1.140000E+02  1.140000E+02  3.300451E-07  3.576013E-07
   1.140000E+02  1.260000E+02  2.999002E-07  3.459773E-07
   1.140000E+02  1.380000E+02  3.424128E-07  3.515207E-07
   1.140000E+02  1.500000E+02  1.561339E-07  2.401963E-07
   1.140000E+02  1.620000E+02  2.164237E-07  2.721233E-07
   1.140000E+02  1.740000E+02  1.862788E-07  2.566567E-07
   1.140000E+02  1.860000E+02  4.204798E-07  3.904021E-07
   1.140000E+02  1.980000E+02  2.643458E-07  3.077657E-07
   1.140000E+02  2.100000E+02  2.999002E-07  3.459773E-07
   1.140000E+02  2.220000E+02  2.040560E-07  2.799338E-07
   1.140000E+02  2.340000E+02  3.176774E-07  3.635802E-07
   1.140000E+02  2.460000E+02  2.218332E-07  3.014187E-07
   1.140000E+02  2.580000E+02  4.738113E-07  4.357575E-07
   1.140000E+02  2.700000E+02  1.259891E-07  2.225216E-07
   1.140000E+02  2.820000E+02  4.312987E-07  4.312982E-07
   1.140000E+02  2.940000E+02  1.590883E-07  2.403598E-07
   1.140000E+02  3.060000E+02  3.957443E-07  4.012949E-07
   1.140000E+02  3.180000E+02  2.697553E-07  3.339490E-07
   1.140000E+02  3.300000E+02  2.821230E-07  3.274294E-07
   1.140000E+02  3.420000E+02  2.218332E-07  3.014187E-07
   1.140000E+02  3.540000E+02  2.342009E-07  2.941791E-07
    
   1.180000E+02  6.000001E+00  2.791034E-07  3.455217E-07
   1.180000E+02  1.800000E+01  2.735065E-07  3.184311E-07
   1.180000E+02  3.000000E+01  1.615447E-07  2.485201E-07
   1.180000E+02  4.200000E+01  4.718376E-07  4.357778E-07
   1.180000E+02  5.400001E+01  1.303551E-07  2.302329E-07
   1.180000E+02  6.600001E+01  2.423170E-07  3.043737E-07
   1.180000E+02  7.800001E+01  2.791034E-07  3.455217E-07
   1.180000E+02  9.000001E+01  3.414825E-07  3.699937E-07
   1.180000E+02  1.020000E+02  3.133497E-07  3.580843E-07
   1.180000E+02  1.140000E+02  2.111274E-07  2.896347E-07
   1.180000E+02  1.260000E+02  3.102930E-07  3.579669E-07
   1.180000E+02  1.380000E+02  2.918998E-07  3.387762E-07
   1.180000E+02  1.500000E+02  1.799379E-07  2.741044E-07
   1.180000E+02  1.620000E+02  2.239237E-07  2.815535E-07
   1.180000E+02  1.740000E+02  1.799379E-07  2.741044E-07
   1.180000E+02  1.860000E+02  2.295207E-07  3.118641E-07
   1.180000E+02  1.980000E+02  9.916556E-08  2.103619E-07
   1.180000E+02  2.100000E+02  3.910653E-07  3.987748E-07
   1.180000E+02  2.220000E+02  1.799379E-07  2.741044E-07
   1.180000E+02  2.340000E+02  2.918998E-07  3.387762E-07
   1.180000E+02  2.460000E+02  1.799379E-07  2.741044E-07
   1.180000E+02  2.580000E+02  9.916556E-08  2.103619E-07
   1.180000E+02  2.700000E+02  2.607102E-07  3.255984E-07
   1.180000E+02  2.820000E+02  2.423170E-07  3.043737E-07
   1.180000E+02  2.940000E+02  1.927342E-07  2.655510E-07
   1.180000E+02  3.060000E+02  1.303551E-07  2.302329E-07
   1.180000E+02  3.180000E+02  1.983311E-07  2.974965E-07
   1.180000E+02  3.300000E+02  3.726721E-07  3.816417E-07
   1.180000E+02  3.420000E+02  3.726721E-07  3.816417E-07
   1.180000E+02  3.540000E+02  5.526100E-07  4.698758E-07
    
   1.220000E+02  6.000001E+00  5.162325E-08  1.548697E-07
   1.220000E+02  1.800000E+01  2.389661E-07  3.246982E-07
   1.220000E+02  3.000000E+01  3.039122E-07  3.527178E-07
   1.220000E+02  4.200000E+01  1.548697E-07  2.682422E-07
   1.220000E+02  5.400001E+01  3.746857E-07  4.035945E-07
   1.220000E+02  6.600001E+01  2.198159E-07  3.015540E-07
   1.220000E+02  7.800001E+01  1.032465E-07  2.190188E-07
   1.220000E+02  9.000001E+01  2.714392E-07  3.389976E-07
   1.220000E+02  1.020000E+02  2.389661E-07  3.246982E-07
   1.220000E+02  1.140000E+02  8.409633E-08  1.829621E-07
   1.220000E+02  1.260000E+02  3.039122E-07  3.527178E-07
   1.220000E+02  1.380000E+02  1.681927E-07  2.587474E-07
   1.220000E+02  1.500000E+02  2.714392E-07  3.389976E-07
   1.220000E+02  1.620000E+02  2.714392E-07  3.389976E-07
   1.220000E+02  1.740000E+02  1.681927E-07  2.587474E-07
   1.220000E+02  1.860000E+02  1.165694E-07  2.072815E-07
   1.220000E+02  1.980000E+02  2.064930E-07  3.097393E-07
   1.220000E+02  2.100000E+02  3.247308E-08  9.741923E-08
   1.220000E+02  2.220000E+02  2.198159E-07  3.015540E-07
   1.220000E+02  2.340000E+02  2.139887E-07  2.672771E-07
   1.220000E+02  2.460000E+02  8.409633E-08  1.829621E-07
   1.220000E+02  2.580000E+02  1.681927E-07  2.587474E-07
   1.220000E+02  2.700000E+02  1.357196E-07  2.397076E-07
   1.220000E+02  2.820000E+02  3.039122E-07  3.527178E-07
   1.220000E+02  2.940000E+02  3.039122E-07  3.527178E-07
   1.220000E+02  3.060000E+02  2.714392E-07  3.389976E-07
   1.220000E+02  3.180000E+02  3.039122E-07  3.527178E-07
   1.220000E+02  3.300000E+02  2.522890E-07  3.168995E-07
   1.220000E+02  3.420000E+02  9.309329E-07  2.261986E-06
   1.220000E+02  3.540000E+02  1.681927E-07  2.587474E-07
    
   1.260000E+02  6.000001E+00  2.845348E-07  3.553526E-07
   1.260000E+02  1.800000E+01  1.963812E-07  2.991530E-07
   1.260000E+02  3.000000E+01  2.164553E-07  3.246827E-07
   1.260000E+02  4.200000E+01  5.411382E-08  1.623414E-07
   1.260000E+02  5.400001E+01  6.807950E-08  1.444184E-07
   1.260000E+02  6.600001E+01  5.411382E-08  1.623414E-07
   1.260000E+02  7.800001E+01  1.422674E-07  2.512723E-07
   1.260000E+02  9.000001E+01  8.815357E-08  1.917891E-07
   1.260000E+02  1.020000E+02  2.878709E-07  3.554935E-07
   1.260000E+02  1.140000E+02  2.103469E-07  2.898179E-07
   1.260000E+02  1.260000E+02  2.985005E-07  3.475304E-07
   1.260000E+02  1.380000E+02  3.185745E-07  3.697347E-07
   1.260000E+02  1.500000E+02  1.082276E-07  2.295854E-07
   1.260000E+02  1.620000E+02  1.361590E-07  2.042384E-07
   1.260000E+02  1.740000E+02  1.082276E-07  2.295854E-07
   1.260000E+02  1.860000E+02  4.441039E-07  4.289699E-07
   1.260000E+02  1.980000E+02  1.763071E-07  2.712307E-07
   1.260000E+02  2.100000E+02  8.815357E-08  1.917891E-07
   1.260000E+02  2.220000E+02  2.504950E-07  3.403633E-07
   1.260000E+02  2.340000E+02  2.504950E-07  3.403633E-07
   1.260000E+02  2.460000E+02  3.046088E-07  3.770966E-07
   1.260000E+02  2.580000E+02  8.815357E-08  1.917891E-07
   1.260000E+02  2.700000E+02  1.623415E-07  2.811835E-07
   1.260000E+02  2.820000E+02  1.963812E-07  2.991530E-07
   1.260000E+02  2.940000E+02  1.082276E-07  2.295854E-07
   1.260000E+02  3.060000E+02  1.963812E-07  2.991530E-07
   1.260000E+02  3.180000E+02  1.963812E-07  2.991530E-07
   1.260000E+02  3.300000E+02  1.562331E-07  2.400827E-07
   1.260000E+02  3.420000E+02  1.082276E-07  2.295854E-07
   1.260000E+02  3.540000E+02  1.000000E-35  1.000000E-35
    
   1.300000E+02  6.000001E+00  3.576457E-07  4.125949E-07
   1.300000E+02  1.800000E+01  4.083440E-07  4.192057E-07
   1.300000E+02  3.000000E+01  1.861974E-07  2.864459E-07
   1.300000E+02  4.200000E+01  1.502481E-07  2.653679E-07
   1.300000E+02  5.400001E+01  2.433468E-07  3.338348E-07
   1.300000E+02  6.600001E+01  1.714483E-07  2.969570E-07
   1.300000E+02  7.800001E+01  1.502481E-07  2.653679E-07
   1.300000E+02  9.000001E+01  2.073975E-07  3.159345E-07
   1.300000E+02  1.020000E+02  1.861974E-07  2.864459E-07
   1.300000E+02  1.140000E+02  1.861974E-07  2.864459E-07
   1.300000E+02  1.260000E+02  2.580959E-07  3.245204E-07
   1.300000E+02  1.380000E+02  2.645470E-07  3.594566E-07
   1.300000E+02  1.500000E+02  1.142989E-07  2.424644E-07
   1.300000E+02  1.620000E+02  1.861974E-07  2.864459E-07
   1.300000E+02  1.740000E+02  1.861974E-07  2.864459E-07
   1.300000E+02  1.860000E+02  1.502481E-07  2.653679E-07
   1.300000E+02  1.980000E+02  2.073975E-07  3.159345E-07
   1.300000E+02  2.100000E+02  1.714483E-07  2.969570E-07
   1.300000E+02  2.220000E+02  1.649972E-07  2.535506E-07
   1.300000E+02  2.340000E+02  2.645470E-07  3.594566E-07
   1.300000E+02  2.460000E+02  1.142989E-07  2.424644E-07
   1.300000E+02  2.580000E+02  1.290480E-07  2.294706E-07
   1.300000E+02  2.700000E+02  1.290480E-07  2.294706E-07
   1.300000E+02  2.820000E+02  1.290480E-07  2.294706E-07
   1.300000E+02  2.940000E+02  3.594927E-08  1.078478E-07
   1.300000E+02  3.060000E+02  3.935949E-07  4.264571E-07
   1.300000E+02  3.180000E+02  9.309869E-08  2.025479E-07
   1.300000E+02  3.300000E+02  3.364455E-07  3.904756E-07
   1.300000E+02  3.420000E+02  1.290480E-07  2.294706E-07
   1.300000E+02  3.540000E+02  5.714943E-08  1.714483E-07
    
   1.340000E+02  6.000001E+00  1.217199E-07  2.582069E-07
   1.340000E+02  1.800000E+01  1.217199E-07  2.582069E-07
   1.340000E+02  3.000000E+01  9.914332E-08  2.156987E-07
   1.340000E+02  4.200000E+01  6.085997E-08  1.825799E-07
   1.340000E+02  5.400001E+01  1.825799E-07  3.162376E-07
   1.340000E+02  6.600001E+01  2.208633E-07  3.364472E-07
   1.340000E+02  7.800001E+01  1.757100E-07  2.700129E-07
   1.340000E+02  9.000001E+01  9.914332E-08  2.156987E-07
   1.340000E+02  1.020000E+02  1.217199E-07  2.582069E-07
   1.340000E+02  1.140000E+02  9.914332E-08  2.156987E-07
   1.340000E+02  1.260000E+02  1.000000E-35  1.000000E-35
   1.340000E+02  1.380000E+02  1.000000E-35  1.000000E-35
   1.340000E+02  1.500000E+02  6.085997E-08  1.825799E-07
   1.340000E+02  1.620000E+02  6.085997E-08  1.825799E-07
   1.340000E+02  1.740000E+02  2.591466E-07  3.555098E-07
   1.340000E+02  1.860000E+02  2.139934E-07  2.934237E-07
   1.340000E+02  1.980000E+02  7.656670E-08  1.624225E-07
   1.340000E+02  2.100000E+02  1.825799E-07  3.162376E-07
   1.340000E+02  2.220000E+02  6.085997E-08  1.825799E-07
   1.340000E+02  2.340000E+02  6.085997E-08  1.825799E-07
   1.340000E+02  2.460000E+02  1.000000E-35  1.000000E-35
   1.340000E+02  2.580000E+02  1.217199E-07  2.582069E-07
   1.340000E+02  2.700000E+02  3.828335E-08  1.148500E-07
   1.340000E+02  2.820000E+02  1.825799E-07  3.162376E-07
   1.340000E+02  2.940000E+02  1.374267E-07  2.443695E-07
   1.340000E+02  3.060000E+02  1.217199E-07  2.582069E-07
   1.340000E+02  3.180000E+02  1.982866E-07  3.050440E-07
   1.340000E+02  3.300000E+02  1.600033E-07  2.825975E-07
   1.340000E+02  3.420000E+02  3.828335E-08  1.148500E-07
   1.340000E+02  3.540000E+02  6.085997E-08  1.825799E-07
    
   1.380000E+02  6.000001E+00  1.720094E-07  3.038026E-07
   1.380000E+02  1.800000E+01  2.171989E-07  3.281566E-07
   1.380000E+02  3.000000E+01  1.065827E-07  2.318840E-07
   1.380000E+02  4.200000E+01  6.542669E-08  1.962801E-07
   1.380000E+02  5.400001E+01  4.115600E-08  1.234680E-07
   1.380000E+02  6.600001E+01  2.617068E-07  3.925600E-07
   1.380000E+02  7.800001E+01  2.374361E-07  3.616930E-07
   1.380000E+02  9.000001E+01  8.231200E-08  1.746101E-07
   1.380000E+02  1.020000E+02  1.308534E-07  2.775819E-07
   1.380000E+02  1.140000E+02  1.308534E-07  2.775819E-07
   1.380000E+02  1.260000E+02  1.720094E-07  3.038026E-07
   1.380000E+02  1.380000E+02  1.000000E-35  1.000000E-35
   1.380000E+02  1.500000E+02  2.374361E-07  3.616930E-07
   1.380000E+02  1.620000E+02  1.065827E-07  2.318840E-07
   1.380000E+02  1.740000E+02  3.028628E-07  4.115187E-07
   1.380000E+02  1.860000E+02  3.440188E-07  4.296416E-07
   1.380000E+02  1.980000E+02  1.720094E-07  3.038026E-07
   1.380000E+02  2.100000E+02  1.065827E-07  2.318840E-07
   1.380000E+02  2.220000E+02  6.542669E-08  1.962801E-07
   1.380000E+02  2.340000E+02  1.000000E-35  1.000000E-35
   1.380000E+02  2.460000E+02  1.760429E-07  3.040435E-07
   1.380000E+02  2.580000E+02  2.617068E-07  3.925600E-07
   1.380000E+02  2.700000E+02  4.115600E-08  1.234680E-07
   1.380000E+02  2.820000E+02  1.308534E-07  2.775819E-07
   1.380000E+02  2.940000E+02  2.617068E-07  3.925600E-07
   1.380000E+02  3.060000E+02  6.542669E-08  1.962801E-07
   1.380000E+02  3.180000E+02  2.131654E-07  3.279334E-07
   1.380000E+02  3.300000E+02  6.542669E-08  1.962801E-07
   1.380000E+02  3.420000E+02  1.065827E-07  2.318840E-07
   1.380000E+02  3.540000E+02  6.542669E-08  1.962801E-07
    
   1.420000E+02  6.000001E+00  1.000000E-35  1.000000E-35
   1.420000E+02  1.800000E+01  2.764088E-07  3.808386E-07
   1.420000E+02  3.000000E+01  4.633569E-07  5.040451E-07
   1.420000E+02  4.200000E+01  1.605695E-07  2.855217E-07
   1.420000E+02  5.400001E+01  1.605695E-07  2.855217E-07
   1.420000E+02  6.600001E+01  1.158392E-07  2.520227E-07
   1.420000E+02  7.800001E+01  7.110889E-08  2.133267E-07
   1.420000E+02  9.000001E+01  3.027873E-07  4.153782E-07
   1.420000E+02  1.020000E+02  4.713837E-07  5.394964E-07
   1.420000E+02  1.140000E+02  1.422178E-07  3.016894E-07
   1.420000E+02  1.260000E+02  2.052999E-07  3.154835E-07
   1.420000E+02  1.380000E+02  2.133267E-07  3.694925E-07
   1.420000E+02  1.500000E+02  1.158392E-07  2.520227E-07
   1.420000E+02  1.620000E+02  1.000000E-35  1.000000E-35
   1.420000E+02  1.740000E+02  7.110889E-08  2.133267E-07
   1.420000E+02  1.860000E+02  1.869481E-07  3.301873E-07
   1.420000E+02  1.980000E+02  2.202957E-07  3.700835E-07
   1.420000E+02  2.100000E+02  2.133267E-07  3.694925E-07
   1.420000E+02  2.220000E+02  1.422178E-07  3.016894E-07
   1.420000E+02  2.340000E+02  1.158392E-07  2.520227E-07
   1.420000E+02  2.460000E+02  1.422178E-07  3.016894E-07
   1.420000E+02  2.580000E+02  7.110889E-08  2.133267E-07
   1.420000E+02  2.700000E+02  1.000000E-35  1.000000E-35
   1.420000E+02  2.820000E+02  1.000000E-35  1.000000E-35
   1.420000E+02  2.940000E+02  1.000000E-35  1.000000E-35
   1.420000E+02  3.060000E+02  2.133267E-07  3.694925E-07
   1.420000E+02  3.180000E+02  4.002748E-07  4.955282E-07
   1.420000E+02  3.300000E+02  1.158392E-07  2.520227E-07
   1.420000E+02  3.420000E+02  7.110889E-08  2.133267E-07
   1.420000E+02  3.540000E+02  1.869481E-07  3.301873E-07
    
   1.460000E+02  6.000001E+00  1.565793E-07  3.321547E-07
   1.460000E+02  1.800000E+01  1.275369E-07  2.774726E-07
   1.460000E+02  3.000000E+01  2.841162E-07  4.328021E-07
   1.460000E+02  4.200000E+01  2.752788E-07  3.774572E-07
   1.460000E+02  5.400001E+01  1.565793E-07  3.321547E-07
   1.460000E+02  6.600001E+01  4.924730E-08  1.477419E-07
   1.460000E+02  7.800001E+01  1.275369E-07  2.774726E-07
   1.460000E+02  9.000001E+01  1.275369E-07  2.774726E-07
   1.460000E+02  1.020000E+02  1.275369E-07  2.774726E-07
   1.460000E+02  1.140000E+02  7.828964E-08  2.348689E-07
   1.460000E+02  1.260000E+02  4.116531E-07  5.141095E-07
   1.460000E+02  1.380000E+02  1.565793E-07  3.321547E-07
   1.460000E+02  1.500000E+02  7.828964E-08  2.348689E-07
   1.460000E+02  1.620000E+02  2.058266E-07  3.635304E-07
   1.460000E+02  1.740000E+02  2.058266E-07  3.635304E-07
   1.460000E+02  1.860000E+02  1.275369E-07  2.774726E-07
   1.460000E+02  1.980000E+02  1.565793E-07  3.321547E-07
   1.460000E+02  2.100000E+02  2.348689E-07  4.068047E-07
   1.460000E+02  2.220000E+02  5.682324E-07  6.120743E-07
   1.460000E+02  2.340000E+02  4.116531E-07  5.141095E-07
   1.460000E+02  2.460000E+02  1.313319E-06  3.424064E-06
   1.460000E+02  2.580000E+02  1.969892E-07  2.954836E-07
   1.460000E+02  2.700000E+02  3.826108E-07  4.805964E-07
   1.460000E+02  2.820000E+02  2.841162E-07  4.328021E-07
   1.460000E+02  2.940000E+02  7.828964E-08  2.348689E-07
   1.460000E+02  3.060000E+02  2.550739E-07  3.924054E-07
   1.460000E+02  3.180000E+02  9.849460E-08  2.089385E-07
   1.460000E+02  3.300000E+02  4.924730E-08  1.477419E-07
   1.460000E+02  3.420000E+02  2.260315E-07  3.473418E-07
   1.460000E+02  3.540000E+02  2.058266E-07  3.635304E-07
    
   1.500000E+02  6.000001E+00  1.751160E-07  3.714771E-07
   1.500000E+02  1.800000E+01  8.755802E-08  2.626740E-07
   1.500000E+02  3.000000E+01  5.507749E-08  1.652324E-07
   1.500000E+02  4.200000E+01  8.755802E-08  2.626740E-07
   1.500000E+02  5.400001E+01  5.705420E-07  6.206424E-07
   1.500000E+02  6.600001E+01  3.489297E-07  4.696414E-07
   1.500000E+02  7.800001E+01  5.565263E-07  6.326562E-07
   1.500000E+02  9.000001E+01  1.751160E-07  3.714771E-07
   1.500000E+02  1.020000E+02  2.852710E-07  4.388607E-07
   1.500000E+02  1.140000E+02  1.512167E-07  3.113874E-07
   1.500000E+02  1.260000E+02  8.755802E-08  2.626740E-07
   1.500000E+02  1.380000E+02  2.301935E-07  4.065673E-07
   1.500000E+02  1.500000E+02  2.852710E-07  4.388607E-07
   1.500000E+02  1.620000E+02  5.507749E-08  1.652324E-07
   1.500000E+02  1.740000E+02  3.502321E-07  5.253479E-07
   1.500000E+02  1.860000E+02  4.279065E-07  5.374922E-07
   1.500000E+02  1.980000E+02  2.527905E-07  3.884621E-07
   1.500000E+02  2.100000E+02  2.301935E-07  4.065673E-07
   1.500000E+02  2.220000E+02  1.426355E-07  3.103214E-07
   1.500000E+02  2.340000E+02  1.751160E-07  3.714771E-07
   1.500000E+02  2.460000E+02  2.852710E-07  4.388607E-07
   1.500000E+02  2.580000E+02  3.502321E-07  5.253479E-07
   1.500000E+02  2.700000E+02  1.101550E-07  2.336739E-07
   1.500000E+02  2.820000E+02  4.053096E-07  5.507196E-07
   1.500000E+02  2.940000E+02  2.852710E-07  4.388607E-07
   1.500000E+02  3.060000E+02  2.626741E-07  4.549647E-07
   1.500000E+02  3.180000E+02  2.301935E-07  4.065673E-07
   1.500000E+02  3.300000E+02  1.977130E-07  3.515695E-07
   1.500000E+02  3.420000E+02  3.502321E-07  5.253479E-07
   1.500000E+02  3.540000E+02  3.403485E-07  4.689353E-07
    
   1.540000E+02  6.000001E+00  1.000000E-35  1.000000E-35
   1.540000E+02  1.800000E+01  2.625556E-07  4.637250E-07
   1.540000E+02  3.000000E+01  3.624230E-07  5.520891E-07
   1.540000E+02  4.200000E+01  1.997349E-07  4.237017E-07
   1.540000E+02  5.400001E+01  2.996024E-07  5.189264E-07
   1.540000E+02  6.600001E+01  2.996024E-07  5.189264E-07
   1.540000E+02  7.800001E+01  2.255087E-07  4.009953E-07
   1.540000E+02  9.000001E+01  2.255087E-07  4.009953E-07
   1.540000E+02  1.020000E+02  5.621580E-07  6.959347E-07
   1.540000E+02  1.140000E+02  1.884619E-07  3.264254E-07
   1.540000E+02  1.260000E+02  1.946186E-07  3.269475E-07
   1.540000E+02  1.380000E+02  9.986747E-08  2.996024E-07
   1.540000E+02  1.500000E+02  4.252436E-07  5.833696E-07
   1.540000E+02  1.620000E+02  2.255087E-07  4.009953E-07
   1.540000E+02  1.740000E+02  1.997349E-07  4.237017E-07
   1.540000E+02  1.860000E+02  3.624230E-07  5.520891E-07
   1.540000E+02  1.980000E+02  2.625556E-07  4.637250E-07
   1.540000E+02  2.100000E+02  1.626881E-07  3.539483E-07
   1.540000E+02  2.220000E+02  1.256412E-07  2.665252E-07
   1.540000E+02  2.340000E+02  2.255087E-07  4.009953E-07
   1.540000E+02  2.460000E+02  2.255087E-07  4.009953E-07
   1.540000E+02  2.580000E+02  2.625556E-07  4.637250E-07
   1.540000E+02  2.700000E+02  2.255087E-07  4.009953E-07
   1.540000E+02  2.820000E+02  2.625556E-07  4.637250E-07
   1.540000E+02  2.940000E+02  1.626881E-07  3.539483E-07
   1.540000E+02  3.060000E+02  5.251111E-07  6.558060E-07
   1.540000E+02  3.180000E+02  1.997349E-07  4.237017E-07
   1.540000E+02  3.300000E+02  2.625556E-07  4.637250E-07
   1.540000E+02  3.420000E+02  9.986747E-08  2.996024E-07
   1.540000E+02  3.540000E+02  2.883293E-07  4.430745E-07
    
   1.580000E+02  6.000001E+00  1.903804E-07  4.141965E-07
   1.580000E+02  1.800000E+01  2.638942E-07  4.692517E-07
   1.580000E+02  3.000000E+01  3.072471E-07  5.426592E-07
   1.580000E+02  4.200000E+01  2.337333E-07  4.958231E-07
   1.580000E+02  5.400001E+01  2.638942E-07  4.692517E-07
   1.580000E+02  6.600001E+01  2.638942E-07  4.692517E-07
   1.580000E+02  7.800001E+01  2.638942E-07  4.692517E-07
   1.580000E+02  9.000001E+01  3.374080E-07  5.184935E-07
   1.580000E+02  1.020000E+02  3.807609E-07  5.857622E-07
   1.580000E+02  1.140000E+02  7.351379E-08  2.205413E-07
   1.580000E+02  1.260000E+02  2.638942E-07  4.692517E-07
   1.580000E+02  1.380000E+02  4.241138E-07  6.460643E-07
   1.580000E+02  1.500000E+02  2.337333E-07  4.958231E-07
   1.580000E+02  1.620000E+02  1.903804E-07  4.141965E-07
   1.580000E+02  1.740000E+02  5.409804E-07  7.350641E-07
   1.580000E+02  1.860000E+02  1.903804E-07  4.141965E-07
   1.580000E+02  1.980000E+02  2.638942E-07  4.692517E-07
   1.580000E+02  2.100000E+02  7.313609E-07  8.437283E-07
   1.580000E+02  2.220000E+02  4.109218E-07  5.634482E-07
   1.580000E+02  2.340000E+02  3.506000E-07  6.072567E-07
   1.580000E+02  2.460000E+02  4.976276E-07  6.826694E-07
   1.580000E+02  2.580000E+02  3.807609E-07  5.857622E-07
   1.580000E+02  2.700000E+02  3.374080E-07  5.184935E-07
   1.580000E+02  2.820000E+02  7.351379E-08  2.205413E-07
   1.580000E+02  2.940000E+02  1.000000E-35  1.000000E-35
   1.580000E+02  3.060000E+02  2.205414E-07  3.819887E-07
   1.580000E+02  3.180000E+02  4.976276E-07  6.826694E-07
   1.580000E+02  3.300000E+02  3.072471E-07  5.426592E-07
   1.580000E+02  3.420000E+02  4.241138E-07  6.460643E-07
   1.580000E+02  3.540000E+02  1.903804E-07  4.141965E-07
    
   1.620000E+02  6.000001E+00  3.724611E-07  6.578400E-07
   1.620000E+02  1.800000E+01  2.307892E-07  5.021108E-07
   1.620000E+02  3.000000E+01  3.724611E-07  6.578400E-07
   1.620000E+02  4.200000E+01  6.032503E-07  8.275677E-07
   1.620000E+02  5.400001E+01  6.558050E-07  8.910834E-07
   1.620000E+02  6.600001E+01  1.000000E-35  1.000000E-35
   1.620000E+02  7.800001E+01  7.083596E-07  9.503635E-07
   1.620000E+02  9.000001E+01  1.000000E-35  1.000000E-35
   1.620000E+02  1.020000E+02  2.307892E-07  5.021108E-07
   1.620000E+02  1.140000E+02  2.307892E-07  5.021108E-07
   1.620000E+02  1.260000E+02  5.884340E-05  1.752567E-04
   1.620000E+02  1.380000E+02  2.833438E-07  6.010629E-07
   1.620000E+02  1.500000E+02  1.416719E-07  4.250157E-07
   1.620000E+02  1.620000E+02  3.199065E-07  5.688516E-07
   1.620000E+02  1.740000E+02  1.416719E-07  4.250157E-07
   1.620000E+02  1.860000E+02  5.141330E-07  7.831932E-07
   1.620000E+02  1.980000E+02  4.615784E-07  7.100918E-07
   1.620000E+02  2.100000E+02  2.673518E-07  4.630668E-07
   1.620000E+02  2.220000E+02  2.307892E-07  5.021108E-07
   1.620000E+02  2.340000E+02  2.307892E-07  5.021108E-07
   1.620000E+02  2.460000E+02  2.307892E-07  5.021108E-07
   1.620000E+02  2.580000E+02  1.782346E-07  3.780925E-07
   1.620000E+02  2.700000E+02  8.911728E-08  2.673518E-07
   1.620000E+02  2.820000E+02  4.615784E-07  7.100918E-07
   1.620000E+02  2.940000E+02  1.000000E-35  1.000000E-35
   1.620000E+02  3.060000E+02  3.724611E-07  6.578400E-07
   1.620000E+02  3.180000E+02  1.782346E-07  3.780925E-07
   1.620000E+02  3.300000E+02  3.199065E-07  5.688516E-07
   1.620000E+02  3.420000E+02  4.250158E-07  7.361486E-07
   1.620000E+02  3.540000E+02  5.666877E-07  8.500311E-07
    
   1.660000E+02  6.000001E+00  1.138333E-07  3.414998E-07
   1.660000E+02  1.800000E+01  1.000000E-35  1.000000E-35
   1.660000E+02  3.000000E+01  1.138333E-07  3.414998E-07
   1.660000E+02  4.200000E+01  1.138333E-07  3.414998E-07
   1.660000E+02  5.400001E+01  2.947968E-07  6.413674E-07
   1.660000E+02  6.600001E+01  1.000000E-35  1.000000E-35
   1.660000E+02  7.800001E+01  2.947968E-07  6.413674E-07
   1.660000E+02  9.000001E+01  2.947968E-07  6.413674E-07
   1.660000E+02  1.020000E+02  1.000000E-35  1.000000E-35
   1.660000E+02  1.140000E+02  1.809635E-07  5.428906E-07
   1.660000E+02  1.260000E+02  1.809635E-07  5.428906E-07
   1.660000E+02  1.380000E+02  9.515207E-07  1.188345E-06
   1.660000E+02  1.500000E+02  1.986990E-07  5.454916E-07
   1.660000E+02  1.620000E+02  2.947968E-07  6.413674E-07
   1.660000E+02  1.740000E+02  4.086301E-07  7.266183E-07
   1.660000E+02  1.860000E+02  1.809635E-07  5.428906E-07
   1.660000E+02  1.980000E+02  2.276666E-07  4.829536E-07
   1.660000E+02  2.100000E+02  2.947968E-07  6.413674E-07
   1.660000E+02  2.220000E+02  1.809635E-07  5.428906E-07
   1.660000E+02  2.340000E+02  3.414998E-07  5.914948E-07
   1.660000E+02  2.460000E+02  2.276666E-07  4.829536E-07
   1.660000E+02  2.580000E+02  5.224634E-07  8.028674E-07
   1.660000E+02  2.700000E+02  4.086301E-07  7.266183E-07
   1.660000E+02  2.820000E+02  2.947968E-07  6.413674E-07
   1.660000E+02  2.940000E+02  2.276666E-07  4.829536E-07
   1.660000E+02  3.060000E+02  1.138333E-07  3.414998E-07
   1.660000E+02  3.180000E+02  1.809635E-07  5.428906E-07
   1.660000E+02  3.300000E+02  5.895936E-07  9.070303E-07
   1.660000E+02  3.420000E+02  1.809635E-07  5.428906E-07
   1.660000E+02  3.540000E+02  2.947968E-07  6.413674E-07
    
   1.700000E+02  6.000001E+00  6.628167E-07  1.170665E-06
   1.700000E+02  1.800000E+01  5.042272E-07  1.069627E-06
   1.700000E+02  3.000000E+01  1.000000E-35  1.000000E-35
   1.700000E+02  4.200000E+01  3.171790E-07  6.728381E-07
   1.700000E+02  5.400001E+01  1.000000E-35  1.000000E-35
   1.700000E+02  6.600001E+01  1.000000E-35  1.000000E-35
   1.700000E+02  7.800001E+01  6.628167E-07  1.170665E-06
   1.700000E+02  9.000001E+01  1.000000E-35  1.000000E-35
   1.700000E+02  1.020000E+02  2.521136E-07  7.563407E-07
   1.700000E+02  1.140000E+02  1.585895E-07  4.757684E-07
   1.700000E+02  1.260000E+02  1.000000E-35  1.000000E-35
   1.700000E+02  1.380000E+02  1.000000E-35  1.000000E-35
   1.700000E+02  1.500000E+02  4.107031E-07  8.935360E-07
   1.700000E+02  1.620000E+02  2.521136E-07  7.563407E-07
   1.700000E+02  1.740000E+02  1.000000E-35  1.000000E-35
   1.700000E+02  1.860000E+02  4.757685E-07  8.240549E-07
   1.700000E+02  1.980000E+02  3.171790E-07  6.728381E-07
   1.700000E+02  2.100000E+02  4.107031E-07  8.935360E-07
   1.700000E+02  2.220000E+02  1.585895E-07  4.757684E-07
   1.700000E+02  2.340000E+02  4.107031E-07  8.935360E-07
   1.700000E+02  2.460000E+02  5.692926E-07  1.012305E-06
   1.700000E+02  2.580000E+02  3.171790E-07  6.728381E-07
   1.700000E+02  2.700000E+02  2.521136E-07  7.563407E-07
   1.700000E+02  2.820000E+02  4.107031E-07  8.935360E-07
   1.700000E+02  2.940000E+02  2.470853E-08  7.412558E-08
   1.700000E+02  3.060000E+02  2.521136E-07  7.563407E-07
   1.700000E+02  3.180000E+02  1.000000E-35  1.000000E-35
   1.700000E+02  3.300000E+02  1.000000E-35  1.000000E-35
   1.700000E+02  3.420000E+02  1.585895E-07  4.757684E-07
   1.700000E+02  3.540000E+02  1.585895E-07  4.757684E-07
    
   1.740000E+02  6.000001E+00  1.000000E-35  1.000000E-35
   1.740000E+02  1.800000E+01  1.000000E-35  1.000000E-35
   1.740000E+02  3.000000E+01  6.822824E-07  1.484391E-06
   1.740000E+02  4.200000E+01  2.634575E-07  7.903725E-07
   1.740000E+02  5.400001E+01  1.000000E-35  1.000000E-35
   1.740000E+02  6.600001E+01  4.188249E-07  1.256474E-06
   1.740000E+02  7.800001E+01  1.000000E-35  1.000000E-35
   1.740000E+02  9.000001E+01  5.269151E-07  1.117755E-06
   1.740000E+02  1.020000E+02  4.188249E-07  1.256474E-06
   1.740000E+02  1.140000E+02  1.000000E-35  1.000000E-35
   1.740000E+02  1.260000E+02  1.000000E-35  1.000000E-35
   1.740000E+02  1.380000E+02  9.457399E-07  1.681697E-06
   1.740000E+02  1.500000E+02  1.000000E-35  1.000000E-35
   1.740000E+02  1.620000E+02  1.000000E-35  1.000000E-35
   1.740000E+02  1.740000E+02  6.822824E-07  1.484391E-06
   1.740000E+02  1.860000E+02  1.000000E-35  1.000000E-35
   1.740000E+02  1.980000E+02  8.376497E-07  1.776923E-06
   1.740000E+02  2.100000E+02  5.269151E-07  1.117755E-06
   1.740000E+02  2.220000E+02  1.000000E-35  1.000000E-35
   1.740000E+02  2.340000E+02  1.000000E-35  1.000000E-35
   1.740000E+02  2.460000E+02  2.634575E-07  7.903725E-07
   1.740000E+02  2.580000E+02  1.000000E-35  1.000000E-35
   1.740000E+02  2.700000E+02  2.634575E-07  7.903725E-07
   1.740000E+02  2.820000E+02  4.188249E-07  1.256474E-06
   1.740000E+02  2.940000E+02  1.000000E-35  1.000000E-35
   1.740000E+02  3.060000E+02  2.634575E-07  7.903725E-07
   1.740000E+02  3.180000E+02  4.188249E-07  1.256474E-06
   1.740000E+02  3.300000E+02  4.188249E-07  1.256474E-06
   1.740000E+02  3.420000E+02  4.188249E-07  1.256474E-06
   1.740000E+02  3.540000E+02  2.634575E-07  7.903725E-07
    
   1.780000E+02  6.000001E+00  1.000000E-35  1.000000E-35
   1.780000E+02  1.800000E+01  1.254442E-06  3.763324E-06
   1.780000E+02  3.000000E+01  1.000000E-35  1.000000E-35
   1.780000E+02  4.200000E+01  1.000000E-35  1.000000E-35
   1.780000E+02  5.400001E+01  1.000000E-35  1.000000E-35
   1.780000E+02  6.600001E+01  1.000000E-35  1.000000E-35
   1.780000E+02  7.800001E+01  2.043535E-06  4.445967E-06
   1.780000E+02  9.000001E+01  7.890938E-07  2.367281E-06
   1.780000E+02  1.020000E+02  7.890938E-07  2.367281E-06
   1.780000E+02  1.140000E+02  1.000000E-35  1.000000E-35
   1.780000E+02  1.260000E+02  1.000000E-35  1.000000E-35
   1.780000E+02  1.380000E+02  1.254442E-06  3.763324E-06
   1.780000E+02  1.500000E+02  1.000000E-35  1.000000E-35
   1.780000E+02  1.620000E+02  1.000000E-35  1.000000E-35
   1.780000E+02  1.740000E+02  1.000000E-35  1.000000E-35
   1.780000E+02  1.860000E+02  1.000000E-35  1.000000E-35
   1.780000E+02  1.980000E+02  1.000000E-35  1.000000E-35
   1.780000E+02  2.100000E+02  1.000000E-35  1.000000E-35
   1.780000E+02  2.220000E+02  1.000000E-35  1.000000E-35
   1.780000E+02  2.340000E+02  1.000000E-35  1.000000E-35
   1.780000E+02  2.460000E+02  1.000000E-35  1.000000E-35
   1.780000E+02  2.580000E+02  1.000000E-35  1.000000E-35
   1.780000E+02  2.700000E+02  1.000000E-35  1.000000E-35
   1.780000E+02  2.820000E+02  7.890938E-07  2.367281E-06
   1.780000E+02  2.940000E+02  1.000000E-35  1.000000E-35
   1.780000E+02  3.060000E+02  1.000000E-35  1.000000E-35
   1.780000E+02  3.180000E+02  1.000000E-35  1.000000E-35
   1.780000E+02  3.300000E+02  1.254442E-06  3.763324E-06
   1.780000E+02  3.420000E+02  1.000000E-35  1.000000E-35
   1.780000E+02  3.540000E+02  1.254442E-06  3.763324E-06
    
