 #  Results from PENEPMA.
 #  Angular distribution of emerging electrons.
 #  1st and 2nd columns: THETA and PHI (deg).
 #  3rd and 4th columns: probability density and STU (1/sr)

   2.000000E+00  6.000001E+00  6.794878E-02  1.769416E-02
   2.000000E+00  1.800000E+01  7.993244E-02  1.919559E-02
   2.000000E+00  3.000000E+01  7.055160E-02  1.803119E-02
   2.000000E+00  4.200000E+01  6.948522E-02  1.789710E-02
   2.000000E+00  5.400001E+01  7.781191E-02  1.894296E-02
   2.000000E+00  6.600001E+01  7.577466E-02  1.868754E-02
   2.000000E+00  7.800001E+01  7.688830E-02  1.881610E-02
   2.000000E+00  9.000001E+01  7.156978E-02  1.816425E-02
   2.000000E+00  1.020000E+02  6.598873E-02  1.742007E-02
   2.000000E+00  1.140000E+02  7.885875E-02  1.906966E-02
   2.000000E+00  1.260000E+02  7.683923E-02  1.881552E-02
   2.000000E+00  1.380000E+02  7.058805E-02  1.803126E-02
   2.000000E+00  1.500000E+02  7.426025E-02  1.849383E-02
   2.000000E+00  1.620000E+02  8.249646E-02  1.950661E-02
   2.000000E+00  1.740000E+02  6.752019E-02  1.762616E-02
   2.000000E+00  1.860000E+02  8.424327E-02  1.969310E-02
   2.000000E+00  1.980000E+02  7.726632E-02  1.887924E-02
   2.000000E+00  2.100000E+02  7.846069E-02  1.900663E-02
   2.000000E+00  2.220000E+02  7.880867E-02  1.906958E-02
   2.000000E+00  2.340000E+02  7.581886E-02  1.868714E-02
   2.000000E+00  2.460000E+02  7.211167E-02  1.823041E-02
   2.000000E+00  2.580000E+02  7.833541E-02  1.900689E-02
   2.000000E+00  2.700000E+02  8.192729E-02  1.944472E-02
   2.000000E+00  2.820000E+02  8.463936E-02  1.975207E-02
   2.000000E+00  2.940000E+02  7.942946E-02  1.913278E-02
   2.000000E+00  3.060000E+02  7.515090E-02  1.862232E-02
   2.000000E+00  3.180000E+02  5.756377E-02  1.627645E-02
   2.000000E+00  3.300000E+02  7.166911E-02  1.816439E-02
   2.000000E+00  3.420000E+02  6.637287E-02  1.748932E-02
   2.000000E+00  3.540000E+02  7.764669E-02  1.894266E-02
    
   6.000001E+00  6.000001E+00  7.997634E-02  1.110006E-02
   6.000001E+00  1.800000E+01  7.223093E-02  1.054216E-02
   6.000001E+00  3.000000E+01  7.726517E-02  1.090507E-02
   6.000001E+00  4.200000E+01  7.633680E-02  1.084321E-02
   6.000001E+00  5.400001E+01  8.031389E-02  1.112420E-02
   6.000001E+00  6.600001E+01  7.859772E-02  1.100302E-02
   6.000001E+00  7.800001E+01  6.456928E-02  9.966204E-03
   6.000001E+00  9.000001E+01  7.389016E-02  1.066853E-02
   6.000001E+00  1.020000E+02  7.344703E-02  1.063080E-02
   6.000001E+00  1.140000E+02  7.213502E-02  1.052941E-02
   6.000001E+00  1.260000E+02  7.163145E-02  1.050383E-02
   6.000001E+00  1.380000E+02  6.960932E-02  1.034944E-02
   6.000001E+00  1.500000E+02  7.330468E-02  1.061821E-02
   6.000001E+00  1.620000E+02  7.614236E-02  1.083081E-02
   6.000001E+00  1.740000E+02  7.118826E-02  1.046541E-02
   6.000001E+00  1.860000E+02  6.901580E-02  1.029746E-02
   6.000001E+00  1.980000E+02  6.936046E-02  1.032386E-02
   6.000001E+00  2.100000E+02  6.995026E-02  1.037524E-02
   6.000001E+00  2.220000E+02  7.210976E-02  1.052949E-02
   6.000001E+00  2.340000E+02  7.105614E-02  1.045262E-02
   6.000001E+00  2.460000E+02  7.204485E-02  1.052932E-02
   6.000001E+00  2.580000E+02  7.839721E-02  1.099079E-02
   6.000001E+00  2.700000E+02  7.597308E-02  1.081842E-02
   6.000001E+00  2.820000E+02  7.221336E-02  1.054205E-02
   6.000001E+00  2.940000E+02  7.759314E-02  1.092964E-02
   6.000001E+00  3.060000E+02  7.444422E-02  1.070623E-02
   6.000001E+00  3.180000E+02  7.602672E-02  1.081847E-02
   6.000001E+00  3.300000E+02  7.175516E-02  1.050396E-02
   6.000001E+00  3.420000E+02  6.983720E-02  1.036236E-02
   6.000001E+00  3.540000E+02  7.993150E-02  1.110001E-02
    
   1.000000E+01  6.000001E+00  7.518879E-02  8.350783E-03
   1.000000E+01  1.800000E+01  7.240869E-02  8.186570E-03
   1.000000E+01  3.000000E+01  7.640866E-02  8.414637E-03
   1.000000E+01  4.200000E+01  7.608285E-02  8.397276E-03
   1.000000E+01  5.400001E+01  7.308933E-02  8.227734E-03
   1.000000E+01  6.600001E+01  7.000849E-02  8.054503E-03
   1.000000E+01  7.800001E+01  7.613373E-02  8.397572E-03
   1.000000E+01  9.000001E+01  7.224261E-02  8.180360E-03
   1.000000E+01  1.020000E+02  7.422909E-02  8.298204E-03
   1.000000E+01  1.140000E+02  7.494381E-02  8.333524E-03
   1.000000E+01  1.260000E+02  7.726508E-02  8.466413E-03
   1.000000E+01  1.380000E+02  7.169431E-02  8.150477E-03
   1.000000E+01  1.500000E+02  7.515294E-02  8.345017E-03
   1.000000E+01  1.620000E+02  7.331239E-02  8.239511E-03
   1.000000E+01  1.740000E+02  7.774128E-02  8.489397E-03
   1.000000E+01  1.860000E+02  7.574039E-02  8.380079E-03
   1.000000E+01  1.980000E+02  7.536456E-02  8.356659E-03
   1.000000E+01  2.100000E+02  7.668624E-02  8.431925E-03
   1.000000E+01  2.220000E+02  7.350348E-02  8.251340E-03
   1.000000E+01  2.340000E+02  7.808426E-02  8.506582E-03
   1.000000E+01  2.460000E+02  7.646767E-02  8.420378E-03
   1.000000E+01  2.580000E+02  7.926937E-02  8.569249E-03
   1.000000E+01  2.700000E+02  7.143402E-02  8.132649E-03
   1.000000E+01  2.820000E+02  7.249760E-02  8.198039E-03
   1.000000E+01  2.940000E+02  7.296491E-02  8.221806E-03
   1.000000E+01  3.060000E+02  7.545845E-02  8.362514E-03
   1.000000E+01  3.180000E+02  7.527279E-02  8.350943E-03
   1.000000E+01  3.300000E+02  7.876405E-02  8.546455E-03
   1.000000E+01  3.420000E+02  7.075516E-02  8.096614E-03
   1.000000E+01  3.540000E+02  7.355366E-02  8.257137E-03
    
   1.400000E+01  6.000001E+00  7.258576E-02  6.946577E-03
   1.400000E+01  1.800000E+01  7.130003E-02  6.884976E-03
   1.400000E+01  3.000000E+01  7.265275E-02  6.953647E-03
   1.400000E+01  4.200000E+01  7.247545E-02  6.942921E-03
   1.400000E+01  5.400001E+01  7.431815E-02  7.028940E-03
   1.400000E+01  6.600001E+01  7.539547E-02  7.082153E-03
   1.400000E+01  7.800001E+01  7.190105E-02  6.913963E-03
   1.400000E+01  9.000001E+01  7.073309E-02  6.859381E-03
   1.400000E+01  1.020000E+02  7.369866E-02  7.000416E-03
   1.400000E+01  1.140000E+02  7.263272E-02  6.950214E-03
   1.400000E+01  1.260000E+02  7.537846E-02  7.082142E-03
   1.400000E+01  1.380000E+02  7.016321E-02  6.826645E-03
   1.400000E+01  1.500000E+02  6.973385E-02  6.808188E-03
   1.400000E+01  1.620000E+02  7.138967E-02  6.892178E-03
   1.400000E+01  1.740000E+02  7.507112E-02  7.068107E-03
   1.400000E+01  1.860000E+02  7.338496E-02  6.986027E-03
   1.400000E+01  1.980000E+02  7.235062E-02  6.935693E-03
   1.400000E+01  2.100000E+02  7.679631E-02  7.145785E-03
   1.400000E+01  2.220000E+02  7.386309E-02  7.011148E-03
   1.400000E+01  2.340000E+02  7.444025E-02  7.036096E-03
   1.400000E+01  2.460000E+02  7.639036E-02  7.131479E-03
   1.400000E+01  2.580000E+02  7.362715E-02  6.996838E-03
   1.400000E+01  2.700000E+02  7.626384E-02  7.124496E-03
   1.400000E+01  2.820000E+02  7.264606E-02  6.950116E-03
   1.400000E+01  2.940000E+02  7.465832E-02  7.046788E-03
   1.400000E+01  3.060000E+02  7.626958E-02  7.124574E-03
   1.400000E+01  3.180000E+02  7.383078E-02  7.007526E-03
   1.400000E+01  3.300000E+02  8.033654E-02  7.311899E-03
   1.400000E+01  3.420000E+02  7.527993E-02  7.078895E-03
   1.400000E+01  3.540000E+02  7.052478E-02  6.855797E-03
    
   1.800000E+01  6.000001E+00  7.512166E-02  6.254856E-03
   1.800000E+01  1.800000E+01  6.960461E-02  6.019669E-03
   1.800000E+01  3.000000E+01  7.218284E-02  6.130845E-03
   1.800000E+01  4.200000E+01  7.311941E-02  6.170787E-03
   1.800000E+01  5.400001E+01  7.360774E-02  6.190665E-03
   1.800000E+01  6.600001E+01  6.991701E-02  6.032527E-03
   1.800000E+01  7.800001E+01  7.195379E-02  6.120831E-03
   1.800000E+01  9.000001E+01  7.494752E-02  6.247419E-03
   1.800000E+01  1.020000E+02  7.554377E-02  6.274411E-03
   1.800000E+01  1.140000E+02  7.506450E-02  6.252313E-03
   1.800000E+01  1.260000E+02  7.417802E-02  6.215431E-03
   1.800000E+01  1.380000E+02  7.569407E-02  6.279228E-03
   1.800000E+01  1.500000E+02  7.404692E-02  6.210504E-03
   1.800000E+01  1.620000E+02  7.654542E-02  6.315874E-03
   1.800000E+01  1.740000E+02  7.346321E-02  6.185650E-03
   1.800000E+01  1.860000E+02  7.436507E-02  6.225220E-03
   1.800000E+01  1.980000E+02  7.353564E-02  6.188210E-03
   1.800000E+01  2.100000E+02  7.233698E-02  6.135890E-03
   1.800000E+01  2.220000E+02  7.400033E-02  6.207985E-03
   1.800000E+01  2.340000E+02  7.288269E-02  6.160811E-03
   1.800000E+01  2.460000E+02  7.136125E-02  6.095770E-03
   1.800000E+01  2.580000E+02  7.414045E-02  6.212940E-03
   1.800000E+01  2.700000E+02  7.003374E-02  6.037501E-03
   1.800000E+01  2.820000E+02  7.073349E-02  6.068021E-03
   1.800000E+01  2.940000E+02  7.488908E-02  6.245053E-03
   1.800000E+01  3.060000E+02  7.497602E-02  6.249859E-03
   1.800000E+01  3.180000E+02  7.483673E-02  6.244968E-03
   1.800000E+01  3.300000E+02  6.800785E-02  5.953059E-03
   1.800000E+01  3.420000E+02  7.289719E-02  6.160837E-03
   1.800000E+01  3.540000E+02  7.454001E-02  6.230291E-03
    
   2.200000E+01  6.000001E+00  7.185155E-02  5.555356E-03
   2.200000E+01  1.800000E+01  7.440307E-02  5.655902E-03
   2.200000E+01  3.000000E+01  7.011847E-02  5.487301E-03
   2.200000E+01  4.200000E+01  7.133821E-02  5.538425E-03
   2.200000E+01  5.400001E+01  7.486163E-02  5.672588E-03
   2.200000E+01  6.600001E+01  7.092372E-02  5.519521E-03
   2.200000E+01  7.800001E+01  6.933225E-02  5.456746E-03
   2.200000E+01  9.000001E+01  7.398254E-02  5.639286E-03
   2.200000E+01  1.020000E+02  7.112438E-02  5.527143E-03
   2.200000E+01  1.140000E+02  7.333613E-02  5.613423E-03
   2.200000E+01  1.260000E+02  7.277765E-02  5.592869E-03
   2.200000E+01  1.380000E+02  7.075038E-02  5.512097E-03
   2.200000E+01  1.500000E+02  7.252357E-02  5.581716E-03
   2.200000E+01  1.620000E+02  7.059394E-02  5.510100E-03
   2.200000E+01  1.740000E+02  7.213749E-02  5.566605E-03
   2.200000E+01  1.860000E+02  7.571731E-02  5.703737E-03
   2.200000E+01  1.980000E+02  7.174656E-02  5.551605E-03
   2.200000E+01  2.100000E+02  7.229795E-02  5.572378E-03
   2.200000E+01  2.220000E+02  7.033409E-02  5.494907E-03
   2.200000E+01  2.340000E+02  7.294269E-02  5.598465E-03
   2.200000E+01  2.460000E+02  6.862276E-02  5.427974E-03
   2.200000E+01  2.580000E+02  6.773212E-02  5.391436E-03
   2.200000E+01  2.700000E+02  7.297136E-02  5.600265E-03
   2.200000E+01  2.820000E+02  7.459994E-02  5.661466E-03
   2.200000E+01  2.940000E+02  7.038560E-02  5.498708E-03
   2.200000E+01  3.060000E+02  7.213275E-02  5.568482E-03
   2.200000E+01  3.180000E+02  6.886828E-02  5.437629E-03
   2.200000E+01  3.300000E+02  7.123451E-02  5.530899E-03
   2.200000E+01  3.420000E+02  7.000473E-02  5.483442E-03
   2.200000E+01  3.540000E+02  7.025286E-02  5.492987E-03
    
   2.600000E+01  6.000001E+00  7.244621E-02  5.156917E-03
   2.600000E+01  1.800000E+01  7.213639E-02  5.146550E-03
   2.600000E+01  3.000000E+01  6.748811E-02  4.976377E-03
   2.600000E+01  4.200000E+01  6.953064E-02  5.050863E-03
   2.600000E+01  5.400001E+01  6.655831E-02  4.940954E-03
   2.600000E+01  6.600001E+01  6.918346E-02  5.040222E-03
   2.600000E+01  7.800001E+01  6.996321E-02  5.067409E-03
   2.600000E+01  9.000001E+01  7.048379E-02  5.086903E-03
   2.600000E+01  1.020000E+02  6.967258E-02  5.056875E-03
   2.600000E+01  1.140000E+02  6.941073E-02  5.047857E-03
   2.600000E+01  1.260000E+02  6.814549E-02  5.000855E-03
   2.600000E+01  1.380000E+02  6.851789E-02  5.015990E-03
   2.600000E+01  1.500000E+02  7.210625E-02  5.146664E-03
   2.600000E+01  1.620000E+02  6.957476E-02  5.055360E-03
   2.600000E+01  1.740000E+02  7.216297E-02  5.148087E-03
   2.600000E+01  1.860000E+02  7.123435E-02  5.115293E-03
   2.600000E+01  1.980000E+02  6.953993E-02  5.052401E-03
   2.600000E+01  2.100000E+02  7.112525E-02  5.109392E-03
   2.600000E+01  2.220000E+02  7.024123E-02  5.077902E-03
   2.600000E+01  2.340000E+02  6.896375E-02  5.031208E-03
   2.600000E+01  2.460000E+02  7.111826E-02  5.110966E-03
   2.600000E+01  2.580000E+02  7.310569E-02  5.181951E-03
   2.600000E+01  2.700000E+02  6.909457E-02  5.035810E-03
   2.600000E+01  2.820000E+02  6.854735E-02  5.015982E-03
   2.600000E+01  2.940000E+02  6.870818E-02  5.022190E-03
   2.600000E+01  3.060000E+02  7.135996E-02  5.121278E-03
   2.600000E+01  3.180000E+02  6.921975E-02  5.043379E-03
   2.600000E+01  3.300000E+02  6.996963E-02  5.067412E-03
   2.600000E+01  3.420000E+02  6.803149E-02  4.996248E-03
   2.600000E+01  3.540000E+02  7.033430E-02  5.082390E-03
    
   3.000000E+01  6.000001E+00  7.012047E-02  4.751349E-03
   3.000000E+01  1.800000E+01  7.142242E-02  4.798032E-03
   3.000000E+01  3.000000E+01  6.845645E-02  4.694232E-03
   3.000000E+01  4.200000E+01  6.751005E-02  4.661779E-03
   3.000000E+01  5.400001E+01  7.220394E-02  4.822397E-03
   3.000000E+01  6.600001E+01  6.749632E-02  4.661653E-03
   3.000000E+01  7.800001E+01  6.915493E-02  4.721617E-03
   3.000000E+01  9.000001E+01  7.140355E-02  4.796805E-03
   3.000000E+01  1.020000E+02  6.985809E-02  4.742711E-03
   3.000000E+01  1.140000E+02  6.933386E-02  4.726586E-03
   3.000000E+01  1.260000E+02  6.870755E-02  4.703009E-03
   3.000000E+01  1.380000E+02  6.708972E-02  4.645360E-03
   3.000000E+01  1.500000E+02  7.032768E-02  4.761229E-03
   3.000000E+01  1.620000E+02  6.952225E-02  4.731583E-03
   3.000000E+01  1.740000E+02  7.138355E-02  4.795487E-03
   3.000000E+01  1.860000E+02  6.948933E-02  4.730300E-03
   3.000000E+01  1.980000E+02  6.936445E-02  4.727851E-03
   3.000000E+01  2.100000E+02  6.727143E-02  4.652959E-03
   3.000000E+01  2.220000E+02  6.797853E-02  4.676757E-03
   3.000000E+01  2.340000E+02  6.854532E-02  4.698040E-03
   3.000000E+01  2.460000E+02  6.814755E-02  4.684245E-03
   3.000000E+01  2.580000E+02  6.866154E-02  4.701795E-03
   3.000000E+01  2.700000E+02  6.880184E-02  4.714230E-03
   3.000000E+01  2.820000E+02  7.005783E-02  4.750148E-03
   3.000000E+01  2.940000E+02  6.722950E-02  4.652894E-03
   3.000000E+01  3.060000E+02  7.091857E-02  4.779613E-03
   3.000000E+01  3.180000E+02  7.118461E-02  4.787006E-03
   3.000000E+01  3.300000E+02  7.061884E-02  4.768543E-03
   3.000000E+01  3.420000E+02  6.814959E-02  4.684292E-03
   3.000000E+01  3.540000E+02  6.781018E-02  4.671813E-03
    
   3.400000E+01  6.000001E+00  6.826507E-02  4.436177E-03
   3.400000E+01  1.800000E+01  6.775244E-02  4.417097E-03
   3.400000E+01  3.000000E+01  6.761195E-02  4.412855E-03
   3.400000E+01  4.200000E+01  6.790909E-02  4.423446E-03
   3.400000E+01  5.400001E+01  6.708602E-02  4.394750E-03
   3.400000E+01  6.600001E+01  6.794681E-02  4.423533E-03
   3.400000E+01  7.800001E+01  6.506926E-02  4.328187E-03
   3.400000E+01  9.000001E+01  6.808843E-02  4.427742E-03
   3.400000E+01  1.020000E+02  6.904584E-02  4.459286E-03
   3.400000E+01  1.140000E+02  6.845852E-02  4.440357E-03
   3.400000E+01  1.260000E+02  6.398326E-02  4.291242E-03
   3.400000E+01  1.380000E+02  6.784931E-02  4.420293E-03
   3.400000E+01  1.500000E+02  6.859015E-02  4.445609E-03
   3.400000E+01  1.620000E+02  6.618468E-02  4.365915E-03
   3.400000E+01  1.740000E+02  6.682459E-02  4.386236E-03
   3.400000E+01  1.860000E+02  6.689033E-02  4.390518E-03
   3.400000E+01  1.980000E+02  6.572375E-02  4.352986E-03
   3.400000E+01  2.100000E+02  6.733868E-02  4.402240E-03
   3.400000E+01  2.220000E+02  6.663154E-02  4.379784E-03
   3.400000E+01  2.340000E+02  6.663973E-02  4.379858E-03
   3.400000E+01  2.460000E+02  6.746312E-02  4.407526E-03
   3.400000E+01  2.580000E+02  6.744796E-02  4.406487E-03
   3.400000E+01  2.700000E+02  6.854444E-02  4.443509E-03
   3.400000E+01  2.820000E+02  6.863684E-02  4.445675E-03
   3.400000E+01  2.940000E+02  6.729782E-02  4.401172E-03
   3.400000E+01  3.060000E+02  6.836769E-02  4.436209E-03
   3.400000E+01  3.180000E+02  6.792511E-02  4.423438E-03
   3.400000E+01  3.300000E+02  6.712620E-02  4.396855E-03
   3.400000E+01  3.420000E+02  6.404517E-02  4.293367E-03
   3.400000E+01  3.540000E+02  6.562648E-02  4.348711E-03
    
   3.800000E+01  6.000001E+00  6.376947E-02  4.082662E-03
   3.800000E+01  1.800000E+01  6.333829E-02  4.069375E-03
   3.800000E+01  3.000000E+01  6.830971E-02  4.228606E-03
   3.800000E+01  4.200000E+01  6.568651E-02  4.147500E-03
   3.800000E+01  5.400001E+01  6.435969E-02  4.102512E-03
   3.800000E+01  6.600001E+01  6.253958E-02  4.044602E-03
   3.800000E+01  7.800001E+01  6.293099E-02  4.059806E-03
   3.800000E+01  9.000001E+01  6.596069E-02  4.153947E-03
   3.800000E+01  1.020000E+02  6.301016E-02  4.059841E-03
   3.800000E+01  1.140000E+02  6.246739E-02  4.041721E-03
   3.800000E+01  1.260000E+02  6.442771E-02  4.104388E-03
   3.800000E+01  1.380000E+02  6.182336E-02  4.021562E-03
   3.800000E+01  1.500000E+02  6.484962E-02  4.120410E-03
   3.800000E+01  1.620000E+02  6.639922E-02  4.167911E-03
   3.800000E+01  1.740000E+02  6.407600E-02  4.093119E-03
   3.800000E+01  1.860000E+02  6.417829E-02  4.096815E-03
   3.800000E+01  1.980000E+02  6.354519E-02  4.075979E-03
   3.800000E+01  2.100000E+02  6.293750E-02  4.056982E-03
   3.800000E+01  2.220000E+02  6.454271E-02  4.109035E-03
   3.800000E+01  2.340000E+02  6.406296E-02  4.093983E-03
   3.800000E+01  2.460000E+02  6.514048E-02  4.127857E-03
   3.800000E+01  2.580000E+02  6.387440E-02  4.087378E-03
   3.800000E+01  2.700000E+02  6.373835E-02  4.083552E-03
   3.800000E+01  2.820000E+02  6.592895E-02  4.153082E-03
   3.800000E+01  2.940000E+02  6.394116E-02  4.089252E-03
   3.800000E+01  3.060000E+02  6.634055E-02  4.168845E-03
   3.800000E+01  3.180000E+02  6.484085E-02  4.117499E-03
   3.800000E+01  3.300000E+02  6.527973E-02  4.132543E-03
   3.800000E+01  3.420000E+02  6.526001E-02  4.131532E-03
   3.800000E+01  3.540000E+02  6.360799E-02  4.077925E-03
    
   4.200000E+01  6.000001E+00  6.066050E-02  3.821172E-03
   4.200000E+01  1.800000E+01  6.441460E-02  3.938373E-03
   4.200000E+01  3.000000E+01  6.190637E-02  3.861189E-03
   4.200000E+01  4.200000E+01  6.292803E-02  3.892427E-03
   4.200000E+01  5.400001E+01  6.129648E-02  3.840788E-03
   4.200000E+01  6.600001E+01  6.288151E-02  3.890798E-03
   4.200000E+01  7.800001E+01  6.089284E-02  3.828831E-03
   4.200000E+01  9.000001E+01  6.386092E-02  3.920898E-03
   4.200000E+01  1.020000E+02  6.359993E-02  3.915016E-03
   4.200000E+01  1.140000E+02  5.876888E-02  3.759852E-03
   4.200000E+01  1.260000E+02  6.111251E-02  3.835659E-03
   4.200000E+01  1.380000E+02  6.146042E-02  3.846716E-03
   4.200000E+01  1.500000E+02  6.116618E-02  3.836560E-03
   4.200000E+01  1.620000E+02  6.300741E-02  3.894916E-03
   4.200000E+01  1.740000E+02  6.401043E-02  3.926681E-03
   4.200000E+01  1.860000E+02  5.998954E-02  3.799671E-03
   4.200000E+01  1.980000E+02  6.056948E-02  3.818574E-03
   4.200000E+01  2.100000E+02  6.388648E-02  3.921722E-03
   4.200000E+01  2.220000E+02  6.231526E-02  3.874777E-03
   4.200000E+01  2.340000E+02  6.305723E-02  3.896594E-03
   4.200000E+01  2.460000E+02  6.131640E-02  3.841610E-03
   4.200000E+01  2.580000E+02  6.289620E-02  3.891584E-03
   4.200000E+01  2.700000E+02  6.102240E-02  3.832265E-03
   4.200000E+01  2.820000E+02  6.273306E-02  3.886525E-03
   4.200000E+01  2.940000E+02  6.341644E-02  3.908369E-03
   4.200000E+01  3.060000E+02  6.266851E-02  3.883956E-03
   4.200000E+01  3.180000E+02  6.226729E-02  3.873001E-03
   4.200000E+01  3.300000E+02  6.090197E-02  3.828893E-03
   4.200000E+01  3.420000E+02  6.064566E-02  3.820326E-03
   4.200000E+01  3.540000E+02  6.144053E-02  3.847579E-03
    
   4.600000E+01  6.000001E+00  5.886050E-02  3.630866E-03
   4.600000E+01  1.800000E+01  5.844388E-02  3.618358E-03
   4.600000E+01  3.000000E+01  5.987929E-02  3.662681E-03
   4.600000E+01  4.200000E+01  5.944968E-02  3.647974E-03
   4.600000E+01  5.400001E+01  5.963338E-02  3.654960E-03
   4.600000E+01  6.600001E+01  5.802977E-02  3.605041E-03
   4.600000E+01  7.800001E+01  5.866898E-02  3.624649E-03
   4.600000E+01  9.000001E+01  5.651827E-02  3.556085E-03
   4.600000E+01  1.020000E+02  5.683083E-02  3.567178E-03
   4.600000E+01  1.140000E+02  5.751220E-02  3.588524E-03
   4.600000E+01  1.260000E+02  5.912444E-02  3.638662E-03
   4.600000E+01  1.380000E+02  5.785952E-02  3.598754E-03
   4.600000E+01  1.500000E+02  6.034739E-02  3.677334E-03
   4.600000E+01  1.620000E+02  5.836501E-02  3.615294E-03
   4.600000E+01  1.740000E+02  6.102439E-02  3.698823E-03
   4.600000E+01  1.860000E+02  5.833493E-02  3.613690E-03
   4.600000E+01  1.980000E+02  5.715908E-02  3.577463E-03
   4.600000E+01  2.100000E+02  5.955863E-02  3.651840E-03
   4.600000E+01  2.220000E+02  5.707516E-02  3.574355E-03
   4.600000E+01  2.340000E+02  6.000133E-02  3.665794E-03
   4.600000E+01  2.460000E+02  5.895777E-02  3.635596E-03
   4.600000E+01  2.580000E+02  5.862966E-02  3.623100E-03
   4.600000E+01  2.700000E+02  5.711273E-02  3.575870E-03
   4.600000E+01  2.820000E+02  5.823591E-02  3.611295E-03
   4.600000E+01  2.940000E+02  5.861766E-02  3.623115E-03
   4.600000E+01  3.060000E+02  5.859714E-02  3.623815E-03
   4.600000E+01  3.180000E+02  5.756780E-02  3.590154E-03
   4.600000E+01  3.300000E+02  5.935520E-02  3.648008E-03
   4.600000E+01  3.420000E+02  6.006895E-02  3.667351E-03
   4.600000E+01  3.540000E+02  5.970283E-02  3.658079E-03
    
   5.000001E+01  6.000001E+00  5.424870E-02  3.379346E-03
   5.000001E+01  1.800000E+01  5.243296E-02  3.320498E-03
   5.000001E+01  3.000000E+01  5.454942E-02  3.386725E-03
   5.000001E+01  4.200000E+01  5.386245E-02  3.366740E-03
   5.000001E+01  5.400001E+01  5.464825E-02  3.389652E-03
   5.000001E+01  6.600001E+01  5.347326E-02  3.352660E-03
   5.000001E+01  7.800001E+01  5.520429E-02  3.407349E-03
   5.000001E+01  9.000001E+01  5.236134E-02  3.317455E-03
   5.000001E+01  1.020000E+02  5.626902E-02  3.440109E-03
   5.000001E+01  1.140000E+02  5.431733E-02  3.379332E-03
   5.000001E+01  1.260000E+02  5.420588E-02  3.376406E-03
   5.000001E+01  1.380000E+02  5.457376E-02  3.389664E-03
   5.000001E+01  1.500000E+02  5.451642E-02  3.386723E-03
   5.000001E+01  1.620000E+02  5.560200E-02  3.420457E-03
   5.000001E+01  1.740000E+02  5.469523E-02  3.391915E-03
   5.000001E+01  1.860000E+02  5.467829E-02  3.391214E-03
   5.000001E+01  1.980000E+02  5.714296E-02  3.466828E-03
   5.000001E+01  2.100000E+02  5.643135E-02  3.445208E-03
   5.000001E+01  2.220000E+02  5.547548E-02  3.416185E-03
   5.000001E+01  2.340000E+02  5.406541E-02  3.371948E-03
   5.000001E+01  2.460000E+02  5.480286E-02  3.394819E-03
   5.000001E+01  2.580000E+02  5.386977E-02  3.367518E-03
   5.000001E+01  2.700000E+02  5.313673E-02  3.341477E-03
   5.000001E+01  2.820000E+02  5.419039E-02  3.376385E-03
   5.000001E+01  2.940000E+02  5.449692E-02  3.387457E-03
   5.000001E+01  3.060000E+02  5.373811E-02  3.361596E-03
   5.000001E+01  3.180000E+02  5.600811E-02  3.432892E-03
   5.000001E+01  3.300000E+02  5.398074E-02  3.369715E-03
   5.000001E+01  3.420000E+02  5.564438E-02  3.421944E-03
   5.000001E+01  3.540000E+02  5.436073E-02  3.381597E-03
    
   5.400001E+01  6.000001E+00  5.062816E-02  3.176033E-03
   5.400001E+01  1.800000E+01  5.188881E-02  3.215163E-03
   5.400001E+01  3.000000E+01  5.005603E-02  3.159030E-03
   5.400001E+01  4.200000E+01  5.051842E-02  3.172431E-03
   5.400001E+01  5.400001E+01  5.046307E-02  3.171722E-03
   5.400001E+01  6.600001E+01  5.074423E-02  3.179550E-03
   5.400001E+01  7.800001E+01  5.002210E-02  3.156203E-03
   5.400001E+01  9.000001E+01  4.967682E-02  3.145509E-03
   5.400001E+01  1.020000E+02  4.947022E-02  3.139815E-03
   5.400001E+01  1.140000E+02  4.906210E-02  3.126266E-03
   5.400001E+01  1.260000E+02  5.252237E-02  3.235332E-03
   5.400001E+01  1.380000E+02  5.252755E-02  3.235317E-03
   5.400001E+01  1.500000E+02  4.875471E-02  3.116229E-03
   5.400001E+01  1.620000E+02  5.002407E-02  3.156153E-03
   5.400001E+01  1.740000E+02  5.101343E-02  3.187905E-03
   5.400001E+01  1.860000E+02  4.924130E-02  3.131998E-03
   5.400001E+01  1.980000E+02  4.925512E-02  3.132720E-03
   5.400001E+01  2.100000E+02  4.936780E-02  3.136256E-03
   5.400001E+01  2.220000E+02  4.909730E-02  3.127013E-03
   5.400001E+01  2.340000E+02  5.167787E-02  3.208938E-03
   5.400001E+01  2.460000E+02  4.990149E-02  3.153365E-03
   5.400001E+01  2.580000E+02  5.221934E-02  3.225614E-03
   5.400001E+01  2.700000E+02  5.062563E-02  3.177417E-03
   5.400001E+01  2.820000E+02  5.010885E-02  3.159762E-03
   5.400001E+01  2.940000E+02  5.119556E-02  3.193559E-03
   5.400001E+01  3.060000E+02  5.002582E-02  3.156210E-03
   5.400001E+01  3.180000E+02  5.118295E-02  3.193527E-03
   5.400001E+01  3.300000E+02  4.885391E-02  3.119084E-03
   5.400001E+01  3.420000E+02  5.080716E-02  3.181654E-03
   5.400001E+01  3.540000E+02  4.940635E-02  3.138407E-03
    
   5.800001E+01  6.000001E+00  4.601932E-02  2.957640E-03
   5.800001E+01  1.800000E+01  4.670220E-02  2.979630E-03
   5.800001E+01  3.000000E+01  4.555215E-02  2.942496E-03
   5.800001E+01  4.200000E+01  4.395790E-02  2.890101E-03
   5.800001E+01  5.400001E+01  4.418001E-02  2.897143E-03
   5.800001E+01  6.600001E+01  4.398367E-02  2.890782E-03
   5.800001E+01  7.800001E+01  4.439757E-02  2.904886E-03
   5.800001E+01  9.000001E+01  4.632730E-02  2.967957E-03
   5.800001E+01  1.020000E+02  4.585577E-02  2.952129E-03
   5.800001E+01  1.140000E+02  4.546333E-02  2.939710E-03
   5.800001E+01  1.260000E+02  4.619048E-02  2.964526E-03
   5.800001E+01  1.380000E+02  4.415570E-02  2.897108E-03
   5.800001E+01  1.500000E+02  4.461704E-02  2.911885E-03
   5.800001E+01  1.620000E+02  4.479886E-02  2.918185E-03
   5.800001E+01  1.740000E+02  4.594960E-02  2.955621E-03
   5.800001E+01  1.860000E+02  4.363121E-02  2.883023E-03
   5.800001E+01  1.980000E+02  4.653703E-02  2.974146E-03
   5.800001E+01  2.100000E+02  4.487298E-02  2.921685E-03
   5.800001E+01  2.220000E+02  4.469973E-02  2.914652E-03
   5.800001E+01  2.340000E+02  4.649368E-02  2.972824E-03
   5.800001E+01  2.460000E+02  4.621182E-02  2.964550E-03
   5.800001E+01  2.580000E+02  4.480129E-02  2.918132E-03
   5.800001E+01  2.700000E+02  4.299590E-02  2.858922E-03
   5.800001E+01  2.820000E+02  4.375524E-02  2.883776E-03
   5.800001E+01  2.940000E+02  4.468773E-02  2.914657E-03
   5.800001E+01  3.060000E+02  4.472253E-02  2.915356E-03
   5.800001E+01  3.180000E+02  4.548024E-02  2.940415E-03
   5.800001E+01  3.300000E+02  4.576821E-02  2.949406E-03
   5.800001E+01  3.420000E+02  4.546370E-02  2.939704E-03
   5.800001E+01  3.540000E+02  4.524575E-02  2.932740E-03
    
   6.200001E+01  6.000001E+00  3.932769E-02  2.680124E-03
   6.200001E+01  1.800000E+01  3.853094E-02  2.652605E-03
   6.200001E+01  3.000000E+01  3.862429E-02  2.656116E-03
   6.200001E+01  4.200000E+01  3.966554E-02  2.691272E-03
   6.200001E+01  5.400001E+01  3.963074E-02  2.691291E-03
   6.200001E+01  6.600001E+01  3.957444E-02  2.688513E-03
   6.200001E+01  7.800001E+01  3.941482E-02  2.684336E-03
   6.200001E+01  9.000001E+01  4.049380E-02  2.719809E-03
   6.200001E+01  1.020000E+02  3.780319E-02  2.627060E-03
   6.200001E+01  1.140000E+02  3.802699E-02  2.634817E-03
   6.200001E+01  1.260000E+02  4.012469E-02  2.706629E-03
   6.200001E+01  1.380000E+02  3.771656E-02  2.623442E-03
   6.200001E+01  1.500000E+02  3.846991E-02  2.651914E-03
   6.200001E+01  1.620000E+02  3.879936E-02  2.661140E-03
   6.200001E+01  1.740000E+02  3.841129E-02  2.649799E-03
   6.200001E+01  1.860000E+02  3.844370E-02  2.649105E-03
   6.200001E+01  1.980000E+02  4.077385E-02  2.730769E-03
   6.200001E+01  2.100000E+02  4.024358E-02  2.711474E-03
   6.200001E+01  2.220000E+02  3.990299E-02  2.699654E-03
   6.200001E+01  2.340000E+02  4.055398E-02  2.721850E-03
   6.200001E+01  2.460000E+02  3.971030E-02  2.693372E-03
   6.200001E+01  2.580000E+02  4.019949E-02  2.709360E-03
   6.200001E+01  2.700000E+02  3.883550E-02  2.663184E-03
   6.200001E+01  2.820000E+02  4.076087E-02  2.728731E-03
   6.200001E+01  2.940000E+02  3.971925E-02  2.693362E-03
   6.200001E+01  3.060000E+02  3.833880E-02  2.646944E-03
   6.200001E+01  3.180000E+02  4.045625E-02  2.719046E-03
   6.200001E+01  3.300000E+02  3.885499E-02  2.664638E-03
   6.200001E+01  3.420000E+02  3.858025E-02  2.654000E-03
   6.200001E+01  3.540000E+02  3.856817E-02  2.653330E-03
    
   6.600001E+01  6.000001E+00  3.443283E-02  2.465298E-03
   6.600001E+01  1.800000E+01  3.413359E-02  2.454586E-03
   6.600001E+01  3.000000E+01  3.359761E-02  2.435924E-03
   6.600001E+01  4.200000E+01  3.518506E-02  2.492895E-03
   6.600001E+01  5.400001E+01  3.360046E-02  2.435204E-03
   6.600001E+01  6.600001E+01  3.319359E-02  2.420027E-03
   6.600001E+01  7.800001E+01  3.320942E-02  2.421450E-03
   6.600001E+01  9.000001E+01  3.387050E-02  2.445285E-03
   6.600001E+01  1.020000E+02  3.363235E-02  2.436637E-03
   6.600001E+01  1.140000E+02  3.321712E-02  2.421459E-03
   6.600001E+01  1.260000E+02  3.184514E-02  2.370914E-03
   6.600001E+01  1.380000E+02  3.259679E-02  2.398886E-03
   6.600001E+01  1.500000E+02  3.233116E-02  2.388616E-03
   6.600001E+01  1.620000E+02  3.265747E-02  2.400369E-03
   6.600001E+01  1.740000E+02  3.293907E-02  2.410568E-03
   6.600001E+01  1.860000E+02  3.432969E-02  2.463175E-03
   6.600001E+01  1.980000E+02  3.227779E-02  2.386424E-03
   6.600001E+01  2.100000E+02  3.251796E-02  2.395950E-03
   6.600001E+01  2.220000E+02  3.369309E-02  2.438824E-03
   6.600001E+01  2.340000E+02  3.359639E-02  2.435224E-03
   6.600001E+01  2.460000E+02  3.224738E-02  2.387173E-03
   6.600001E+01  2.580000E+02  3.274508E-02  2.403297E-03
   6.600001E+01  2.700000E+02  3.279335E-02  2.405455E-03
   6.600001E+01  2.820000E+02  3.298662E-02  2.413469E-03
   6.600001E+01  2.940000E+02  3.445157E-02  2.466057E-03
   6.600001E+01  3.060000E+02  3.265713E-02  2.401084E-03
   6.600001E+01  3.180000E+02  3.337371E-02  2.427251E-03
   6.600001E+01  3.300000E+02  3.229941E-02  2.387160E-03
   6.600001E+01  3.420000E+02  3.233800E-02  2.388614E-03
   6.600001E+01  3.540000E+02  3.477730E-02  2.478092E-03
    
   7.000001E+01  6.000001E+00  2.665693E-02  2.139200E-03
   7.000001E+01  1.800000E+01  2.650709E-02  2.132903E-03
   7.000001E+01  3.000000E+01  2.658853E-02  2.138329E-03
   7.000001E+01  4.200000E+01  2.631946E-02  2.125110E-03
   7.000001E+01  5.400001E+01  2.699251E-02  2.152314E-03
   7.000001E+01  6.600001E+01  2.604973E-02  2.114155E-03
   7.000001E+01  7.800001E+01  2.690863E-02  2.149201E-03
   7.000001E+01  9.000001E+01  2.559586E-02  2.097593E-03
   7.000001E+01  1.020000E+02  2.601568E-02  2.112592E-03
   7.000001E+01  1.140000E+02  2.682214E-02  2.145337E-03
   7.000001E+01  1.260000E+02  2.691518E-02  2.149176E-03
   7.000001E+01  1.380000E+02  2.797578E-02  2.191257E-03
   7.000001E+01  1.500000E+02  2.620994E-02  2.120423E-03
   7.000001E+01  1.620000E+02  2.654529E-02  2.133707E-03
   7.000001E+01  1.740000E+02  2.652214E-02  2.133678E-03
   7.000001E+01  1.860000E+02  2.639406E-02  2.127483E-03
   7.000001E+01  1.980000E+02  2.816423E-02  2.198827E-03
   7.000001E+01  2.100000E+02  2.707002E-02  2.155363E-03
   7.000001E+01  2.220000E+02  2.685796E-02  2.148428E-03
   7.000001E+01  2.340000E+02  2.755690E-02  2.175271E-03
   7.000001E+01  2.460000E+02  2.684156E-02  2.146121E-03
   7.000001E+01  2.580000E+02  2.721281E-02  2.161496E-03
   7.000001E+01  2.700000E+02  2.696247E-02  2.151486E-03
   7.000001E+01  2.820000E+02  2.582756E-02  2.104706E-03
   7.000001E+01  2.940000E+02  2.682841E-02  2.146114E-03
   7.000001E+01  3.060000E+02  2.578282E-02  2.103160E-03
   7.000001E+01  3.180000E+02  2.704355E-02  2.153811E-03
   7.000001E+01  3.300000E+02  2.639725E-02  2.128227E-03
   7.000001E+01  3.420000E+02  2.678568E-02  2.145344E-03
   7.000001E+01  3.540000E+02  2.649523E-02  2.132129E-03
    
   7.400001E+01  6.000001E+00  2.121228E-02  1.886999E-03
   7.400001E+01  1.800000E+01  2.013765E-02  1.838447E-03
   7.400001E+01  3.000000E+01  1.971557E-02  1.818477E-03
   7.400001E+01  4.200000E+01  1.967568E-02  1.816738E-03
   7.400001E+01  5.400001E+01  2.110853E-02  1.881924E-03
   7.400001E+01  6.600001E+01  2.130806E-02  1.891186E-03
   7.400001E+01  7.800001E+01  1.942369E-02  1.805345E-03
   7.400001E+01  9.000001E+01  2.154192E-02  1.901205E-03
   7.400001E+01  1.020000E+02  2.026729E-02  1.843641E-03
   7.400001E+01  1.140000E+02  1.951215E-02  1.808891E-03
   7.400001E+01  1.260000E+02  2.152520E-02  1.900378E-03
   7.400001E+01  1.380000E+02  2.139860E-02  1.895348E-03
   7.400001E+01  1.500000E+02  2.071844E-02  1.864181E-03
   7.400001E+01  1.620000E+02  2.011236E-02  1.836711E-03
   7.400001E+01  1.740000E+02  2.161271E-02  1.904536E-03
   7.400001E+01  1.860000E+02  2.082557E-02  1.869247E-03
   7.400001E+01  1.980000E+02  1.960326E-02  1.813268E-03
   7.400001E+01  2.100000E+02  2.031693E-02  1.846203E-03
   7.400001E+01  2.220000E+02  2.033935E-02  1.847052E-03
   7.400001E+01  2.340000E+02  1.992573E-02  1.828055E-03
   7.400001E+01  2.460000E+02  2.081873E-02  1.869283E-03
   7.400001E+01  2.580000E+02  2.017314E-02  1.840146E-03
   7.400001E+01  2.700000E+02  2.002707E-02  1.832412E-03
   7.400001E+01  2.820000E+02  1.937655E-02  1.802707E-03
   7.400001E+01  2.940000E+02  2.075807E-02  1.865877E-03
   7.400001E+01  3.060000E+02  2.034988E-02  1.847905E-03
   7.400001E+01  3.180000E+02  2.079263E-02  1.867543E-03
   7.400001E+01  3.300000E+02  2.016912E-02  1.839338E-03
   7.400001E+01  3.420000E+02  1.973043E-02  1.821115E-03
   7.400001E+01  3.540000E+02  1.992902E-02  1.828057E-03
    
   7.800001E+01  6.000001E+00  1.376417E-02  1.506087E-03
   7.800001E+01  1.800000E+01  1.383763E-02  1.510135E-03
   7.800001E+01  3.000000E+01  1.332552E-02  1.482477E-03
   7.800001E+01  4.200000E+01  1.382763E-02  1.510135E-03
   7.800001E+01  5.400001E+01  1.436998E-02  1.539302E-03
   7.800001E+01  6.600001E+01  1.367086E-02  1.500975E-03
   7.800001E+01  7.800001E+01  1.330824E-02  1.481445E-03
   7.800001E+01  9.000001E+01  1.362053E-02  1.498930E-03
   7.800001E+01  1.020000E+02  1.365210E-02  1.499954E-03
   7.800001E+01  1.140000E+02  1.447610E-02  1.545231E-03
   7.800001E+01  1.260000E+02  1.398197E-02  1.518242E-03
   7.800001E+01  1.380000E+02  1.412471E-02  1.526276E-03
   7.800001E+01  1.500000E+02  1.334900E-02  1.483544E-03
   7.800001E+01  1.620000E+02  1.388801E-02  1.513179E-03
   7.800001E+01  1.740000E+02  1.457352E-02  1.550220E-03
   7.800001E+01  1.860000E+02  1.326051E-02  1.478374E-03
   7.800001E+01  1.980000E+02  1.377677E-02  1.507084E-03
   7.800001E+01  2.100000E+02  1.302146E-02  1.464810E-03
   7.800001E+01  2.220000E+02  1.362766E-02  1.498927E-03
   7.800001E+01  2.340000E+02  1.515899E-02  1.581554E-03
   7.800001E+01  2.460000E+02  1.430330E-02  1.536283E-03
   7.800001E+01  2.580000E+02  1.410761E-02  1.525279E-03
   7.800001E+01  2.700000E+02  1.385563E-02  1.511157E-03
   7.800001E+01  2.820000E+02  1.350449E-02  1.491798E-03
   7.800001E+01  2.940000E+02  1.444149E-02  1.543248E-03
   7.800001E+01  3.060000E+02  1.400590E-02  1.519248E-03
   7.800001E+01  3.180000E+02  1.382033E-02  1.509158E-03
   7.800001E+01  3.300000E+02  1.410984E-02  1.525274E-03
   7.800001E+01  3.420000E+02  1.373314E-02  1.505073E-03
   7.800001E+01  3.540000E+02  1.444424E-02  1.543250E-03
    
   8.200001E+01  6.000001E+00  8.179820E-03  1.153676E-03
   8.200001E+01  1.800000E+01  7.954094E-03  1.140636E-03
   8.200001E+01  3.000000E+01  7.951774E-03  1.137998E-03
   8.200001E+01  4.200000E+01  7.607037E-03  1.112758E-03
   8.200001E+01  5.400001E+01  8.010908E-03  1.141948E-03
   8.200001E+01  6.600001E+01  8.731833E-03  1.193151E-03
   8.200001E+01  7.800001E+01  8.325406E-03  1.163987E-03
   8.200001E+01  9.000001E+01  8.552623E-03  1.180566E-03
   8.200001E+01  1.020000E+02  7.191096E-03  1.081427E-03
   8.200001E+01  1.140000E+02  7.683065E-03  1.118123E-03
   8.200001E+01  1.260000E+02  8.758487E-03  1.194421E-03
   8.200001E+01  1.380000E+02  7.700191E-03  1.119497E-03
   8.200001E+01  1.500000E+02  7.727777E-03  1.122117E-03
   8.200001E+01  1.620000E+02  7.777467E-03  1.124792E-03
   8.200001E+01  1.740000E+02  7.493490E-03  1.104663E-03
   8.200001E+01  1.860000E+02  8.444656E-03  1.172935E-03
   8.200001E+01  1.980000E+02  7.718044E-03  1.120792E-03
   8.200001E+01  2.100000E+02  8.536864E-03  1.179293E-03
   8.200001E+01  2.220000E+02  7.372215E-03  1.095175E-03
   8.200001E+01  2.340000E+02  8.237449E-03  1.157560E-03
   8.200001E+01  2.460000E+02  8.135457E-03  1.151063E-03
   8.200001E+01  2.580000E+02  8.518636E-03  1.178024E-03
   8.200001E+01  2.700000E+02  8.264675E-03  1.160121E-03
   8.200001E+01  2.820000E+02  8.682396E-03  1.189400E-03
   8.200001E+01  2.940000E+02  8.151733E-03  1.152369E-03
   8.200001E+01  3.060000E+02  7.733573E-03  1.122133E-03
   8.200001E+01  3.180000E+02  7.513624E-03  1.106017E-03
   8.200001E+01  3.300000E+02  8.518634E-03  1.178024E-03
   8.200001E+01  3.420000E+02  8.288603E-03  1.161424E-03
   8.200001E+01  3.540000E+02  8.805660E-03  1.198153E-03
    
   8.600001E+01  6.000001E+00  3.465278E-03  7.484024E-04
   8.600001E+01  1.800000E+01  3.211105E-03  7.202504E-04
   8.600001E+01  3.000000E+01  2.885685E-03  6.824329E-04
   8.600001E+01  4.200000E+01  3.443158E-03  7.463675E-04
   8.600001E+01  5.400001E+01  3.265265E-03  7.263620E-04
   8.600001E+01  6.600001E+01  3.067571E-03  7.036956E-04
   8.600001E+01  7.800001E+01  3.083958E-03  7.057835E-04
   8.600001E+01  9.000001E+01  2.774234E-03  6.693472E-04
   8.600001E+01  1.020000E+02  2.923127E-03  6.867561E-04
   8.600001E+01  1.140000E+02  3.069069E-03  7.036979E-04
   8.600001E+01  1.260000E+02  3.694672E-03  7.735102E-04
   8.600001E+01  1.380000E+02  3.500669E-03  7.522718E-04
   8.600001E+01  1.500000E+02  2.827601E-03  6.759178E-04
   8.600001E+01  1.620000E+02  3.175988E-03  7.161488E-04
   8.600001E+01  1.740000E+02  2.922046E-03  6.867382E-04
   8.600001E+01  1.860000E+02  3.226698E-03  7.222895E-04
   8.600001E+01  1.980000E+02  3.533663E-03  7.561742E-04
   8.600001E+01  2.100000E+02  3.083532E-03  7.057830E-04
   8.600001E+01  2.220000E+02  3.283089E-03  7.283874E-04
   8.600001E+01  2.340000E+02  3.141707E-03  7.120252E-04
   8.600001E+01  2.460000E+02  3.152698E-03  7.140801E-04
   8.600001E+01  2.580000E+02  3.429795E-03  7.483617E-04
   8.600001E+01  2.700000E+02  3.089404E-03  7.057926E-04
   8.600001E+01  2.820000E+02  3.266033E-03  7.263629E-04
   8.600001E+01  2.940000E+02  2.828721E-03  6.759196E-04
   8.600001E+01  3.060000E+02  2.850707E-03  6.781030E-04
   8.600001E+01  3.180000E+02  2.756277E-03  6.671425E-04
   8.600001E+01  3.300000E+02  3.397768E-03  7.404349E-04
   8.600001E+01  3.420000E+02  3.279760E-03  7.283819E-04
   8.600001E+01  3.540000E+02  3.483560E-03  7.503122E-04
    
   9.000001E+01  6.000001E+00  2.901951E-04  2.166338E-04
   9.000001E+01  1.800000E+01  3.618454E-04  2.421996E-04
   9.000001E+01  3.000000E+01  3.464406E-04  2.360803E-04
   9.000001E+01  4.200000E+01  3.092752E-04  2.233060E-04
   9.000001E+01  5.400001E+01  3.111049E-04  2.233157E-04
   9.000001E+01  6.600001E+01  2.375762E-04  1.952821E-04
   9.000001E+01  7.800001E+01  2.734587E-04  2.097626E-04
   9.000001E+01  9.000001E+01  2.910146E-04  2.166381E-04
   9.000001E+01  1.020000E+02  2.025160E-04  1.796432E-04
   9.000001E+01  1.140000E+02  2.187526E-04  1.876174E-04
   9.000001E+01  1.260000E+02  4.170838E-04  2.597343E-04
   9.000001E+01  1.380000E+02  2.187485E-04  1.876174E-04
   9.000001E+01  1.500000E+02  2.744637E-04  2.097684E-04
   9.000001E+01  1.620000E+02  4.725789E-04  2.761590E-04
   9.000001E+01  1.740000E+02  1.826860E-04  1.712730E-04
   9.000001E+01  1.860000E+02  2.195404E-04  1.876224E-04
   9.000001E+01  1.980000E+02  3.992890E-04  2.540268E-04
   9.000001E+01  2.100000E+02  2.912184E-04  2.166394E-04
   9.000001E+01  2.220000E+02  2.198209E-04  1.876240E-04
   9.000001E+01  2.340000E+02  2.184935E-04  1.876158E-04
   9.000001E+01  2.460000E+02  3.092797E-04  2.233060E-04
   9.000001E+01  2.580000E+02  2.904325E-04  2.166352E-04
   9.000001E+01  2.700000E+02  3.286159E-04  2.297860E-04
   9.000001E+01  2.820000E+02  2.548650E-04  2.026479E-04
   9.000001E+01  2.940000E+02  2.034568E-04  1.797111E-04
   9.000001E+01  3.060000E+02  3.298030E-04  2.298404E-04
   9.000001E+01  3.180000E+02  3.443177E-04  2.360698E-04
   9.000001E+01  3.300000E+02  2.200448E-04  1.876256E-04
   9.000001E+01  3.420000E+02  9.185506E-05  1.211134E-04
   9.000001E+01  3.540000E+02  2.540911E-04  2.026433E-04
    
   9.400001E+01  6.000001E+00  1.000000E-35  1.000000E-35
   9.400001E+01  1.800000E+01  1.000000E-35  1.000000E-35
   9.400001E+01  3.000000E+01  1.000000E-35  1.000000E-35
   9.400001E+01  4.200000E+01  1.000000E-35  1.000000E-35
   9.400001E+01  5.400001E+01  1.000000E-35  1.000000E-35
   9.400001E+01  6.600001E+01  1.000000E-35  1.000000E-35
   9.400001E+01  7.800001E+01  1.000000E-35  1.000000E-35
   9.400001E+01  9.000001E+01  1.000000E-35  1.000000E-35
   9.400001E+01  1.020000E+02  1.000000E-35  1.000000E-35
   9.400001E+01  1.140000E+02  1.000000E-35  1.000000E-35
   9.400001E+01  1.260000E+02  1.000000E-35  1.000000E-35
   9.400001E+01  1.380000E+02  1.000000E-35  1.000000E-35
   9.400001E+01  1.500000E+02  1.000000E-35  1.000000E-35
   9.400001E+01  1.620000E+02  1.000000E-35  1.000000E-35
   9.400001E+01  1.740000E+02  1.000000E-35  1.000000E-35
   9.400001E+01  1.860000E+02  1.000000E-35  1.000000E-35
   9.400001E+01  1.980000E+02  1.000000E-35  1.000000E-35
   9.400001E+01  2.100000E+02  1.000000E-35  1.000000E-35
   9.400001E+01  2.220000E+02  1.000000E-35  1.000000E-35
   9.400001E+01  2.340000E+02  1.000000E-35  1.000000E-35
   9.400001E+01  2.460000E+02  1.000000E-35  1.000000E-35
   9.400001E+01  2.580000E+02  1.000000E-35  1.000000E-35
   9.400001E+01  2.700000E+02  1.000000E-35  1.000000E-35
   9.400001E+01  2.820000E+02  1.000000E-35  1.000000E-35
   9.400001E+01  2.940000E+02  1.000000E-35  1.000000E-35
   9.400001E+01  3.060000E+02  1.000000E-35  1.000000E-35
   9.400001E+01  3.180000E+02  1.000000E-35  1.000000E-35
   9.400001E+01  3.300000E+02  1.000000E-35  1.000000E-35
   9.400001E+01  3.420000E+02  1.000000E-35  1.000000E-35
   9.400001E+01  3.540000E+02  1.000000E-35  1.000000E-35
    
   9.800001E+01  6.000001E+00  1.000000E-35  1.000000E-35
   9.800001E+01  1.800000E+01  1.000000E-35  1.000000E-35
   9.800001E+01  3.000000E+01  1.000000E-35  1.000000E-35
   9.800001E+01  4.200000E+01  1.000000E-35  1.000000E-35
   9.800001E+01  5.400001E+01  1.000000E-35  1.000000E-35
   9.800001E+01  6.600001E+01  1.000000E-35  1.000000E-35
   9.800001E+01  7.800001E+01  1.000000E-35  1.000000E-35
   9.800001E+01  9.000001E+01  1.000000E-35  1.000000E-35
   9.800001E+01  1.020000E+02  1.000000E-35  1.000000E-35
   9.800001E+01  1.140000E+02  1.000000E-35  1.000000E-35
   9.800001E+01  1.260000E+02  1.000000E-35  1.000000E-35
   9.800001E+01  1.380000E+02  1.000000E-35  1.000000E-35
   9.800001E+01  1.500000E+02  1.000000E-35  1.000000E-35
   9.800001E+01  1.620000E+02  1.000000E-35  1.000000E-35
   9.800001E+01  1.740000E+02  1.000000E-35  1.000000E-35
   9.800001E+01  1.860000E+02  1.000000E-35  1.000000E-35
   9.800001E+01  1.980000E+02  1.000000E-35  1.000000E-35
   9.800001E+01  2.100000E+02  1.000000E-35  1.000000E-35
   9.800001E+01  2.220000E+02  1.000000E-35  1.000000E-35
   9.800001E+01  2.340000E+02  1.000000E-35  1.000000E-35
   9.800001E+01  2.460000E+02  1.000000E-35  1.000000E-35
   9.800001E+01  2.580000E+02  1.000000E-35  1.000000E-35
   9.800001E+01  2.700000E+02  1.000000E-35  1.000000E-35
   9.800001E+01  2.820000E+02  1.000000E-35  1.000000E-35
   9.800001E+01  2.940000E+02  1.000000E-35  1.000000E-35
   9.800001E+01  3.060000E+02  1.000000E-35  1.000000E-35
   9.800001E+01  3.180000E+02  1.000000E-35  1.000000E-35
   9.800001E+01  3.300000E+02  1.000000E-35  1.000000E-35
   9.800001E+01  3.420000E+02  1.000000E-35  1.000000E-35
   9.800001E+01  3.540000E+02  1.000000E-35  1.000000E-35
    
   1.020000E+02  6.000001E+00  1.000000E-35  1.000000E-35
   1.020000E+02  1.800000E+01  1.000000E-35  1.000000E-35
   1.020000E+02  3.000000E+01  1.000000E-35  1.000000E-35
   1.020000E+02  4.200000E+01  1.000000E-35  1.000000E-35
   1.020000E+02  5.400001E+01  1.000000E-35  1.000000E-35
   1.020000E+02  6.600001E+01  1.000000E-35  1.000000E-35
   1.020000E+02  7.800001E+01  1.000000E-35  1.000000E-35
   1.020000E+02  9.000001E+01  1.000000E-35  1.000000E-35
   1.020000E+02  1.020000E+02  1.000000E-35  1.000000E-35
   1.020000E+02  1.140000E+02  1.000000E-35  1.000000E-35
   1.020000E+02  1.260000E+02  1.000000E-35  1.000000E-35
   1.020000E+02  1.380000E+02  1.000000E-35  1.000000E-35
   1.020000E+02  1.500000E+02  1.000000E-35  1.000000E-35
   1.020000E+02  1.620000E+02  1.000000E-35  1.000000E-35
   1.020000E+02  1.740000E+02  1.000000E-35  1.000000E-35
   1.020000E+02  1.860000E+02  1.000000E-35  1.000000E-35
   1.020000E+02  1.980000E+02  1.000000E-35  1.000000E-35
   1.020000E+02  2.100000E+02  1.000000E-35  1.000000E-35
   1.020000E+02  2.220000E+02  1.000000E-35  1.000000E-35
   1.020000E+02  2.340000E+02  1.000000E-35  1.000000E-35
   1.020000E+02  2.460000E+02  1.000000E-35  1.000000E-35
   1.020000E+02  2.580000E+02  1.000000E-35  1.000000E-35
   1.020000E+02  2.700000E+02  1.000000E-35  1.000000E-35
   1.020000E+02  2.820000E+02  1.000000E-35  1.000000E-35
   1.020000E+02  2.940000E+02  1.000000E-35  1.000000E-35
   1.020000E+02  3.060000E+02  1.000000E-35  1.000000E-35
   1.020000E+02  3.180000E+02  1.000000E-35  1.000000E-35
   1.020000E+02  3.300000E+02  1.000000E-35  1.000000E-35
   1.020000E+02  3.420000E+02  1.000000E-35  1.000000E-35
   1.020000E+02  3.540000E+02  1.000000E-35  1.000000E-35
    
   1.060000E+02  6.000001E+00  1.000000E-35  1.000000E-35
   1.060000E+02  1.800000E+01  1.000000E-35  1.000000E-35
   1.060000E+02  3.000000E+01  1.000000E-35  1.000000E-35
   1.060000E+02  4.200000E+01  1.000000E-35  1.000000E-35
   1.060000E+02  5.400001E+01  1.000000E-35  1.000000E-35
   1.060000E+02  6.600001E+01  1.000000E-35  1.000000E-35
   1.060000E+02  7.800001E+01  1.000000E-35  1.000000E-35
   1.060000E+02  9.000001E+01  1.000000E-35  1.000000E-35
   1.060000E+02  1.020000E+02  1.000000E-35  1.000000E-35
   1.060000E+02  1.140000E+02  1.000000E-35  1.000000E-35
   1.060000E+02  1.260000E+02  1.000000E-35  1.000000E-35
   1.060000E+02  1.380000E+02  1.000000E-35  1.000000E-35
   1.060000E+02  1.500000E+02  1.000000E-35  1.000000E-35
   1.060000E+02  1.620000E+02  1.000000E-35  1.000000E-35
   1.060000E+02  1.740000E+02  1.000000E-35  1.000000E-35
   1.060000E+02  1.860000E+02  1.000000E-35  1.000000E-35
   1.060000E+02  1.980000E+02  1.000000E-35  1.000000E-35
   1.060000E+02  2.100000E+02  1.000000E-35  1.000000E-35
   1.060000E+02  2.220000E+02  1.000000E-35  1.000000E-35
   1.060000E+02  2.340000E+02  1.000000E-35  1.000000E-35
   1.060000E+02  2.460000E+02  1.000000E-35  1.000000E-35
   1.060000E+02  2.580000E+02  1.000000E-35  1.000000E-35
   1.060000E+02  2.700000E+02  1.000000E-35  1.000000E-35
   1.060000E+02  2.820000E+02  1.000000E-35  1.000000E-35
   1.060000E+02  2.940000E+02  1.000000E-35  1.000000E-35
   1.060000E+02  3.060000E+02  1.000000E-35  1.000000E-35
   1.060000E+02  3.180000E+02  1.000000E-35  1.000000E-35
   1.060000E+02  3.300000E+02  1.000000E-35  1.000000E-35
   1.060000E+02  3.420000E+02  1.000000E-35  1.000000E-35
   1.060000E+02  3.540000E+02  1.000000E-35  1.000000E-35
    
   1.100000E+02  6.000001E+00  1.000000E-35  1.000000E-35
   1.100000E+02  1.800000E+01  1.000000E-35  1.000000E-35
   1.100000E+02  3.000000E+01  1.000000E-35  1.000000E-35
   1.100000E+02  4.200000E+01  1.000000E-35  1.000000E-35
   1.100000E+02  5.400001E+01  1.000000E-35  1.000000E-35
   1.100000E+02  6.600001E+01  1.000000E-35  1.000000E-35
   1.100000E+02  7.800001E+01  1.000000E-35  1.000000E-35
   1.100000E+02  9.000001E+01  1.000000E-35  1.000000E-35
   1.100000E+02  1.020000E+02  1.000000E-35  1.000000E-35
   1.100000E+02  1.140000E+02  1.000000E-35  1.000000E-35
   1.100000E+02  1.260000E+02  1.000000E-35  1.000000E-35
   1.100000E+02  1.380000E+02  1.000000E-35  1.000000E-35
   1.100000E+02  1.500000E+02  1.000000E-35  1.000000E-35
   1.100000E+02  1.620000E+02  1.000000E-35  1.000000E-35
   1.100000E+02  1.740000E+02  1.000000E-35  1.000000E-35
   1.100000E+02  1.860000E+02  1.000000E-35  1.000000E-35
   1.100000E+02  1.980000E+02  1.000000E-35  1.000000E-35
   1.100000E+02  2.100000E+02  1.000000E-35  1.000000E-35
   1.100000E+02  2.220000E+02  1.000000E-35  1.000000E-35
   1.100000E+02  2.340000E+02  1.000000E-35  1.000000E-35
   1.100000E+02  2.460000E+02  1.000000E-35  1.000000E-35
   1.100000E+02  2.580000E+02  1.000000E-35  1.000000E-35
   1.100000E+02  2.700000E+02  1.000000E-35  1.000000E-35
   1.100000E+02  2.820000E+02  1.000000E-35  1.000000E-35
   1.100000E+02  2.940000E+02  1.000000E-35  1.000000E-35
   1.100000E+02  3.060000E+02  1.000000E-35  1.000000E-35
   1.100000E+02  3.180000E+02  1.000000E-35  1.000000E-35
   1.100000E+02  3.300000E+02  1.000000E-35  1.000000E-35
   1.100000E+02  3.420000E+02  1.000000E-35  1.000000E-35
   1.100000E+02  3.540000E+02  1.000000E-35  1.000000E-35
    
   1.140000E+02  6.000001E+00  1.000000E-35  1.000000E-35
   1.140000E+02  1.800000E+01  1.000000E-35  1.000000E-35
   1.140000E+02  3.000000E+01  1.000000E-35  1.000000E-35
   1.140000E+02  4.200000E+01  1.000000E-35  1.000000E-35
   1.140000E+02  5.400001E+01  1.000000E-35  1.000000E-35
   1.140000E+02  6.600001E+01  1.000000E-35  1.000000E-35
   1.140000E+02  7.800001E+01  1.000000E-35  1.000000E-35
   1.140000E+02  9.000001E+01  1.000000E-35  1.000000E-35
   1.140000E+02  1.020000E+02  1.000000E-35  1.000000E-35
   1.140000E+02  1.140000E+02  1.000000E-35  1.000000E-35
   1.140000E+02  1.260000E+02  1.000000E-35  1.000000E-35
   1.140000E+02  1.380000E+02  1.000000E-35  1.000000E-35
   1.140000E+02  1.500000E+02  1.000000E-35  1.000000E-35
   1.140000E+02  1.620000E+02  1.000000E-35  1.000000E-35
   1.140000E+02  1.740000E+02  1.000000E-35  1.000000E-35
   1.140000E+02  1.860000E+02  1.000000E-35  1.000000E-35
   1.140000E+02  1.980000E+02  1.000000E-35  1.000000E-35
   1.140000E+02  2.100000E+02  1.000000E-35  1.000000E-35
   1.140000E+02  2.220000E+02  1.000000E-35  1.000000E-35
   1.140000E+02  2.340000E+02  1.000000E-35  1.000000E-35
   1.140000E+02  2.460000E+02  1.000000E-35  1.000000E-35
   1.140000E+02  2.580000E+02  1.000000E-35  1.000000E-35
   1.140000E+02  2.700000E+02  1.000000E-35  1.000000E-35
   1.140000E+02  2.820000E+02  1.000000E-35  1.000000E-35
   1.140000E+02  2.940000E+02  1.000000E-35  1.000000E-35
   1.140000E+02  3.060000E+02  1.000000E-35  1.000000E-35
   1.140000E+02  3.180000E+02  1.000000E-35  1.000000E-35
   1.140000E+02  3.300000E+02  1.000000E-35  1.000000E-35
   1.140000E+02  3.420000E+02  1.000000E-35  1.000000E-35
   1.140000E+02  3.540000E+02  1.000000E-35  1.000000E-35
    
   1.180000E+02  6.000001E+00  1.000000E-35  1.000000E-35
   1.180000E+02  1.800000E+01  1.000000E-35  1.000000E-35
   1.180000E+02  3.000000E+01  1.000000E-35  1.000000E-35
   1.180000E+02  4.200000E+01  1.000000E-35  1.000000E-35
   1.180000E+02  5.400001E+01  1.000000E-35  1.000000E-35
   1.180000E+02  6.600001E+01  1.000000E-35  1.000000E-35
   1.180000E+02  7.800001E+01  1.000000E-35  1.000000E-35
   1.180000E+02  9.000001E+01  1.000000E-35  1.000000E-35
   1.180000E+02  1.020000E+02  1.000000E-35  1.000000E-35
   1.180000E+02  1.140000E+02  1.000000E-35  1.000000E-35
   1.180000E+02  1.260000E+02  1.000000E-35  1.000000E-35
   1.180000E+02  1.380000E+02  1.000000E-35  1.000000E-35
   1.180000E+02  1.500000E+02  1.000000E-35  1.000000E-35
   1.180000E+02  1.620000E+02  1.000000E-35  1.000000E-35
   1.180000E+02  1.740000E+02  1.000000E-35  1.000000E-35
   1.180000E+02  1.860000E+02  1.000000E-35  1.000000E-35
   1.180000E+02  1.980000E+02  1.000000E-35  1.000000E-35
   1.180000E+02  2.100000E+02  1.000000E-35  1.000000E-35
   1.180000E+02  2.220000E+02  1.000000E-35  1.000000E-35
   1.180000E+02  2.340000E+02  1.000000E-35  1.000000E-35
   1.180000E+02  2.460000E+02  1.000000E-35  1.000000E-35
   1.180000E+02  2.580000E+02  1.000000E-35  1.000000E-35
   1.180000E+02  2.700000E+02  1.000000E-35  1.000000E-35
   1.180000E+02  2.820000E+02  1.000000E-35  1.000000E-35
   1.180000E+02  2.940000E+02  1.000000E-35  1.000000E-35
   1.180000E+02  3.060000E+02  1.000000E-35  1.000000E-35
   1.180000E+02  3.180000E+02  1.000000E-35  1.000000E-35
   1.180000E+02  3.300000E+02  1.000000E-35  1.000000E-35
   1.180000E+02  3.420000E+02  1.000000E-35  1.000000E-35
   1.180000E+02  3.540000E+02  1.000000E-35  1.000000E-35
    
   1.220000E+02  6.000001E+00  1.000000E-35  1.000000E-35
   1.220000E+02  1.800000E+01  1.000000E-35  1.000000E-35
   1.220000E+02  3.000000E+01  1.000000E-35  1.000000E-35
   1.220000E+02  4.200000E+01  1.000000E-35  1.000000E-35
   1.220000E+02  5.400001E+01  1.000000E-35  1.000000E-35
   1.220000E+02  6.600001E+01  1.000000E-35  1.000000E-35
   1.220000E+02  7.800001E+01  1.000000E-35  1.000000E-35
   1.220000E+02  9.000001E+01  1.000000E-35  1.000000E-35
   1.220000E+02  1.020000E+02  1.000000E-35  1.000000E-35
   1.220000E+02  1.140000E+02  1.000000E-35  1.000000E-35
   1.220000E+02  1.260000E+02  1.000000E-35  1.000000E-35
   1.220000E+02  1.380000E+02  1.000000E-35  1.000000E-35
   1.220000E+02  1.500000E+02  1.000000E-35  1.000000E-35
   1.220000E+02  1.620000E+02  1.000000E-35  1.000000E-35
   1.220000E+02  1.740000E+02  1.000000E-35  1.000000E-35
   1.220000E+02  1.860000E+02  1.000000E-35  1.000000E-35
   1.220000E+02  1.980000E+02  1.000000E-35  1.000000E-35
   1.220000E+02  2.100000E+02  1.000000E-35  1.000000E-35
   1.220000E+02  2.220000E+02  1.000000E-35  1.000000E-35
   1.220000E+02  2.340000E+02  1.000000E-35  1.000000E-35
   1.220000E+02  2.460000E+02  1.000000E-35  1.000000E-35
   1.220000E+02  2.580000E+02  1.000000E-35  1.000000E-35
   1.220000E+02  2.700000E+02  1.000000E-35  1.000000E-35
   1.220000E+02  2.820000E+02  1.000000E-35  1.000000E-35
   1.220000E+02  2.940000E+02  1.000000E-35  1.000000E-35
   1.220000E+02  3.060000E+02  1.000000E-35  1.000000E-35
   1.220000E+02  3.180000E+02  1.000000E-35  1.000000E-35
   1.220000E+02  3.300000E+02  1.000000E-35  1.000000E-35
   1.220000E+02  3.420000E+02  1.000000E-35  1.000000E-35
   1.220000E+02  3.540000E+02  1.000000E-35  1.000000E-35
    
   1.260000E+02  6.000001E+00  1.000000E-35  1.000000E-35
   1.260000E+02  1.800000E+01  1.000000E-35  1.000000E-35
   1.260000E+02  3.000000E+01  1.000000E-35  1.000000E-35
   1.260000E+02  4.200000E+01  1.000000E-35  1.000000E-35
   1.260000E+02  5.400001E+01  1.000000E-35  1.000000E-35
   1.260000E+02  6.600001E+01  1.000000E-35  1.000000E-35
   1.260000E+02  7.800001E+01  1.000000E-35  1.000000E-35
   1.260000E+02  9.000001E+01  1.000000E-35  1.000000E-35
   1.260000E+02  1.020000E+02  1.000000E-35  1.000000E-35
   1.260000E+02  1.140000E+02  1.000000E-35  1.000000E-35
   1.260000E+02  1.260000E+02  1.000000E-35  1.000000E-35
   1.260000E+02  1.380000E+02  1.000000E-35  1.000000E-35
   1.260000E+02  1.500000E+02  1.000000E-35  1.000000E-35
   1.260000E+02  1.620000E+02  1.000000E-35  1.000000E-35
   1.260000E+02  1.740000E+02  1.000000E-35  1.000000E-35
   1.260000E+02  1.860000E+02  1.000000E-35  1.000000E-35
   1.260000E+02  1.980000E+02  1.000000E-35  1.000000E-35
   1.260000E+02  2.100000E+02  1.000000E-35  1.000000E-35
   1.260000E+02  2.220000E+02  1.000000E-35  1.000000E-35
   1.260000E+02  2.340000E+02  1.000000E-35  1.000000E-35
   1.260000E+02  2.460000E+02  1.000000E-35  1.000000E-35
   1.260000E+02  2.580000E+02  1.000000E-35  1.000000E-35
   1.260000E+02  2.700000E+02  1.000000E-35  1.000000E-35
   1.260000E+02  2.820000E+02  1.000000E-35  1.000000E-35
   1.260000E+02  2.940000E+02  1.000000E-35  1.000000E-35
   1.260000E+02  3.060000E+02  1.000000E-35  1.000000E-35
   1.260000E+02  3.180000E+02  1.000000E-35  1.000000E-35
   1.260000E+02  3.300000E+02  1.000000E-35  1.000000E-35
   1.260000E+02  3.420000E+02  1.000000E-35  1.000000E-35
   1.260000E+02  3.540000E+02  1.000000E-35  1.000000E-35
    
   1.300000E+02  6.000001E+00  1.000000E-35  1.000000E-35
   1.300000E+02  1.800000E+01  1.000000E-35  1.000000E-35
   1.300000E+02  3.000000E+01  1.000000E-35  1.000000E-35
   1.300000E+02  4.200000E+01  1.000000E-35  1.000000E-35
   1.300000E+02  5.400001E+01  1.000000E-35  1.000000E-35
   1.300000E+02  6.600001E+01  1.000000E-35  1.000000E-35
   1.300000E+02  7.800001E+01  1.000000E-35  1.000000E-35
   1.300000E+02  9.000001E+01  1.000000E-35  1.000000E-35
   1.300000E+02  1.020000E+02  1.000000E-35  1.000000E-35
   1.300000E+02  1.140000E+02  1.000000E-35  1.000000E-35
   1.300000E+02  1.260000E+02  1.000000E-35  1.000000E-35
   1.300000E+02  1.380000E+02  1.000000E-35  1.000000E-35
   1.300000E+02  1.500000E+02  1.000000E-35  1.000000E-35
   1.300000E+02  1.620000E+02  1.000000E-35  1.000000E-35
   1.300000E+02  1.740000E+02  1.000000E-35  1.000000E-35
   1.300000E+02  1.860000E+02  1.000000E-35  1.000000E-35
   1.300000E+02  1.980000E+02  1.000000E-35  1.000000E-35
   1.300000E+02  2.100000E+02  1.000000E-35  1.000000E-35
   1.300000E+02  2.220000E+02  1.000000E-35  1.000000E-35
   1.300000E+02  2.340000E+02  1.000000E-35  1.000000E-35
   1.300000E+02  2.460000E+02  1.000000E-35  1.000000E-35
   1.300000E+02  2.580000E+02  1.000000E-35  1.000000E-35
   1.300000E+02  2.700000E+02  1.000000E-35  1.000000E-35
   1.300000E+02  2.820000E+02  1.000000E-35  1.000000E-35
   1.300000E+02  2.940000E+02  1.000000E-35  1.000000E-35
   1.300000E+02  3.060000E+02  1.000000E-35  1.000000E-35
   1.300000E+02  3.180000E+02  1.000000E-35  1.000000E-35
   1.300000E+02  3.300000E+02  1.000000E-35  1.000000E-35
   1.300000E+02  3.420000E+02  1.000000E-35  1.000000E-35
   1.300000E+02  3.540000E+02  1.000000E-35  1.000000E-35
    
   1.340000E+02  6.000001E+00  1.000000E-35  1.000000E-35
   1.340000E+02  1.800000E+01  1.000000E-35  1.000000E-35
   1.340000E+02  3.000000E+01  1.000000E-35  1.000000E-35
   1.340000E+02  4.200000E+01  1.000000E-35  1.000000E-35
   1.340000E+02  5.400001E+01  1.000000E-35  1.000000E-35
   1.340000E+02  6.600001E+01  1.000000E-35  1.000000E-35
   1.340000E+02  7.800001E+01  1.000000E-35  1.000000E-35
   1.340000E+02  9.000001E+01  1.000000E-35  1.000000E-35
   1.340000E+02  1.020000E+02  1.000000E-35  1.000000E-35
   1.340000E+02  1.140000E+02  1.000000E-35  1.000000E-35
   1.340000E+02  1.260000E+02  1.000000E-35  1.000000E-35
   1.340000E+02  1.380000E+02  1.000000E-35  1.000000E-35
   1.340000E+02  1.500000E+02  1.000000E-35  1.000000E-35
   1.340000E+02  1.620000E+02  1.000000E-35  1.000000E-35
   1.340000E+02  1.740000E+02  1.000000E-35  1.000000E-35
   1.340000E+02  1.860000E+02  1.000000E-35  1.000000E-35
   1.340000E+02  1.980000E+02  1.000000E-35  1.000000E-35
   1.340000E+02  2.100000E+02  1.000000E-35  1.000000E-35
   1.340000E+02  2.220000E+02  1.000000E-35  1.000000E-35
   1.340000E+02  2.340000E+02  1.000000E-35  1.000000E-35
   1.340000E+02  2.460000E+02  1.000000E-35  1.000000E-35
   1.340000E+02  2.580000E+02  1.000000E-35  1.000000E-35
   1.340000E+02  2.700000E+02  1.000000E-35  1.000000E-35
   1.340000E+02  2.820000E+02  1.000000E-35  1.000000E-35
   1.340000E+02  2.940000E+02  1.000000E-35  1.000000E-35
   1.340000E+02  3.060000E+02  1.000000E-35  1.000000E-35
   1.340000E+02  3.180000E+02  1.000000E-35  1.000000E-35
   1.340000E+02  3.300000E+02  1.000000E-35  1.000000E-35
   1.340000E+02  3.420000E+02  1.000000E-35  1.000000E-35
   1.340000E+02  3.540000E+02  1.000000E-35  1.000000E-35
    
   1.380000E+02  6.000001E+00  1.000000E-35  1.000000E-35
   1.380000E+02  1.800000E+01  1.000000E-35  1.000000E-35
   1.380000E+02  3.000000E+01  1.000000E-35  1.000000E-35
   1.380000E+02  4.200000E+01  1.000000E-35  1.000000E-35
   1.380000E+02  5.400001E+01  1.000000E-35  1.000000E-35
   1.380000E+02  6.600001E+01  1.000000E-35  1.000000E-35
   1.380000E+02  7.800001E+01  1.000000E-35  1.000000E-35
   1.380000E+02  9.000001E+01  1.000000E-35  1.000000E-35
   1.380000E+02  1.020000E+02  1.000000E-35  1.000000E-35
   1.380000E+02  1.140000E+02  1.000000E-35  1.000000E-35
   1.380000E+02  1.260000E+02  1.000000E-35  1.000000E-35
   1.380000E+02  1.380000E+02  1.000000E-35  1.000000E-35
   1.380000E+02  1.500000E+02  1.000000E-35  1.000000E-35
   1.380000E+02  1.620000E+02  1.000000E-35  1.000000E-35
   1.380000E+02  1.740000E+02  1.000000E-35  1.000000E-35
   1.380000E+02  1.860000E+02  1.000000E-35  1.000000E-35
   1.380000E+02  1.980000E+02  1.000000E-35  1.000000E-35
   1.380000E+02  2.100000E+02  1.000000E-35  1.000000E-35
   1.380000E+02  2.220000E+02  1.000000E-35  1.000000E-35
   1.380000E+02  2.340000E+02  1.000000E-35  1.000000E-35
   1.380000E+02  2.460000E+02  1.000000E-35  1.000000E-35
   1.380000E+02  2.580000E+02  1.000000E-35  1.000000E-35
   1.380000E+02  2.700000E+02  1.000000E-35  1.000000E-35
   1.380000E+02  2.820000E+02  1.000000E-35  1.000000E-35
   1.380000E+02  2.940000E+02  1.000000E-35  1.000000E-35
   1.380000E+02  3.060000E+02  1.000000E-35  1.000000E-35
   1.380000E+02  3.180000E+02  1.000000E-35  1.000000E-35
   1.380000E+02  3.300000E+02  1.000000E-35  1.000000E-35
   1.380000E+02  3.420000E+02  1.000000E-35  1.000000E-35
   1.380000E+02  3.540000E+02  1.000000E-35  1.000000E-35
    
   1.420000E+02  6.000001E+00  1.000000E-35  1.000000E-35
   1.420000E+02  1.800000E+01  1.000000E-35  1.000000E-35
   1.420000E+02  3.000000E+01  1.000000E-35  1.000000E-35
   1.420000E+02  4.200000E+01  1.000000E-35  1.000000E-35
   1.420000E+02  5.400001E+01  1.000000E-35  1.000000E-35
   1.420000E+02  6.600001E+01  1.000000E-35  1.000000E-35
   1.420000E+02  7.800001E+01  1.000000E-35  1.000000E-35
   1.420000E+02  9.000001E+01  1.000000E-35  1.000000E-35
   1.420000E+02  1.020000E+02  1.000000E-35  1.000000E-35
   1.420000E+02  1.140000E+02  1.000000E-35  1.000000E-35
   1.420000E+02  1.260000E+02  1.000000E-35  1.000000E-35
   1.420000E+02  1.380000E+02  1.000000E-35  1.000000E-35
   1.420000E+02  1.500000E+02  1.000000E-35  1.000000E-35
   1.420000E+02  1.620000E+02  1.000000E-35  1.000000E-35
   1.420000E+02  1.740000E+02  1.000000E-35  1.000000E-35
   1.420000E+02  1.860000E+02  1.000000E-35  1.000000E-35
   1.420000E+02  1.980000E+02  1.000000E-35  1.000000E-35
   1.420000E+02  2.100000E+02  1.000000E-35  1.000000E-35
   1.420000E+02  2.220000E+02  1.000000E-35  1.000000E-35
   1.420000E+02  2.340000E+02  1.000000E-35  1.000000E-35
   1.420000E+02  2.460000E+02  1.000000E-35  1.000000E-35
   1.420000E+02  2.580000E+02  1.000000E-35  1.000000E-35
   1.420000E+02  2.700000E+02  1.000000E-35  1.000000E-35
   1.420000E+02  2.820000E+02  1.000000E-35  1.000000E-35
   1.420000E+02  2.940000E+02  1.000000E-35  1.000000E-35
   1.420000E+02  3.060000E+02  1.000000E-35  1.000000E-35
   1.420000E+02  3.180000E+02  1.000000E-35  1.000000E-35
   1.420000E+02  3.300000E+02  1.000000E-35  1.000000E-35
   1.420000E+02  3.420000E+02  1.000000E-35  1.000000E-35
   1.420000E+02  3.540000E+02  1.000000E-35  1.000000E-35
    
   1.460000E+02  6.000001E+00  1.000000E-35  1.000000E-35
   1.460000E+02  1.800000E+01  1.000000E-35  1.000000E-35
   1.460000E+02  3.000000E+01  1.000000E-35  1.000000E-35
   1.460000E+02  4.200000E+01  1.000000E-35  1.000000E-35
   1.460000E+02  5.400001E+01  1.000000E-35  1.000000E-35
   1.460000E+02  6.600001E+01  1.000000E-35  1.000000E-35
   1.460000E+02  7.800001E+01  1.000000E-35  1.000000E-35
   1.460000E+02  9.000001E+01  1.000000E-35  1.000000E-35
   1.460000E+02  1.020000E+02  1.000000E-35  1.000000E-35
   1.460000E+02  1.140000E+02  1.000000E-35  1.000000E-35
   1.460000E+02  1.260000E+02  1.000000E-35  1.000000E-35
   1.460000E+02  1.380000E+02  1.000000E-35  1.000000E-35
   1.460000E+02  1.500000E+02  1.000000E-35  1.000000E-35
   1.460000E+02  1.620000E+02  1.000000E-35  1.000000E-35
   1.460000E+02  1.740000E+02  1.000000E-35  1.000000E-35
   1.460000E+02  1.860000E+02  1.000000E-35  1.000000E-35
   1.460000E+02  1.980000E+02  1.000000E-35  1.000000E-35
   1.460000E+02  2.100000E+02  1.000000E-35  1.000000E-35
   1.460000E+02  2.220000E+02  1.000000E-35  1.000000E-35
   1.460000E+02  2.340000E+02  1.000000E-35  1.000000E-35
   1.460000E+02  2.460000E+02  1.000000E-35  1.000000E-35
   1.460000E+02  2.580000E+02  1.000000E-35  1.000000E-35
   1.460000E+02  2.700000E+02  1.000000E-35  1.000000E-35
   1.460000E+02  2.820000E+02  1.000000E-35  1.000000E-35
   1.460000E+02  2.940000E+02  1.000000E-35  1.000000E-35
   1.460000E+02  3.060000E+02  1.000000E-35  1.000000E-35
   1.460000E+02  3.180000E+02  1.000000E-35  1.000000E-35
   1.460000E+02  3.300000E+02  1.000000E-35  1.000000E-35
   1.460000E+02  3.420000E+02  1.000000E-35  1.000000E-35
   1.460000E+02  3.540000E+02  1.000000E-35  1.000000E-35
    
   1.500000E+02  6.000001E+00  1.000000E-35  1.000000E-35
   1.500000E+02  1.800000E+01  1.000000E-35  1.000000E-35
   1.500000E+02  3.000000E+01  1.000000E-35  1.000000E-35
   1.500000E+02  4.200000E+01  1.000000E-35  1.000000E-35
   1.500000E+02  5.400001E+01  1.000000E-35  1.000000E-35
   1.500000E+02  6.600001E+01  1.000000E-35  1.000000E-35
   1.500000E+02  7.800001E+01  1.000000E-35  1.000000E-35
   1.500000E+02  9.000001E+01  1.000000E-35  1.000000E-35
   1.500000E+02  1.020000E+02  1.000000E-35  1.000000E-35
   1.500000E+02  1.140000E+02  1.000000E-35  1.000000E-35
   1.500000E+02  1.260000E+02  1.000000E-35  1.000000E-35
   1.500000E+02  1.380000E+02  1.000000E-35  1.000000E-35
   1.500000E+02  1.500000E+02  1.000000E-35  1.000000E-35
   1.500000E+02  1.620000E+02  1.000000E-35  1.000000E-35
   1.500000E+02  1.740000E+02  1.000000E-35  1.000000E-35
   1.500000E+02  1.860000E+02  1.000000E-35  1.000000E-35
   1.500000E+02  1.980000E+02  1.000000E-35  1.000000E-35
   1.500000E+02  2.100000E+02  1.000000E-35  1.000000E-35
   1.500000E+02  2.220000E+02  1.000000E-35  1.000000E-35
   1.500000E+02  2.340000E+02  1.000000E-35  1.000000E-35
   1.500000E+02  2.460000E+02  1.000000E-35  1.000000E-35
   1.500000E+02  2.580000E+02  1.000000E-35  1.000000E-35
   1.500000E+02  2.700000E+02  1.000000E-35  1.000000E-35
   1.500000E+02  2.820000E+02  1.000000E-35  1.000000E-35
   1.500000E+02  2.940000E+02  1.000000E-35  1.000000E-35
   1.500000E+02  3.060000E+02  1.000000E-35  1.000000E-35
   1.500000E+02  3.180000E+02  1.000000E-35  1.000000E-35
   1.500000E+02  3.300000E+02  1.000000E-35  1.000000E-35
   1.500000E+02  3.420000E+02  1.000000E-35  1.000000E-35
   1.500000E+02  3.540000E+02  1.000000E-35  1.000000E-35
    
   1.540000E+02  6.000001E+00  1.000000E-35  1.000000E-35
   1.540000E+02  1.800000E+01  1.000000E-35  1.000000E-35
   1.540000E+02  3.000000E+01  1.000000E-35  1.000000E-35
   1.540000E+02  4.200000E+01  1.000000E-35  1.000000E-35
   1.540000E+02  5.400001E+01  1.000000E-35  1.000000E-35
   1.540000E+02  6.600001E+01  1.000000E-35  1.000000E-35
   1.540000E+02  7.800001E+01  1.000000E-35  1.000000E-35
   1.540000E+02  9.000001E+01  1.000000E-35  1.000000E-35
   1.540000E+02  1.020000E+02  1.000000E-35  1.000000E-35
   1.540000E+02  1.140000E+02  1.000000E-35  1.000000E-35
   1.540000E+02  1.260000E+02  1.000000E-35  1.000000E-35
   1.540000E+02  1.380000E+02  1.000000E-35  1.000000E-35
   1.540000E+02  1.500000E+02  1.000000E-35  1.000000E-35
   1.540000E+02  1.620000E+02  1.000000E-35  1.000000E-35
   1.540000E+02  1.740000E+02  1.000000E-35  1.000000E-35
   1.540000E+02  1.860000E+02  1.000000E-35  1.000000E-35
   1.540000E+02  1.980000E+02  1.000000E-35  1.000000E-35
   1.540000E+02  2.100000E+02  1.000000E-35  1.000000E-35
   1.540000E+02  2.220000E+02  1.000000E-35  1.000000E-35
   1.540000E+02  2.340000E+02  1.000000E-35  1.000000E-35
   1.540000E+02  2.460000E+02  1.000000E-35  1.000000E-35
   1.540000E+02  2.580000E+02  1.000000E-35  1.000000E-35
   1.540000E+02  2.700000E+02  1.000000E-35  1.000000E-35
   1.540000E+02  2.820000E+02  1.000000E-35  1.000000E-35
   1.540000E+02  2.940000E+02  1.000000E-35  1.000000E-35
   1.540000E+02  3.060000E+02  1.000000E-35  1.000000E-35
   1.540000E+02  3.180000E+02  1.000000E-35  1.000000E-35
   1.540000E+02  3.300000E+02  1.000000E-35  1.000000E-35
   1.540000E+02  3.420000E+02  1.000000E-35  1.000000E-35
   1.540000E+02  3.540000E+02  1.000000E-35  1.000000E-35
    
   1.580000E+02  6.000001E+00  1.000000E-35  1.000000E-35
   1.580000E+02  1.800000E+01  1.000000E-35  1.000000E-35
   1.580000E+02  3.000000E+01  1.000000E-35  1.000000E-35
   1.580000E+02  4.200000E+01  1.000000E-35  1.000000E-35
   1.580000E+02  5.400001E+01  1.000000E-35  1.000000E-35
   1.580000E+02  6.600001E+01  1.000000E-35  1.000000E-35
   1.580000E+02  7.800001E+01  1.000000E-35  1.000000E-35
   1.580000E+02  9.000001E+01  1.000000E-35  1.000000E-35
   1.580000E+02  1.020000E+02  1.000000E-35  1.000000E-35
   1.580000E+02  1.140000E+02  1.000000E-35  1.000000E-35
   1.580000E+02  1.260000E+02  1.000000E-35  1.000000E-35
   1.580000E+02  1.380000E+02  1.000000E-35  1.000000E-35
   1.580000E+02  1.500000E+02  1.000000E-35  1.000000E-35
   1.580000E+02  1.620000E+02  1.000000E-35  1.000000E-35
   1.580000E+02  1.740000E+02  1.000000E-35  1.000000E-35
   1.580000E+02  1.860000E+02  1.000000E-35  1.000000E-35
   1.580000E+02  1.980000E+02  1.000000E-35  1.000000E-35
   1.580000E+02  2.100000E+02  1.000000E-35  1.000000E-35
   1.580000E+02  2.220000E+02  1.000000E-35  1.000000E-35
   1.580000E+02  2.340000E+02  1.000000E-35  1.000000E-35
   1.580000E+02  2.460000E+02  1.000000E-35  1.000000E-35
   1.580000E+02  2.580000E+02  1.000000E-35  1.000000E-35
   1.580000E+02  2.700000E+02  1.000000E-35  1.000000E-35
   1.580000E+02  2.820000E+02  1.000000E-35  1.000000E-35
   1.580000E+02  2.940000E+02  1.000000E-35  1.000000E-35
   1.580000E+02  3.060000E+02  1.000000E-35  1.000000E-35
   1.580000E+02  3.180000E+02  1.000000E-35  1.000000E-35
   1.580000E+02  3.300000E+02  1.000000E-35  1.000000E-35
   1.580000E+02  3.420000E+02  1.000000E-35  1.000000E-35
   1.580000E+02  3.540000E+02  1.000000E-35  1.000000E-35
    
   1.620000E+02  6.000001E+00  1.000000E-35  1.000000E-35
   1.620000E+02  1.800000E+01  1.000000E-35  1.000000E-35
   1.620000E+02  3.000000E+01  1.000000E-35  1.000000E-35
   1.620000E+02  4.200000E+01  1.000000E-35  1.000000E-35
   1.620000E+02  5.400001E+01  1.000000E-35  1.000000E-35
   1.620000E+02  6.600001E+01  1.000000E-35  1.000000E-35
   1.620000E+02  7.800001E+01  1.000000E-35  1.000000E-35
   1.620000E+02  9.000001E+01  1.000000E-35  1.000000E-35
   1.620000E+02  1.020000E+02  1.000000E-35  1.000000E-35
   1.620000E+02  1.140000E+02  1.000000E-35  1.000000E-35
   1.620000E+02  1.260000E+02  1.000000E-35  1.000000E-35
   1.620000E+02  1.380000E+02  1.000000E-35  1.000000E-35
   1.620000E+02  1.500000E+02  1.000000E-35  1.000000E-35
   1.620000E+02  1.620000E+02  1.000000E-35  1.000000E-35
   1.620000E+02  1.740000E+02  1.000000E-35  1.000000E-35
   1.620000E+02  1.860000E+02  1.000000E-35  1.000000E-35
   1.620000E+02  1.980000E+02  1.000000E-35  1.000000E-35
   1.620000E+02  2.100000E+02  1.000000E-35  1.000000E-35
   1.620000E+02  2.220000E+02  1.000000E-35  1.000000E-35
   1.620000E+02  2.340000E+02  1.000000E-35  1.000000E-35
   1.620000E+02  2.460000E+02  1.000000E-35  1.000000E-35
   1.620000E+02  2.580000E+02  1.000000E-35  1.000000E-35
   1.620000E+02  2.700000E+02  1.000000E-35  1.000000E-35
   1.620000E+02  2.820000E+02  1.000000E-35  1.000000E-35
   1.620000E+02  2.940000E+02  1.000000E-35  1.000000E-35
   1.620000E+02  3.060000E+02  1.000000E-35  1.000000E-35
   1.620000E+02  3.180000E+02  1.000000E-35  1.000000E-35
   1.620000E+02  3.300000E+02  1.000000E-35  1.000000E-35
   1.620000E+02  3.420000E+02  1.000000E-35  1.000000E-35
   1.620000E+02  3.540000E+02  1.000000E-35  1.000000E-35
    
   1.660000E+02  6.000001E+00  1.000000E-35  1.000000E-35
   1.660000E+02  1.800000E+01  1.000000E-35  1.000000E-35
   1.660000E+02  3.000000E+01  1.000000E-35  1.000000E-35
   1.660000E+02  4.200000E+01  1.000000E-35  1.000000E-35
   1.660000E+02  5.400001E+01  1.000000E-35  1.000000E-35
   1.660000E+02  6.600001E+01  1.000000E-35  1.000000E-35
   1.660000E+02  7.800001E+01  1.000000E-35  1.000000E-35
   1.660000E+02  9.000001E+01  1.000000E-35  1.000000E-35
   1.660000E+02  1.020000E+02  1.000000E-35  1.000000E-35
   1.660000E+02  1.140000E+02  1.000000E-35  1.000000E-35
   1.660000E+02  1.260000E+02  1.000000E-35  1.000000E-35
   1.660000E+02  1.380000E+02  1.000000E-35  1.000000E-35
   1.660000E+02  1.500000E+02  1.000000E-35  1.000000E-35
   1.660000E+02  1.620000E+02  1.000000E-35  1.000000E-35
   1.660000E+02  1.740000E+02  1.000000E-35  1.000000E-35
   1.660000E+02  1.860000E+02  1.000000E-35  1.000000E-35
   1.660000E+02  1.980000E+02  1.000000E-35  1.000000E-35
   1.660000E+02  2.100000E+02  1.000000E-35  1.000000E-35
   1.660000E+02  2.220000E+02  1.000000E-35  1.000000E-35
   1.660000E+02  2.340000E+02  1.000000E-35  1.000000E-35
   1.660000E+02  2.460000E+02  1.000000E-35  1.000000E-35
   1.660000E+02  2.580000E+02  1.000000E-35  1.000000E-35
   1.660000E+02  2.700000E+02  1.000000E-35  1.000000E-35
   1.660000E+02  2.820000E+02  1.000000E-35  1.000000E-35
   1.660000E+02  2.940000E+02  1.000000E-35  1.000000E-35
   1.660000E+02  3.060000E+02  1.000000E-35  1.000000E-35
   1.660000E+02  3.180000E+02  1.000000E-35  1.000000E-35
   1.660000E+02  3.300000E+02  1.000000E-35  1.000000E-35
   1.660000E+02  3.420000E+02  1.000000E-35  1.000000E-35
   1.660000E+02  3.540000E+02  1.000000E-35  1.000000E-35
    
   1.700000E+02  6.000001E+00  1.000000E-35  1.000000E-35
   1.700000E+02  1.800000E+01  1.000000E-35  1.000000E-35
   1.700000E+02  3.000000E+01  1.000000E-35  1.000000E-35
   1.700000E+02  4.200000E+01  1.000000E-35  1.000000E-35
   1.700000E+02  5.400001E+01  1.000000E-35  1.000000E-35
   1.700000E+02  6.600001E+01  1.000000E-35  1.000000E-35
   1.700000E+02  7.800001E+01  1.000000E-35  1.000000E-35
   1.700000E+02  9.000001E+01  1.000000E-35  1.000000E-35
   1.700000E+02  1.020000E+02  1.000000E-35  1.000000E-35
   1.700000E+02  1.140000E+02  1.585895E-07  4.757684E-07
   1.700000E+02  1.260000E+02  1.000000E-35  1.000000E-35
   1.700000E+02  1.380000E+02  1.000000E-35  1.000000E-35
   1.700000E+02  1.500000E+02  1.000000E-35  1.000000E-35
   1.700000E+02  1.620000E+02  1.000000E-35  1.000000E-35
   1.700000E+02  1.740000E+02  1.000000E-35  1.000000E-35
   1.700000E+02  1.860000E+02  1.000000E-35  1.000000E-35
   1.700000E+02  1.980000E+02  1.000000E-35  1.000000E-35
   1.700000E+02  2.100000E+02  1.000000E-35  1.000000E-35
   1.700000E+02  2.220000E+02  1.000000E-35  1.000000E-35
   1.700000E+02  2.340000E+02  1.000000E-35  1.000000E-35
   1.700000E+02  2.460000E+02  1.000000E-35  1.000000E-35
   1.700000E+02  2.580000E+02  1.000000E-35  1.000000E-35
   1.700000E+02  2.700000E+02  1.000000E-35  1.000000E-35
   1.700000E+02  2.820000E+02  1.000000E-35  1.000000E-35
   1.700000E+02  2.940000E+02  1.000000E-35  1.000000E-35
   1.700000E+02  3.060000E+02  1.000000E-35  1.000000E-35
   1.700000E+02  3.180000E+02  1.000000E-35  1.000000E-35
   1.700000E+02  3.300000E+02  1.000000E-35  1.000000E-35
   1.700000E+02  3.420000E+02  1.000000E-35  1.000000E-35
   1.700000E+02  3.540000E+02  1.000000E-35  1.000000E-35
    
   1.740000E+02  6.000001E+00  1.000000E-35  1.000000E-35
   1.740000E+02  1.800000E+01  1.000000E-35  1.000000E-35
   1.740000E+02  3.000000E+01  1.000000E-35  1.000000E-35
   1.740000E+02  4.200000E+01  1.000000E-35  1.000000E-35
   1.740000E+02  5.400001E+01  1.000000E-35  1.000000E-35
   1.740000E+02  6.600001E+01  1.000000E-35  1.000000E-35
   1.740000E+02  7.800001E+01  1.000000E-35  1.000000E-35
   1.740000E+02  9.000001E+01  1.000000E-35  1.000000E-35
   1.740000E+02  1.020000E+02  1.000000E-35  1.000000E-35
   1.740000E+02  1.140000E+02  1.000000E-35  1.000000E-35
   1.740000E+02  1.260000E+02  1.000000E-35  1.000000E-35
   1.740000E+02  1.380000E+02  1.000000E-35  1.000000E-35
   1.740000E+02  1.500000E+02  1.000000E-35  1.000000E-35
   1.740000E+02  1.620000E+02  1.000000E-35  1.000000E-35
   1.740000E+02  1.740000E+02  1.000000E-35  1.000000E-35
   1.740000E+02  1.860000E+02  1.000000E-35  1.000000E-35
   1.740000E+02  1.980000E+02  1.000000E-35  1.000000E-35
   1.740000E+02  2.100000E+02  1.000000E-35  1.000000E-35
   1.740000E+02  2.220000E+02  1.000000E-35  1.000000E-35
   1.740000E+02  2.340000E+02  1.000000E-35  1.000000E-35
   1.740000E+02  2.460000E+02  1.000000E-35  1.000000E-35
   1.740000E+02  2.580000E+02  1.000000E-35  1.000000E-35
   1.740000E+02  2.700000E+02  1.000000E-35  1.000000E-35
   1.740000E+02  2.820000E+02  1.000000E-35  1.000000E-35
   1.740000E+02  2.940000E+02  1.000000E-35  1.000000E-35
   1.740000E+02  3.060000E+02  1.000000E-35  1.000000E-35
   1.740000E+02  3.180000E+02  1.000000E-35  1.000000E-35
   1.740000E+02  3.300000E+02  1.000000E-35  1.000000E-35
   1.740000E+02  3.420000E+02  1.000000E-35  1.000000E-35
   1.740000E+02  3.540000E+02  1.000000E-35  1.000000E-35
    
   1.780000E+02  6.000001E+00  1.000000E-35  1.000000E-35
   1.780000E+02  1.800000E+01  1.000000E-35  1.000000E-35
   1.780000E+02  3.000000E+01  1.000000E-35  1.000000E-35
   1.780000E+02  4.200000E+01  1.000000E-35  1.000000E-35
   1.780000E+02  5.400001E+01  1.000000E-35  1.000000E-35
   1.780000E+02  6.600001E+01  1.000000E-35  1.000000E-35
   1.780000E+02  7.800001E+01  1.000000E-35  1.000000E-35
   1.780000E+02  9.000001E+01  1.000000E-35  1.000000E-35
   1.780000E+02  1.020000E+02  1.000000E-35  1.000000E-35
   1.780000E+02  1.140000E+02  1.000000E-35  1.000000E-35
   1.780000E+02  1.260000E+02  1.000000E-35  1.000000E-35
   1.780000E+02  1.380000E+02  1.000000E-35  1.000000E-35
   1.780000E+02  1.500000E+02  1.000000E-35  1.000000E-35
   1.780000E+02  1.620000E+02  1.000000E-35  1.000000E-35
   1.780000E+02  1.740000E+02  1.000000E-35  1.000000E-35
   1.780000E+02  1.860000E+02  1.000000E-35  1.000000E-35
   1.780000E+02  1.980000E+02  1.000000E-35  1.000000E-35
   1.780000E+02  2.100000E+02  1.000000E-35  1.000000E-35
   1.780000E+02  2.220000E+02  1.000000E-35  1.000000E-35
   1.780000E+02  2.340000E+02  1.000000E-35  1.000000E-35
   1.780000E+02  2.460000E+02  1.000000E-35  1.000000E-35
   1.780000E+02  2.580000E+02  1.000000E-35  1.000000E-35
   1.780000E+02  2.700000E+02  1.000000E-35  1.000000E-35
   1.780000E+02  2.820000E+02  1.000000E-35  1.000000E-35
   1.780000E+02  2.940000E+02  1.000000E-35  1.000000E-35
   1.780000E+02  3.060000E+02  1.000000E-35  1.000000E-35
   1.780000E+02  3.180000E+02  1.000000E-35  1.000000E-35
   1.780000E+02  3.300000E+02  1.000000E-35  1.000000E-35
   1.780000E+02  3.420000E+02  1.000000E-35  1.000000E-35
   1.780000E+02  3.540000E+02  1.000000E-35  1.000000E-35
    
