 #  Results from PENEPMA.
 #  Energy distribution of downbound electrons.
 #  1st column: E (eV).
 #  2nd and 3rd columns: probability density and STU (1/(eV*particle)).

   1.500000E+01  1.000000E-35  1.000000E-35
   4.500000E+01  1.000000E-35  1.000000E-35
   7.500001E+01  1.000000E-35  1.000000E-35
   1.050000E+02  1.000000E-35  1.000000E-35
   1.350000E+02  1.000000E-35  1.000000E-35
   1.650000E+02  1.000000E-35  1.000000E-35
   1.950000E+02  1.000000E-35  1.000000E-35
   2.250000E+02  1.000000E-35  1.000000E-35
   2.550000E+02  1.000000E-35  1.000000E-35
   2.850000E+02  1.000000E-35  1.000000E-35
   3.150000E+02  1.000000E-35  1.000000E-35
   3.450000E+02  1.000000E-35  1.000000E-35
   3.750000E+02  1.000000E-35  1.000000E-35
   4.050000E+02  1.000000E-35  1.000000E-35
   4.350000E+02  1.000000E-35  1.000000E-35
   4.650000E+02  1.000000E-35  1.000000E-35
   4.950000E+02  1.000000E-35  1.000000E-35
   5.250001E+02  1.000000E-35  1.000000E-35
   5.550001E+02  1.000000E-35  1.000000E-35
   5.850001E+02  1.000000E-35  1.000000E-35
   6.150001E+02  1.000000E-35  1.000000E-35
   6.450001E+02  1.000000E-35  1.000000E-35
   6.750001E+02  1.000000E-35  1.000000E-35
   7.050001E+02  1.000000E-35  1.000000E-35
   7.350001E+02  1.000000E-35  1.000000E-35
   7.650001E+02  1.000000E-35  1.000000E-35
   7.950001E+02  1.000000E-35  1.000000E-35
   8.250001E+02  1.000000E-35  1.000000E-35
   8.550001E+02  1.000000E-35  1.000000E-35
   8.850001E+02  1.000000E-35  1.000000E-35
   9.150001E+02  1.000000E-35  1.000000E-35
   9.450001E+02  1.000000E-35  1.000000E-35
   9.750001E+02  1.000000E-35  1.000000E-35
   1.005000E+03  1.000000E-35  1.000000E-35
   1.035000E+03  1.000000E-35  1.000000E-35
   1.065000E+03  1.000000E-35  1.000000E-35
   1.095000E+03  1.000000E-35  1.000000E-35
   1.125000E+03  1.000000E-35  1.000000E-35
   1.155000E+03  1.000000E-35  1.000000E-35
   1.185000E+03  1.000000E-35  1.000000E-35
   1.215000E+03  1.000000E-35  1.000000E-35
   1.245000E+03  1.000000E-35  1.000000E-35
   1.275000E+03  1.000000E-35  1.000000E-35
   1.305000E+03  1.000000E-35  1.000000E-35
   1.335000E+03  1.000000E-35  1.000000E-35
   1.365000E+03  1.000000E-35  1.000000E-35
   1.395000E+03  1.000000E-35  1.000000E-35
   1.425000E+03  1.000000E-35  1.000000E-35
   1.455000E+03  1.000000E-35  1.000000E-35
   1.485000E+03  1.000000E-35  1.000000E-35
   1.515000E+03  1.000000E-35  1.000000E-35
   1.545000E+03  1.000000E-35  1.000000E-35
   1.575000E+03  1.000000E-35  1.000000E-35
   1.605000E+03  1.000000E-35  1.000000E-35
   1.635000E+03  1.000000E-35  1.000000E-35
   1.665000E+03  1.000000E-35  1.000000E-35
   1.695000E+03  1.000000E-35  1.000000E-35
   1.725000E+03  1.000000E-35  1.000000E-35
   1.755000E+03  1.000000E-35  1.000000E-35
   1.785000E+03  1.000000E-35  1.000000E-35
   1.815000E+03  1.000000E-35  1.000000E-35
   1.845000E+03  1.000000E-35  1.000000E-35
   1.875000E+03  1.000000E-35  1.000000E-35
   1.905000E+03  1.000000E-35  1.000000E-35
   1.935000E+03  1.000000E-35  1.000000E-35
   1.965000E+03  1.000000E-35  1.000000E-35
   1.995000E+03  1.000000E-35  1.000000E-35
   2.025000E+03  1.000000E-35  1.000000E-35
   2.055000E+03  1.000000E-35  1.000000E-35
   2.085000E+03  1.000000E-35  1.000000E-35
   2.115000E+03  1.000000E-35  1.000000E-35
   2.145000E+03  1.000000E-35  1.000000E-35
   2.175000E+03  1.000000E-35  1.000000E-35
   2.205000E+03  1.000000E-35  1.000000E-35
   2.235000E+03  1.000000E-35  1.000000E-35
   2.265000E+03  1.000000E-35  1.000000E-35
   2.295000E+03  1.000000E-35  1.000000E-35
   2.325000E+03  1.000000E-35  1.000000E-35
   2.355000E+03  1.000000E-35  1.000000E-35
   2.385000E+03  1.000000E-35  1.000000E-35
   2.415000E+03  1.000000E-35  1.000000E-35
   2.445000E+03  1.000000E-35  1.000000E-35
   2.475000E+03  1.000000E-35  1.000000E-35
   2.505000E+03  1.000000E-35  1.000000E-35
   2.535000E+03  1.000000E-35  1.000000E-35
   2.565000E+03  1.000000E-35  1.000000E-35
   2.595000E+03  1.000000E-35  1.000000E-35
   2.625000E+03  1.000000E-35  1.000000E-35
   2.655000E+03  1.000000E-35  1.000000E-35
   2.685000E+03  1.000000E-35  1.000000E-35
   2.715000E+03  1.000000E-35  1.000000E-35
   2.745000E+03  1.000000E-35  1.000000E-35
   2.775000E+03  1.000000E-35  1.000000E-35
   2.805000E+03  1.000000E-35  1.000000E-35
   2.835000E+03  1.000000E-35  1.000000E-35
   2.865000E+03  1.000000E-35  1.000000E-35
   2.895000E+03  1.000000E-35  1.000000E-35
   2.925000E+03  1.000000E-35  1.000000E-35
   2.955000E+03  1.000000E-35  1.000000E-35
   2.985000E+03  1.000000E-35  1.000000E-35
   3.015000E+03  1.000000E-35  1.000000E-35
   3.045000E+03  1.000000E-35  1.000000E-35
   3.075000E+03  1.000000E-35  1.000000E-35
   3.105000E+03  1.000000E-35  1.000000E-35
   3.135000E+03  1.000000E-35  1.000000E-35
   3.165000E+03  1.000000E-35  1.000000E-35
   3.195000E+03  1.000000E-35  1.000000E-35
   3.225000E+03  1.000000E-35  1.000000E-35
   3.255000E+03  1.000000E-35  1.000000E-35
   3.285000E+03  1.000000E-35  1.000000E-35
   3.315000E+03  1.000000E-35  1.000000E-35
   3.345000E+03  1.000000E-35  1.000000E-35
   3.375000E+03  1.000000E-35  1.000000E-35
   3.405000E+03  1.000000E-35  1.000000E-35
   3.435000E+03  1.000000E-35  1.000000E-35
   3.465000E+03  1.000000E-35  1.000000E-35
   3.495000E+03  1.000000E-35  1.000000E-35
   3.525000E+03  1.000000E-35  1.000000E-35
   3.555000E+03  1.000000E-35  1.000000E-35
   3.585000E+03  1.000000E-35  1.000000E-35
   3.615000E+03  1.000000E-35  1.000000E-35
   3.645000E+03  1.000000E-35  1.000000E-35
   3.675000E+03  1.000000E-35  1.000000E-35
   3.705000E+03  1.000000E-35  1.000000E-35
   3.735000E+03  1.000000E-35  1.000000E-35
   3.765000E+03  1.000000E-35  1.000000E-35
   3.795000E+03  1.000000E-35  1.000000E-35
   3.825000E+03  1.000000E-35  1.000000E-35
   3.855000E+03  1.000000E-35  1.000000E-35
   3.885000E+03  1.000000E-35  1.000000E-35
   3.915000E+03  1.000000E-35  1.000000E-35
   3.945000E+03  1.000000E-35  1.000000E-35
   3.975000E+03  1.000000E-35  1.000000E-35
   4.005000E+03  1.000000E-35  1.000000E-35
   4.035000E+03  1.000000E-35  1.000000E-35
   4.065000E+03  1.000000E-35  1.000000E-35
   4.095000E+03  1.000000E-35  1.000000E-35
   4.125000E+03  1.000000E-35  1.000000E-35
   4.155000E+03  1.000000E-35  1.000000E-35
   4.185000E+03  1.000000E-35  1.000000E-35
   4.215000E+03  1.000000E-35  1.000000E-35
   4.245000E+03  1.000000E-35  1.000000E-35
   4.275000E+03  1.000000E-35  1.000000E-35
   4.305000E+03  1.000000E-35  1.000000E-35
   4.335000E+03  1.000000E-35  1.000000E-35
   4.365000E+03  1.000000E-35  1.000000E-35
   4.395000E+03  1.000000E-35  1.000000E-35
   4.425000E+03  1.000000E-35  1.000000E-35
   4.455000E+03  1.000000E-35  1.000000E-35
   4.485000E+03  1.000000E-35  1.000000E-35
   4.515000E+03  1.000000E-35  1.000000E-35
   4.545000E+03  1.000000E-35  1.000000E-35
   4.575000E+03  1.000000E-35  1.000000E-35
   4.605000E+03  1.000000E-35  1.000000E-35
   4.635000E+03  1.000000E-35  1.000000E-35
   4.665000E+03  1.000000E-35  1.000000E-35
   4.695000E+03  1.000000E-35  1.000000E-35
   4.725000E+03  1.000000E-35  1.000000E-35
   4.755000E+03  1.000000E-35  1.000000E-35
   4.785000E+03  1.000000E-35  1.000000E-35
   4.815000E+03  1.000000E-35  1.000000E-35
   4.845000E+03  1.000000E-35  1.000000E-35
   4.875000E+03  1.000000E-35  1.000000E-35
   4.905000E+03  1.000000E-35  1.000000E-35
   4.935000E+03  1.000000E-35  1.000000E-35
   4.965000E+03  1.000000E-35  1.000000E-35
   4.995000E+03  1.000000E-35  1.000000E-35
   5.025001E+03  1.000000E-35  1.000000E-35
   5.055001E+03  1.000000E-35  1.000000E-35
   5.085001E+03  1.000000E-35  1.000000E-35
   5.115001E+03  1.000000E-35  1.000000E-35
   5.145001E+03  1.000000E-35  1.000000E-35
   5.175001E+03  1.000000E-35  1.000000E-35
   5.205001E+03  1.000000E-35  1.000000E-35
   5.235001E+03  1.000000E-35  1.000000E-35
   5.265001E+03  1.000000E-35  1.000000E-35
   5.295001E+03  1.000000E-35  1.000000E-35
   5.325001E+03  1.000000E-35  1.000000E-35
   5.355001E+03  1.000000E-35  1.000000E-35
   5.385001E+03  1.000000E-35  1.000000E-35
   5.415001E+03  1.000000E-35  1.000000E-35
   5.445001E+03  1.000000E-35  1.000000E-35
   5.475001E+03  1.000000E-35  1.000000E-35
   5.505001E+03  1.000000E-35  1.000000E-35
   5.535001E+03  1.000000E-35  1.000000E-35
   5.565001E+03  1.000000E-35  1.000000E-35
   5.595001E+03  1.000000E-35  1.000000E-35
   5.625001E+03  1.000000E-35  1.000000E-35
   5.655001E+03  1.000000E-35  1.000000E-35
   5.685001E+03  1.000000E-35  1.000000E-35
   5.715001E+03  1.000000E-35  1.000000E-35
   5.745001E+03  1.000000E-35  1.000000E-35
   5.775001E+03  1.000000E-35  1.000000E-35
   5.805001E+03  1.000000E-35  1.000000E-35
   5.835001E+03  1.000000E-35  1.000000E-35
   5.865001E+03  1.000000E-35  1.000000E-35
   5.895001E+03  1.000000E-35  1.000000E-35
   5.925001E+03  1.000000E-35  1.000000E-35
   5.955001E+03  1.000000E-35  1.000000E-35
   5.985001E+03  1.000000E-35  1.000000E-35
   6.015001E+03  1.000000E-35  1.000000E-35
   6.045001E+03  1.000000E-35  1.000000E-35
   6.075001E+03  1.000000E-35  1.000000E-35
   6.105001E+03  1.000000E-35  1.000000E-35
   6.135001E+03  1.000000E-35  1.000000E-35
   6.165001E+03  1.000000E-35  1.000000E-35
   6.195001E+03  1.000000E-35  1.000000E-35
   6.225001E+03  1.000000E-35  1.000000E-35
   6.255001E+03  1.000000E-35  1.000000E-35
   6.285001E+03  1.000000E-35  1.000000E-35
   6.315001E+03  1.000000E-35  1.000000E-35
   6.345001E+03  1.000000E-35  1.000000E-35
   6.375001E+03  1.000000E-35  1.000000E-35
   6.405001E+03  1.000000E-35  1.000000E-35
   6.435001E+03  1.000000E-35  1.000000E-35
   6.465001E+03  1.000000E-35  1.000000E-35
   6.495001E+03  1.000000E-35  1.000000E-35
   6.525001E+03  1.000000E-35  1.000000E-35
   6.555001E+03  1.000000E-35  1.000000E-35
   6.585001E+03  1.000000E-35  1.000000E-35
   6.615001E+03  1.000000E-35  1.000000E-35
   6.645001E+03  1.000000E-35  1.000000E-35
   6.675001E+03  1.000000E-35  1.000000E-35
   6.705001E+03  1.000000E-35  1.000000E-35
   6.735001E+03  1.000000E-35  1.000000E-35
   6.765001E+03  1.000000E-35  1.000000E-35
   6.795001E+03  1.000000E-35  1.000000E-35
   6.825001E+03  1.000000E-35  1.000000E-35
   6.855001E+03  1.000000E-35  1.000000E-35
   6.885001E+03  1.000000E-35  1.000000E-35
   6.915001E+03  1.000000E-35  1.000000E-35
   6.945001E+03  1.000000E-35  1.000000E-35
   6.975001E+03  1.000000E-35  1.000000E-35
   7.005001E+03  1.000000E-35  1.000000E-35
   7.035001E+03  1.000000E-35  1.000000E-35
   7.065001E+03  1.000000E-35  1.000000E-35
   7.095001E+03  1.000000E-35  1.000000E-35
   7.125001E+03  1.000000E-35  1.000000E-35
   7.155001E+03  1.000000E-35  1.000000E-35
   7.185001E+03  1.000000E-35  1.000000E-35
   7.215001E+03  1.000000E-35  1.000000E-35
   7.245001E+03  1.000000E-35  1.000000E-35
   7.275001E+03  1.000000E-35  1.000000E-35
   7.305001E+03  1.000000E-35  1.000000E-35
   7.335001E+03  1.000000E-35  1.000000E-35
   7.365001E+03  1.000000E-35  1.000000E-35
   7.395001E+03  1.000000E-35  1.000000E-35
   7.425001E+03  1.000000E-35  1.000000E-35
   7.455001E+03  1.000000E-35  1.000000E-35
   7.485001E+03  1.000000E-35  1.000000E-35
   7.515001E+03  1.000000E-35  1.000000E-35
   7.545001E+03  1.000000E-35  1.000000E-35
   7.575001E+03  1.000000E-35  1.000000E-35
   7.605001E+03  1.000000E-35  1.000000E-35
   7.635001E+03  1.000000E-35  1.000000E-35
   7.665001E+03  1.000000E-35  1.000000E-35
   7.695001E+03  1.000000E-35  1.000000E-35
   7.725001E+03  1.000000E-35  1.000000E-35
   7.755001E+03  1.000000E-35  1.000000E-35
   7.785001E+03  1.000000E-35  1.000000E-35
   7.815001E+03  1.000000E-35  1.000000E-35
   7.845001E+03  1.000000E-35  1.000000E-35
   7.875001E+03  1.000000E-35  1.000000E-35
   7.905001E+03  1.000000E-35  1.000000E-35
   7.935001E+03  1.000000E-35  1.000000E-35
   7.965001E+03  1.000000E-35  1.000000E-35
   7.995001E+03  1.000000E-35  1.000000E-35
   8.025001E+03  1.000000E-35  1.000000E-35
   8.055001E+03  1.000000E-35  1.000000E-35
   8.085001E+03  1.000000E-35  1.000000E-35
   8.115001E+03  1.000000E-35  1.000000E-35
   8.145001E+03  1.000000E-35  1.000000E-35
   8.175001E+03  1.000000E-35  1.000000E-35
   8.205001E+03  1.000000E-35  1.000000E-35
   8.235001E+03  1.000000E-35  1.000000E-35
   8.265001E+03  1.000000E-35  1.000000E-35
   8.295001E+03  1.000000E-35  1.000000E-35
   8.325001E+03  1.000000E-35  1.000000E-35
   8.355001E+03  1.000000E-35  1.000000E-35
   8.385001E+03  1.000000E-35  1.000000E-35
   8.415001E+03  1.000000E-35  1.000000E-35
   8.445001E+03  1.000000E-35  1.000000E-35
   8.475001E+03  1.000000E-35  1.000000E-35
   8.505001E+03  1.000000E-35  1.000000E-35
   8.535001E+03  1.000000E-35  1.000000E-35
   8.565001E+03  1.000000E-35  1.000000E-35
   8.595001E+03  1.000000E-35  1.000000E-35
   8.625001E+03  1.000000E-35  1.000000E-35
   8.655001E+03  1.000000E-35  1.000000E-35
   8.685001E+03  1.000000E-35  1.000000E-35
   8.715001E+03  1.000000E-35  1.000000E-35
   8.745001E+03  1.000000E-35  1.000000E-35
   8.775001E+03  1.000000E-35  1.000000E-35
   8.805001E+03  1.000000E-35  1.000000E-35
   8.835001E+03  1.000000E-35  1.000000E-35
   8.865001E+03  1.000000E-35  1.000000E-35
   8.895001E+03  1.000000E-35  1.000000E-35
   8.925001E+03  1.000000E-35  1.000000E-35
   8.955001E+03  1.000000E-35  1.000000E-35
   8.985001E+03  1.000000E-35  1.000000E-35
   9.015001E+03  1.000000E-35  1.000000E-35
   9.045001E+03  1.000000E-35  1.000000E-35
   9.075001E+03  1.000000E-35  1.000000E-35
   9.105001E+03  1.000000E-35  1.000000E-35
   9.135001E+03  1.000000E-35  1.000000E-35
   9.165001E+03  1.000000E-35  1.000000E-35
   9.195001E+03  1.000000E-35  1.000000E-35
   9.225001E+03  1.000000E-35  1.000000E-35
   9.255001E+03  1.000000E-35  1.000000E-35
   9.285001E+03  1.000000E-35  1.000000E-35
   9.315001E+03  1.000000E-35  1.000000E-35
   9.345001E+03  1.000000E-35  1.000000E-35
   9.375001E+03  1.000000E-35  1.000000E-35
   9.405001E+03  1.000000E-35  1.000000E-35
   9.435001E+03  1.000000E-35  1.000000E-35
   9.465001E+03  1.000000E-35  1.000000E-35
   9.495001E+03  1.000000E-35  1.000000E-35
   9.525001E+03  1.000000E-35  1.000000E-35
   9.555001E+03  1.000000E-35  1.000000E-35
   9.585001E+03  1.000000E-35  1.000000E-35
   9.615001E+03  1.000000E-35  1.000000E-35
   9.645001E+03  1.000000E-35  1.000000E-35
   9.675001E+03  1.000000E-35  1.000000E-35
   9.705001E+03  1.000000E-35  1.000000E-35
   9.735001E+03  1.000000E-35  1.000000E-35
   9.765001E+03  1.000000E-35  1.000000E-35
   9.795001E+03  1.000000E-35  1.000000E-35
   9.825001E+03  1.000000E-35  1.000000E-35
   9.855001E+03  1.000000E-35  1.000000E-35
   9.885001E+03  1.000000E-35  1.000000E-35
   9.915001E+03  1.000000E-35  1.000000E-35
   9.945001E+03  1.000000E-35  1.000000E-35
   9.975001E+03  1.000000E-35  1.000000E-35
   1.000500E+04  1.000000E-35  1.000000E-35
   1.003500E+04  1.000000E-35  1.000000E-35
   1.006500E+04  1.000000E-35  1.000000E-35
   1.009500E+04  1.000000E-35  1.000000E-35
   1.012500E+04  1.000000E-35  1.000000E-35
   1.015500E+04  1.000000E-35  1.000000E-35
   1.018500E+04  1.000000E-35  1.000000E-35
   1.021500E+04  1.000000E-35  1.000000E-35
   1.024500E+04  1.000000E-35  1.000000E-35
   1.027500E+04  1.000000E-35  1.000000E-35
   1.030500E+04  1.000000E-35  1.000000E-35
   1.033500E+04  1.000000E-35  1.000000E-35
   1.036500E+04  1.000000E-35  1.000000E-35
   1.039500E+04  1.000000E-35  1.000000E-35
   1.042500E+04  1.000000E-35  1.000000E-35
   1.045500E+04  1.000000E-35  1.000000E-35
   1.048500E+04  1.000000E-35  1.000000E-35
   1.051500E+04  1.000000E-35  1.000000E-35
   1.054500E+04  1.000000E-35  1.000000E-35
   1.057500E+04  1.000000E-35  1.000000E-35
   1.060500E+04  1.000000E-35  1.000000E-35
   1.063500E+04  1.000000E-35  1.000000E-35
   1.066500E+04  1.000000E-35  1.000000E-35
   1.069500E+04  1.000000E-35  1.000000E-35
   1.072500E+04  1.000000E-35  1.000000E-35
   1.075500E+04  1.000000E-35  1.000000E-35
   1.078500E+04  1.000000E-35  1.000000E-35
   1.081500E+04  1.000000E-35  1.000000E-35
   1.084500E+04  1.000000E-35  1.000000E-35
   1.087500E+04  1.000000E-35  1.000000E-35
   1.090500E+04  1.000000E-35  1.000000E-35
   1.093500E+04  1.000000E-35  1.000000E-35
   1.096500E+04  1.000000E-35  1.000000E-35
   1.099500E+04  1.000000E-35  1.000000E-35
   1.102500E+04  1.000000E-35  1.000000E-35
   1.105500E+04  1.000000E-35  1.000000E-35
   1.108500E+04  1.000000E-35  1.000000E-35
   1.111500E+04  1.000000E-35  1.000000E-35
   1.114500E+04  1.000000E-35  1.000000E-35
   1.117500E+04  1.000000E-35  1.000000E-35
   1.120500E+04  1.000000E-35  1.000000E-35
   1.123500E+04  1.000000E-35  1.000000E-35
   1.126500E+04  1.000000E-35  1.000000E-35
   1.129500E+04  1.000000E-35  1.000000E-35
   1.132500E+04  1.000000E-35  1.000000E-35
   1.135500E+04  1.000000E-35  1.000000E-35
   1.138500E+04  1.000000E-35  1.000000E-35
   1.141500E+04  1.000000E-35  1.000000E-35
   1.144500E+04  1.000000E-35  1.000000E-35
   1.147500E+04  1.000000E-35  1.000000E-35
   1.150500E+04  1.000000E-35  1.000000E-35
   1.153500E+04  1.000000E-35  1.000000E-35
   1.156500E+04  1.000000E-35  1.000000E-35
   1.159500E+04  1.000000E-35  1.000000E-35
   1.162500E+04  1.000000E-35  1.000000E-35
   1.165500E+04  1.000000E-35  1.000000E-35
   1.168500E+04  1.000000E-35  1.000000E-35
   1.171500E+04  1.000000E-35  1.000000E-35
   1.174500E+04  1.000000E-35  1.000000E-35
   1.177500E+04  1.000000E-35  1.000000E-35
   1.180500E+04  1.000000E-35  1.000000E-35
   1.183500E+04  1.000000E-35  1.000000E-35
   1.186500E+04  1.000000E-35  1.000000E-35
   1.189500E+04  1.000000E-35  1.000000E-35
   1.192500E+04  1.000000E-35  1.000000E-35
   1.195500E+04  1.000000E-35  1.000000E-35
   1.198500E+04  1.000000E-35  1.000000E-35
   1.201500E+04  1.000000E-35  1.000000E-35
   1.204500E+04  1.000000E-35  1.000000E-35
   1.207500E+04  1.000000E-35  1.000000E-35
   1.210500E+04  1.000000E-35  1.000000E-35
   1.213500E+04  1.000000E-35  1.000000E-35
   1.216500E+04  1.000000E-35  1.000000E-35
   1.219500E+04  1.000000E-35  1.000000E-35
   1.222500E+04  1.000000E-35  1.000000E-35
   1.225500E+04  1.000000E-35  1.000000E-35
   1.228500E+04  1.000000E-35  1.000000E-35
   1.231500E+04  1.000000E-35  1.000000E-35
   1.234500E+04  1.000000E-35  1.000000E-35
   1.237500E+04  1.000000E-35  1.000000E-35
   1.240500E+04  1.000000E-35  1.000000E-35
   1.243500E+04  1.000000E-35  1.000000E-35
   1.246500E+04  1.000000E-35  1.000000E-35
   1.249500E+04  1.000000E-35  1.000000E-35
   1.252500E+04  1.000000E-35  1.000000E-35
   1.255500E+04  1.000000E-35  1.000000E-35
   1.258500E+04  1.000000E-35  1.000000E-35
   1.261500E+04  1.000000E-35  1.000000E-35
   1.264500E+04  1.000000E-35  1.000000E-35
   1.267500E+04  1.000000E-35  1.000000E-35
   1.270500E+04  1.000000E-35  1.000000E-35
   1.273500E+04  1.000000E-35  1.000000E-35
   1.276500E+04  1.000000E-35  1.000000E-35
   1.279500E+04  1.000000E-35  1.000000E-35
   1.282500E+04  1.000000E-35  1.000000E-35
   1.285500E+04  1.000000E-35  1.000000E-35
   1.288500E+04  1.000000E-35  1.000000E-35
   1.291500E+04  1.000000E-35  1.000000E-35
   1.294500E+04  1.000000E-35  1.000000E-35
   1.297500E+04  1.000000E-35  1.000000E-35
   1.300500E+04  1.000000E-35  1.000000E-35
   1.303500E+04  1.000000E-35  1.000000E-35
   1.306500E+04  1.000000E-35  1.000000E-35
   1.309500E+04  1.000000E-35  1.000000E-35
   1.312500E+04  1.000000E-35  1.000000E-35
   1.315500E+04  1.000000E-35  1.000000E-35
   1.318500E+04  1.000000E-35  1.000000E-35
   1.321500E+04  1.000000E-35  1.000000E-35
   1.324500E+04  1.000000E-35  1.000000E-35
   1.327500E+04  1.000000E-35  1.000000E-35
   1.330500E+04  1.000000E-35  1.000000E-35
   1.333500E+04  1.000000E-35  1.000000E-35
   1.336500E+04  1.000000E-35  1.000000E-35
   1.339500E+04  1.000000E-35  1.000000E-35
   1.342500E+04  1.000000E-35  1.000000E-35
   1.345500E+04  1.000000E-35  1.000000E-35
   1.348500E+04  1.000000E-35  1.000000E-35
   1.351500E+04  1.000000E-35  1.000000E-35
   1.354500E+04  1.000000E-35  1.000000E-35
   1.357500E+04  1.000000E-35  1.000000E-35
   1.360500E+04  1.000000E-35  1.000000E-35
   1.363500E+04  1.000000E-35  1.000000E-35
   1.366500E+04  1.000000E-35  1.000000E-35
   1.369500E+04  1.000000E-35  1.000000E-35
   1.372500E+04  1.000000E-35  1.000000E-35
   1.375500E+04  1.000000E-35  1.000000E-35
   1.378500E+04  1.000000E-35  1.000000E-35
   1.381500E+04  1.000000E-35  1.000000E-35
   1.384500E+04  1.000000E-35  1.000000E-35
   1.387500E+04  1.000000E-35  1.000000E-35
   1.390500E+04  1.000000E-35  1.000000E-35
   1.393500E+04  1.000000E-35  1.000000E-35
   1.396500E+04  1.000000E-35  1.000000E-35
   1.399500E+04  1.000000E-35  1.000000E-35
   1.402500E+04  1.000000E-35  1.000000E-35
   1.405500E+04  1.000000E-35  1.000000E-35
   1.408500E+04  1.000000E-35  1.000000E-35
   1.411500E+04  1.000000E-35  1.000000E-35
   1.414500E+04  1.000000E-35  1.000000E-35
   1.417500E+04  1.000000E-35  1.000000E-35
   1.420500E+04  1.000000E-35  1.000000E-35
   1.423500E+04  1.000000E-35  1.000000E-35
   1.426500E+04  1.000000E-35  1.000000E-35
   1.429500E+04  1.000000E-35  1.000000E-35
   1.432500E+04  1.000000E-35  1.000000E-35
   1.435500E+04  1.000000E-35  1.000000E-35
   1.438500E+04  1.000000E-35  1.000000E-35
   1.441500E+04  1.000000E-35  1.000000E-35
   1.444500E+04  1.000000E-35  1.000000E-35
   1.447500E+04  1.000000E-35  1.000000E-35
   1.450500E+04  1.000000E-35  1.000000E-35
   1.453500E+04  1.000000E-35  1.000000E-35
   1.456500E+04  1.000000E-35  1.000000E-35
   1.459500E+04  1.000000E-35  1.000000E-35
   1.462500E+04  1.000000E-35  1.000000E-35
   1.465500E+04  1.000000E-35  1.000000E-35
   1.468500E+04  1.000000E-35  1.000000E-35
   1.471500E+04  1.000000E-35  1.000000E-35
   1.474500E+04  1.000000E-35  1.000000E-35
   1.477500E+04  1.000000E-35  1.000000E-35
   1.480500E+04  1.000000E-35  1.000000E-35
   1.483500E+04  1.000000E-35  1.000000E-35
   1.486500E+04  1.000000E-35  1.000000E-35
   1.489500E+04  1.000000E-35  1.000000E-35
   1.492500E+04  1.000000E-35  1.000000E-35
   1.495500E+04  1.000000E-35  1.000000E-35
   1.498500E+04  1.000000E-35  1.000000E-35
   1.501500E+04  1.000000E-35  1.000000E-35
   1.504500E+04  1.000000E-35  1.000000E-35
   1.507500E+04  1.000000E-35  1.000000E-35
   1.510500E+04  1.000000E-35  1.000000E-35
   1.513500E+04  1.000000E-35  1.000000E-35
   1.516500E+04  1.000000E-35  1.000000E-35
   1.519500E+04  1.000000E-35  1.000000E-35
   1.522500E+04  1.000000E-35  1.000000E-35
   1.525500E+04  1.000000E-35  1.000000E-35
   1.528500E+04  1.000000E-35  1.000000E-35
   1.531500E+04  1.000000E-35  1.000000E-35
   1.534500E+04  1.000000E-35  1.000000E-35
   1.537500E+04  1.000000E-35  1.000000E-35
   1.540500E+04  1.000000E-35  1.000000E-35
   1.543500E+04  1.000000E-35  1.000000E-35
   1.546500E+04  1.000000E-35  1.000000E-35
   1.549500E+04  1.000000E-35  1.000000E-35
   1.552500E+04  1.000000E-35  1.000000E-35
   1.555500E+04  1.000000E-35  1.000000E-35
   1.558500E+04  1.000000E-35  1.000000E-35
   1.561500E+04  1.000000E-35  1.000000E-35
   1.564500E+04  1.000000E-35  1.000000E-35
   1.567500E+04  1.000000E-35  1.000000E-35
   1.570500E+04  1.000000E-35  1.000000E-35
   1.573500E+04  1.000000E-35  1.000000E-35
   1.576500E+04  1.000000E-35  1.000000E-35
   1.579500E+04  1.000000E-35  1.000000E-35
   1.582500E+04  1.000000E-35  1.000000E-35
   1.585500E+04  1.000000E-35  1.000000E-35
   1.588500E+04  1.000000E-35  1.000000E-35
   1.591500E+04  1.000000E-35  1.000000E-35
   1.594500E+04  1.000000E-35  1.000000E-35
   1.597500E+04  1.000000E-35  1.000000E-35
   1.600500E+04  1.000000E-35  1.000000E-35
   1.603500E+04  1.000000E-35  1.000000E-35
   1.606500E+04  1.000000E-35  1.000000E-35
   1.609500E+04  1.000000E-35  1.000000E-35
   1.612500E+04  1.000000E-35  1.000000E-35
   1.615500E+04  1.000000E-35  1.000000E-35
   1.618500E+04  1.000000E-35  1.000000E-35
   1.621500E+04  1.000000E-35  1.000000E-35
   1.624500E+04  1.000000E-35  1.000000E-35
   1.627500E+04  1.000000E-35  1.000000E-35
   1.630500E+04  1.000000E-35  1.000000E-35
   1.633500E+04  1.000000E-35  1.000000E-35
   1.636500E+04  1.000000E-35  1.000000E-35
   1.639500E+04  1.000000E-35  1.000000E-35
   1.642500E+04  1.000000E-35  1.000000E-35
   1.645500E+04  1.000000E-35  1.000000E-35
   1.648500E+04  1.000000E-35  1.000000E-35
   1.651500E+04  1.000000E-35  1.000000E-35
   1.654500E+04  1.000000E-35  1.000000E-35
   1.657500E+04  1.000000E-35  1.000000E-35
   1.660500E+04  1.000000E-35  1.000000E-35
   1.663500E+04  1.000000E-35  1.000000E-35
   1.666500E+04  1.000000E-35  1.000000E-35
   1.669500E+04  1.000000E-35  1.000000E-35
   1.672500E+04  1.000000E-35  1.000000E-35
   1.675500E+04  1.000000E-35  1.000000E-35
   1.678500E+04  1.000000E-35  1.000000E-35
   1.681500E+04  1.000000E-35  1.000000E-35
   1.684500E+04  1.000000E-35  1.000000E-35
   1.687500E+04  1.000000E-35  1.000000E-35
   1.690500E+04  1.000000E-35  1.000000E-35
   1.693500E+04  1.000000E-35  1.000000E-35
   1.696500E+04  1.000000E-35  1.000000E-35
   1.699500E+04  1.000000E-35  1.000000E-35
   1.702500E+04  1.000000E-35  1.000000E-35
   1.705500E+04  1.000000E-35  1.000000E-35
   1.708500E+04  1.000000E-35  1.000000E-35
   1.711500E+04  1.000000E-35  1.000000E-35
   1.714500E+04  1.000000E-35  1.000000E-35
   1.717500E+04  1.000000E-35  1.000000E-35
   1.720500E+04  1.000000E-35  1.000000E-35
   1.723500E+04  1.000000E-35  1.000000E-35
   1.726500E+04  1.000000E-35  1.000000E-35
   1.729500E+04  1.000000E-35  1.000000E-35
   1.732500E+04  1.000000E-35  1.000000E-35
   1.735500E+04  1.000000E-35  1.000000E-35
   1.738500E+04  1.000000E-35  1.000000E-35
   1.741500E+04  1.000000E-35  1.000000E-35
   1.744500E+04  1.000000E-35  1.000000E-35
   1.747500E+04  1.000000E-35  1.000000E-35
   1.750500E+04  1.000000E-35  1.000000E-35
   1.753500E+04  1.000000E-35  1.000000E-35
   1.756500E+04  1.000000E-35  1.000000E-35
   1.759500E+04  1.000000E-35  1.000000E-35
   1.762500E+04  1.000000E-35  1.000000E-35
   1.765500E+04  1.000000E-35  1.000000E-35
   1.768500E+04  1.000000E-35  1.000000E-35
   1.771500E+04  1.000000E-35  1.000000E-35
   1.774500E+04  1.000000E-35  1.000000E-35
   1.777500E+04  1.000000E-35  1.000000E-35
   1.780500E+04  1.000000E-35  1.000000E-35
   1.783500E+04  1.000000E-35  1.000000E-35
   1.786500E+04  1.000000E-35  1.000000E-35
   1.789500E+04  1.000000E-35  1.000000E-35
   1.792500E+04  1.000000E-35  1.000000E-35
   1.795500E+04  1.000000E-35  1.000000E-35
   1.798500E+04  1.000000E-35  1.000000E-35
   1.801500E+04  1.000000E-35  1.000000E-35
   1.804500E+04  1.000000E-35  1.000000E-35
   1.807500E+04  1.000000E-35  1.000000E-35
   1.810500E+04  1.000000E-35  1.000000E-35
   1.813500E+04  1.000000E-35  1.000000E-35
   1.816500E+04  1.000000E-35  1.000000E-35
   1.819500E+04  1.000000E-35  1.000000E-35
   1.822500E+04  1.000000E-35  1.000000E-35
   1.825500E+04  1.000000E-35  1.000000E-35
   1.828500E+04  1.000000E-35  1.000000E-35
   1.831500E+04  1.000000E-35  1.000000E-35
   1.834500E+04  1.000000E-35  1.000000E-35
   1.837500E+04  1.000000E-35  1.000000E-35
   1.840500E+04  1.000000E-35  1.000000E-35
   1.843500E+04  1.000000E-35  1.000000E-35
   1.846500E+04  1.000000E-35  1.000000E-35
   1.849500E+04  1.000000E-35  1.000000E-35
   1.852500E+04  1.000000E-35  1.000000E-35
   1.855500E+04  1.000000E-35  1.000000E-35
   1.858500E+04  1.000000E-35  1.000000E-35
   1.861500E+04  1.000000E-35  1.000000E-35
   1.864500E+04  1.000000E-35  1.000000E-35
   1.867500E+04  1.000000E-35  1.000000E-35
   1.870500E+04  1.000000E-35  1.000000E-35
   1.873500E+04  1.000000E-35  1.000000E-35
   1.876500E+04  1.000000E-35  1.000000E-35
   1.879500E+04  1.000000E-35  1.000000E-35
   1.882500E+04  1.000000E-35  1.000000E-35
   1.885500E+04  1.000000E-35  1.000000E-35
   1.888500E+04  1.000000E-35  1.000000E-35
   1.891500E+04  1.000000E-35  1.000000E-35
   1.894500E+04  1.000000E-35  1.000000E-35
   1.897500E+04  1.000000E-35  1.000000E-35
   1.900500E+04  1.000000E-35  1.000000E-35
   1.903500E+04  1.000000E-35  1.000000E-35
   1.906500E+04  1.000000E-35  1.000000E-35
   1.909500E+04  1.000000E-35  1.000000E-35
   1.912500E+04  1.000000E-35  1.000000E-35
   1.915500E+04  1.000000E-35  1.000000E-35
   1.918500E+04  1.000000E-35  1.000000E-35
   1.921500E+04  1.000000E-35  1.000000E-35
   1.924500E+04  1.000000E-35  1.000000E-35
   1.927500E+04  1.000000E-35  1.000000E-35
   1.930500E+04  1.000000E-35  1.000000E-35
   1.933500E+04  1.000000E-35  1.000000E-35
   1.936500E+04  1.000000E-35  1.000000E-35
   1.939500E+04  1.000000E-35  1.000000E-35
   1.942500E+04  1.000000E-35  1.000000E-35
   1.945500E+04  1.000000E-35  1.000000E-35
   1.948500E+04  1.000000E-35  1.000000E-35
   1.951500E+04  1.000000E-35  1.000000E-35
   1.954500E+04  1.000000E-35  1.000000E-35
   1.957500E+04  1.000000E-35  1.000000E-35
   1.960500E+04  1.000000E-35  1.000000E-35
   1.963500E+04  1.000000E-35  1.000000E-35
   1.966500E+04  1.000000E-35  1.000000E-35
   1.969500E+04  1.000000E-35  1.000000E-35
   1.972500E+04  1.000000E-35  1.000000E-35
   1.975500E+04  1.000000E-35  1.000000E-35
   1.978500E+04  1.000000E-35  1.000000E-35
   1.981500E+04  1.000000E-35  1.000000E-35
   1.984500E+04  1.000000E-35  1.000000E-35
   1.987500E+04  1.000000E-35  1.000000E-35
   1.990500E+04  1.000000E-35  1.000000E-35
   1.993500E+04  1.000000E-35  1.000000E-35
   1.996500E+04  1.000000E-35  1.000000E-35
   1.999500E+04  1.000000E-35  1.000000E-35
   2.002500E+04  1.000000E-35  1.000000E-35
   2.005500E+04  1.000000E-35  1.000000E-35
   2.008500E+04  1.000000E-35  1.000000E-35
   2.011500E+04  1.000000E-35  1.000000E-35
   2.014500E+04  1.000000E-35  1.000000E-35
   2.017500E+04  1.000000E-35  1.000000E-35
   2.020500E+04  1.000000E-35  1.000000E-35
   2.023500E+04  1.000000E-35  1.000000E-35
   2.026500E+04  1.000000E-35  1.000000E-35
   2.029500E+04  1.000000E-35  1.000000E-35
   2.032500E+04  1.000000E-35  1.000000E-35
   2.035500E+04  1.000000E-35  1.000000E-35
   2.038500E+04  1.000000E-35  1.000000E-35
   2.041500E+04  1.000000E-35  1.000000E-35
   2.044500E+04  1.000000E-35  1.000000E-35
   2.047500E+04  1.000000E-35  1.000000E-35
   2.050500E+04  1.000000E-35  1.000000E-35
   2.053500E+04  1.000000E-35  1.000000E-35
   2.056500E+04  1.000000E-35  1.000000E-35
   2.059500E+04  1.000000E-35  1.000000E-35
   2.062500E+04  1.000000E-35  1.000000E-35
   2.065500E+04  1.000000E-35  1.000000E-35
   2.068500E+04  1.000000E-35  1.000000E-35
   2.071500E+04  1.000000E-35  1.000000E-35
   2.074500E+04  1.000000E-35  1.000000E-35
   2.077500E+04  1.000000E-35  1.000000E-35
   2.080500E+04  1.000000E-35  1.000000E-35
   2.083500E+04  1.000000E-35  1.000000E-35
   2.086500E+04  1.000000E-35  1.000000E-35
   2.089500E+04  1.000000E-35  1.000000E-35
   2.092500E+04  1.000000E-35  1.000000E-35
   2.095500E+04  1.000000E-35  1.000000E-35
   2.098500E+04  1.000000E-35  1.000000E-35
   2.101500E+04  1.000000E-35  1.000000E-35
   2.104500E+04  1.000000E-35  1.000000E-35
   2.107500E+04  1.000000E-35  1.000000E-35
   2.110500E+04  1.000000E-35  1.000000E-35
   2.113500E+04  1.000000E-35  1.000000E-35
   2.116500E+04  1.000000E-35  1.000000E-35
   2.119500E+04  1.000000E-35  1.000000E-35
   2.122500E+04  1.000000E-35  1.000000E-35
   2.125500E+04  1.000000E-35  1.000000E-35
   2.128500E+04  1.000000E-35  1.000000E-35
   2.131500E+04  1.000000E-35  1.000000E-35
   2.134500E+04  1.000000E-35  1.000000E-35
   2.137500E+04  1.000000E-35  1.000000E-35
   2.140500E+04  1.000000E-35  1.000000E-35
   2.143500E+04  1.000000E-35  1.000000E-35
   2.146500E+04  1.000000E-35  1.000000E-35
   2.149500E+04  1.000000E-35  1.000000E-35
   2.152500E+04  1.000000E-35  1.000000E-35
   2.155500E+04  1.000000E-35  1.000000E-35
   2.158500E+04  1.000000E-35  1.000000E-35
   2.161500E+04  1.000000E-35  1.000000E-35
   2.164500E+04  1.000000E-35  1.000000E-35
   2.167500E+04  1.000000E-35  1.000000E-35
   2.170500E+04  1.000000E-35  1.000000E-35
   2.173500E+04  1.000000E-35  1.000000E-35
   2.176500E+04  1.000000E-35  1.000000E-35
   2.179500E+04  1.000000E-35  1.000000E-35
   2.182500E+04  1.000000E-35  1.000000E-35
   2.185500E+04  1.000000E-35  1.000000E-35
   2.188500E+04  1.000000E-35  1.000000E-35
   2.191500E+04  1.000000E-35  1.000000E-35
   2.194500E+04  1.000000E-35  1.000000E-35
   2.197500E+04  1.000000E-35  1.000000E-35
   2.200500E+04  1.000000E-35  1.000000E-35
   2.203500E+04  1.000000E-35  1.000000E-35
   2.206500E+04  1.000000E-35  1.000000E-35
   2.209500E+04  1.000000E-35  1.000000E-35
   2.212500E+04  1.000000E-35  1.000000E-35
   2.215500E+04  1.000000E-35  1.000000E-35
   2.218500E+04  1.000000E-35  1.000000E-35
   2.221500E+04  1.000000E-35  1.000000E-35
   2.224500E+04  1.000000E-35  1.000000E-35
   2.227500E+04  1.000000E-35  1.000000E-35
   2.230500E+04  1.000000E-35  1.000000E-35
   2.233500E+04  1.000000E-35  1.000000E-35
   2.236500E+04  1.000000E-35  1.000000E-35
   2.239500E+04  1.000000E-35  1.000000E-35
   2.242500E+04  1.000000E-35  1.000000E-35
   2.245500E+04  1.000000E-35  1.000000E-35
   2.248500E+04  1.000000E-35  1.000000E-35
   2.251500E+04  1.000000E-35  1.000000E-35
   2.254500E+04  1.000000E-35  1.000000E-35
   2.257500E+04  1.000000E-35  1.000000E-35
   2.260500E+04  1.000000E-35  1.000000E-35
   2.263500E+04  1.000000E-35  1.000000E-35
   2.266500E+04  1.000000E-35  1.000000E-35
   2.269500E+04  1.000000E-35  1.000000E-35
   2.272500E+04  1.341932E-11  4.025795E-11
   2.275500E+04  1.000000E-35  1.000000E-35
   2.278500E+04  1.000000E-35  1.000000E-35
   2.281500E+04  1.000000E-35  1.000000E-35
   2.284500E+04  1.000000E-35  1.000000E-35
   2.287500E+04  1.000000E-35  1.000000E-35
   2.290500E+04  1.000000E-35  1.000000E-35
   2.293500E+04  1.000000E-35  1.000000E-35
   2.296500E+04  1.000000E-35  1.000000E-35
   2.299500E+04  1.000000E-35  1.000000E-35
   2.302500E+04  1.000000E-35  1.000000E-35
   2.305500E+04  1.000000E-35  1.000000E-35
   2.308500E+04  1.000000E-35  1.000000E-35
   2.311500E+04  1.000000E-35  1.000000E-35
   2.314500E+04  1.000000E-35  1.000000E-35
   2.317500E+04  1.000000E-35  1.000000E-35
   2.320500E+04  1.000000E-35  1.000000E-35
   2.323500E+04  1.000000E-35  1.000000E-35
   2.326500E+04  1.000000E-35  1.000000E-35
   2.329500E+04  1.000000E-35  1.000000E-35
   2.332500E+04  1.000000E-35  1.000000E-35
   2.335500E+04  1.000000E-35  1.000000E-35
   2.338500E+04  1.000000E-35  1.000000E-35
   2.341500E+04  1.000000E-35  1.000000E-35
   2.344500E+04  1.000000E-35  1.000000E-35
   2.347500E+04  1.000000E-35  1.000000E-35
   2.350500E+04  1.000000E-35  1.000000E-35
   2.353500E+04  1.000000E-35  1.000000E-35
   2.356500E+04  1.000000E-35  1.000000E-35
   2.359500E+04  1.000000E-35  1.000000E-35
   2.362500E+04  1.000000E-35  1.000000E-35
   2.365500E+04  1.000000E-35  1.000000E-35
   2.368500E+04  1.000000E-35  1.000000E-35
   2.371500E+04  1.000000E-35  1.000000E-35
   2.374500E+04  1.000000E-35  1.000000E-35
   2.377500E+04  1.000000E-35  1.000000E-35
   2.380500E+04  1.000000E-35  1.000000E-35
   2.383500E+04  1.000000E-35  1.000000E-35
   2.386500E+04  1.000000E-35  1.000000E-35
   2.389500E+04  1.000000E-35  1.000000E-35
   2.392500E+04  1.000000E-35  1.000000E-35
   2.395500E+04  1.000000E-35  1.000000E-35
   2.398500E+04  1.000000E-35  1.000000E-35
   2.401500E+04  1.000000E-35  1.000000E-35
   2.404500E+04  1.000000E-35  1.000000E-35
   2.407500E+04  1.000000E-35  1.000000E-35
   2.410500E+04  1.000000E-35  1.000000E-35
   2.413500E+04  1.000000E-35  1.000000E-35
   2.416500E+04  1.000000E-35  1.000000E-35
   2.419500E+04  1.000000E-35  1.000000E-35
   2.422500E+04  1.000000E-35  1.000000E-35
   2.425500E+04  1.000000E-35  1.000000E-35
   2.428500E+04  1.000000E-35  1.000000E-35
   2.431500E+04  1.000000E-35  1.000000E-35
   2.434500E+04  1.000000E-35  1.000000E-35
   2.437500E+04  1.000000E-35  1.000000E-35
   2.440500E+04  1.000000E-35  1.000000E-35
   2.443500E+04  1.000000E-35  1.000000E-35
   2.446500E+04  1.000000E-35  1.000000E-35
   2.449500E+04  1.000000E-35  1.000000E-35
   2.452500E+04  1.000000E-35  1.000000E-35
   2.455500E+04  1.000000E-35  1.000000E-35
   2.458500E+04  1.000000E-35  1.000000E-35
   2.461500E+04  1.000000E-35  1.000000E-35
   2.464500E+04  1.000000E-35  1.000000E-35
   2.467500E+04  1.000000E-35  1.000000E-35
   2.470500E+04  1.000000E-35  1.000000E-35
   2.473500E+04  1.000000E-35  1.000000E-35
   2.476500E+04  1.000000E-35  1.000000E-35
   2.479500E+04  1.000000E-35  1.000000E-35
   2.482500E+04  1.000000E-35  1.000000E-35
   2.485500E+04  1.000000E-35  1.000000E-35
   2.488500E+04  1.000000E-35  1.000000E-35
   2.491500E+04  1.000000E-35  1.000000E-35
   2.494500E+04  1.000000E-35  1.000000E-35
   2.497500E+04  1.000000E-35  1.000000E-35
   2.500500E+04  1.000000E-35  1.000000E-35
   2.503500E+04  1.000000E-35  1.000000E-35
   2.506500E+04  1.000000E-35  1.000000E-35
   2.509500E+04  1.000000E-35  1.000000E-35
   2.512500E+04  1.000000E-35  1.000000E-35
   2.515500E+04  1.000000E-35  1.000000E-35
   2.518500E+04  1.000000E-35  1.000000E-35
   2.521500E+04  1.000000E-35  1.000000E-35
   2.524500E+04  1.000000E-35  1.000000E-35
   2.527500E+04  1.000000E-35  1.000000E-35
   2.530500E+04  1.000000E-35  1.000000E-35
   2.533500E+04  1.000000E-35  1.000000E-35
   2.536500E+04  1.000000E-35  1.000000E-35
   2.539500E+04  1.000000E-35  1.000000E-35
   2.542500E+04  1.000000E-35  1.000000E-35
   2.545500E+04  1.000000E-35  1.000000E-35
   2.548500E+04  1.000000E-35  1.000000E-35
   2.551500E+04  1.000000E-35  1.000000E-35
   2.554500E+04  1.000000E-35  1.000000E-35
   2.557500E+04  1.000000E-35  1.000000E-35
   2.560500E+04  1.000000E-35  1.000000E-35
   2.563500E+04  1.000000E-35  1.000000E-35
   2.566500E+04  1.000000E-35  1.000000E-35
   2.569500E+04  1.000000E-35  1.000000E-35
   2.572500E+04  1.000000E-35  1.000000E-35
   2.575500E+04  1.000000E-35  1.000000E-35
   2.578500E+04  1.000000E-35  1.000000E-35
   2.581500E+04  1.000000E-35  1.000000E-35
   2.584500E+04  1.000000E-35  1.000000E-35
   2.587500E+04  1.000000E-35  1.000000E-35
   2.590500E+04  1.000000E-35  1.000000E-35
   2.593500E+04  1.000000E-35  1.000000E-35
   2.596500E+04  1.000000E-35  1.000000E-35
   2.599500E+04  1.000000E-35  1.000000E-35
   2.602500E+04  1.000000E-35  1.000000E-35
   2.605500E+04  1.000000E-35  1.000000E-35
   2.608500E+04  1.000000E-35  1.000000E-35
   2.611500E+04  1.000000E-35  1.000000E-35
   2.614500E+04  1.000000E-35  1.000000E-35
   2.617500E+04  1.000000E-35  1.000000E-35
   2.620500E+04  1.000000E-35  1.000000E-35
   2.623500E+04  1.000000E-35  1.000000E-35
   2.626500E+04  1.000000E-35  1.000000E-35
   2.629500E+04  1.000000E-35  1.000000E-35
   2.632500E+04  1.000000E-35  1.000000E-35
   2.635500E+04  1.000000E-35  1.000000E-35
   2.638500E+04  1.000000E-35  1.000000E-35
   2.641500E+04  1.000000E-35  1.000000E-35
   2.644500E+04  1.000000E-35  1.000000E-35
   2.647500E+04  1.000000E-35  1.000000E-35
   2.650500E+04  1.000000E-35  1.000000E-35
   2.653500E+04  1.000000E-35  1.000000E-35
   2.656500E+04  1.000000E-35  1.000000E-35
   2.659500E+04  1.000000E-35  1.000000E-35
   2.662500E+04  1.000000E-35  1.000000E-35
   2.665500E+04  1.000000E-35  1.000000E-35
   2.668500E+04  1.000000E-35  1.000000E-35
   2.671500E+04  1.000000E-35  1.000000E-35
   2.674500E+04  1.000000E-35  1.000000E-35
   2.677500E+04  1.000000E-35  1.000000E-35
   2.680500E+04  1.000000E-35  1.000000E-35
   2.683500E+04  1.000000E-35  1.000000E-35
   2.686500E+04  1.000000E-35  1.000000E-35
   2.689500E+04  1.000000E-35  1.000000E-35
   2.692500E+04  1.000000E-35  1.000000E-35
   2.695500E+04  1.000000E-35  1.000000E-35
   2.698500E+04  1.000000E-35  1.000000E-35
   2.701500E+04  1.000000E-35  1.000000E-35
   2.704500E+04  1.000000E-35  1.000000E-35
   2.707500E+04  1.000000E-35  1.000000E-35
   2.710500E+04  1.000000E-35  1.000000E-35
   2.713500E+04  1.000000E-35  1.000000E-35
   2.716500E+04  1.000000E-35  1.000000E-35
   2.719500E+04  1.000000E-35  1.000000E-35
   2.722500E+04  1.000000E-35  1.000000E-35
   2.725500E+04  1.000000E-35  1.000000E-35
   2.728500E+04  1.000000E-35  1.000000E-35
   2.731500E+04  1.000000E-35  1.000000E-35
   2.734500E+04  1.000000E-35  1.000000E-35
   2.737500E+04  1.000000E-35  1.000000E-35
   2.740500E+04  1.000000E-35  1.000000E-35
   2.743500E+04  1.000000E-35  1.000000E-35
   2.746500E+04  1.000000E-35  1.000000E-35
   2.749500E+04  1.000000E-35  1.000000E-35
   2.752500E+04  1.000000E-35  1.000000E-35
   2.755500E+04  1.000000E-35  1.000000E-35
   2.758500E+04  1.000000E-35  1.000000E-35
   2.761500E+04  1.000000E-35  1.000000E-35
   2.764500E+04  1.000000E-35  1.000000E-35
   2.767500E+04  1.000000E-35  1.000000E-35
   2.770500E+04  1.000000E-35  1.000000E-35
   2.773500E+04  1.000000E-35  1.000000E-35
   2.776500E+04  1.000000E-35  1.000000E-35
   2.779500E+04  1.000000E-35  1.000000E-35
   2.782500E+04  1.000000E-35  1.000000E-35
   2.785500E+04  1.000000E-35  1.000000E-35
   2.788500E+04  1.000000E-35  1.000000E-35
   2.791500E+04  1.000000E-35  1.000000E-35
   2.794500E+04  1.000000E-35  1.000000E-35
   2.797500E+04  1.000000E-35  1.000000E-35
   2.800500E+04  1.000000E-35  1.000000E-35
   2.803500E+04  1.000000E-35  1.000000E-35
   2.806500E+04  1.000000E-35  1.000000E-35
   2.809500E+04  1.000000E-35  1.000000E-35
   2.812500E+04  1.000000E-35  1.000000E-35
   2.815500E+04  1.000000E-35  1.000000E-35
   2.818500E+04  1.000000E-35  1.000000E-35
   2.821500E+04  1.000000E-35  1.000000E-35
   2.824500E+04  1.000000E-35  1.000000E-35
   2.827500E+04  1.000000E-35  1.000000E-35
   2.830500E+04  1.000000E-35  1.000000E-35
   2.833500E+04  1.000000E-35  1.000000E-35
   2.836500E+04  1.000000E-35  1.000000E-35
   2.839500E+04  1.000000E-35  1.000000E-35
   2.842500E+04  1.000000E-35  1.000000E-35
   2.845500E+04  1.000000E-35  1.000000E-35
   2.848500E+04  1.000000E-35  1.000000E-35
   2.851500E+04  1.000000E-35  1.000000E-35
   2.854500E+04  1.000000E-35  1.000000E-35
   2.857500E+04  1.000000E-35  1.000000E-35
   2.860500E+04  1.000000E-35  1.000000E-35
   2.863500E+04  1.000000E-35  1.000000E-35
   2.866500E+04  1.000000E-35  1.000000E-35
   2.869500E+04  1.000000E-35  1.000000E-35
   2.872500E+04  1.000000E-35  1.000000E-35
   2.875500E+04  1.000000E-35  1.000000E-35
   2.878500E+04  1.000000E-35  1.000000E-35
   2.881500E+04  1.000000E-35  1.000000E-35
   2.884500E+04  1.000000E-35  1.000000E-35
   2.887500E+04  1.000000E-35  1.000000E-35
   2.890500E+04  1.000000E-35  1.000000E-35
   2.893500E+04  1.000000E-35  1.000000E-35
   2.896500E+04  1.000000E-35  1.000000E-35
   2.899500E+04  1.000000E-35  1.000000E-35
   2.902500E+04  1.000000E-35  1.000000E-35
   2.905500E+04  1.000000E-35  1.000000E-35
   2.908500E+04  1.000000E-35  1.000000E-35
   2.911500E+04  1.000000E-35  1.000000E-35
   2.914500E+04  1.000000E-35  1.000000E-35
   2.917500E+04  1.000000E-35  1.000000E-35
   2.920500E+04  1.000000E-35  1.000000E-35
   2.923500E+04  1.000000E-35  1.000000E-35
   2.926500E+04  1.000000E-35  1.000000E-35
   2.929500E+04  1.000000E-35  1.000000E-35
   2.932500E+04  1.000000E-35  1.000000E-35
   2.935500E+04  1.000000E-35  1.000000E-35
   2.938500E+04  1.000000E-35  1.000000E-35
   2.941500E+04  1.000000E-35  1.000000E-35
   2.944500E+04  1.000000E-35  1.000000E-35
   2.947500E+04  1.000000E-35  1.000000E-35
   2.950500E+04  1.000000E-35  1.000000E-35
   2.953500E+04  1.000000E-35  1.000000E-35
   2.956500E+04  1.000000E-35  1.000000E-35
   2.959500E+04  1.000000E-35  1.000000E-35
   2.962500E+04  1.000000E-35  1.000000E-35
   2.965500E+04  1.000000E-35  1.000000E-35
   2.968500E+04  1.000000E-35  1.000000E-35
   2.971500E+04  1.000000E-35  1.000000E-35
   2.974500E+04  1.000000E-35  1.000000E-35
   2.977500E+04  1.000000E-35  1.000000E-35
   2.980500E+04  1.000000E-35  1.000000E-35
   2.983500E+04  1.000000E-35  1.000000E-35
   2.986500E+04  1.000000E-35  1.000000E-35
   2.989500E+04  1.000000E-35  1.000000E-35
   2.992500E+04  1.000000E-35  1.000000E-35
   2.995500E+04  1.000000E-35  1.000000E-35
   2.998500E+04  1.000000E-35  1.000000E-35
