 #  Results from PENEPMA.
 #  Energy distribution of upbound electrons.
 #  1st column: E (eV).
 #  2nd and 3rd columns: probability density and STU (1/(eV*particle)).

   1.500000E+01  1.000000E-35  1.000000E-35
   4.500000E+01  1.000000E-35  1.000000E-35
   7.500001E+01  1.000000E-35  1.000000E-35
   1.050000E+02  4.387154E-05  1.792696E-06
   1.350000E+02  3.497718E-05  1.576058E-06
   1.650000E+02  2.785652E-05  1.323237E-06
   1.950000E+02  1.869540E-05  1.158425E-06
   2.250000E+02  1.436520E-05  9.973247E-07
   2.550000E+02  1.038585E-05  8.710280E-07
   2.850000E+02  9.009168E-06  8.070717E-07
   3.150000E+02  9.017501E-06  8.100287E-07
   3.450000E+02  8.370783E-06  7.762516E-07
   3.750000E+02  7.960548E-06  7.543911E-07
   4.050000E+02  7.152390E-06  7.193459E-07
   4.350000E+02  6.968909E-06  7.027558E-07
   4.650000E+02  6.660881E-06  6.956890E-07
   4.950000E+02  6.519516E-06  6.881270E-07
   5.250001E+02  6.580253E-06  6.886740E-07
   5.550001E+02  6.098801E-06  6.638991E-07
   5.850001E+02  5.881512E-06  6.527592E-07
   6.150001E+02  5.554993E-06  6.337834E-07
   6.450001E+02  5.305419E-06  6.176839E-07
   6.750001E+02  5.327534E-06  6.176915E-07
   7.050001E+02  5.062284E-06  5.977244E-07
   7.350001E+02  5.115153E-06  6.034584E-07
   7.650001E+02  4.912841E-06  5.905872E-07
   7.950001E+02  4.616944E-06  5.672170E-07
   8.250001E+02  4.367954E-06  5.497409E-07
   8.550001E+02  4.125979E-06  5.330555E-07
   8.850001E+02  4.412823E-06  5.498253E-07
   9.150001E+02  4.378842E-06  5.466056E-07
   9.450001E+02  3.796662E-06  5.008360E-07
   9.750001E+02  4.029124E-06  5.152372E-07
   1.005000E+03  3.805896E-06  4.980366E-07
   1.035000E+03  3.729548E-06  4.882819E-07
   1.065000E+03  3.573647E-06  4.687031E-07
   1.095000E+03  3.426612E-06  4.640697E-07
   1.125000E+03  3.277992E-06  4.465480E-07
   1.155000E+03  3.443134E-06  4.611961E-07
   1.185000E+03  3.266152E-06  4.388070E-07
   1.215000E+03  3.231581E-06  4.403354E-07
   1.245000E+03  3.162355E-06  4.283509E-07
   1.275000E+03  3.547689E-06  4.590291E-07
   1.305000E+03  3.137154E-06  4.258848E-07
   1.335000E+03  2.972118E-06  4.092390E-07
   1.365000E+03  3.217718E-06  4.323966E-07
   1.395000E+03  3.017098E-06  4.110040E-07
   1.425000E+03  3.327663E-06  4.246155E-07
   1.455000E+03  3.096208E-06  4.094665E-07
   1.485000E+03  2.939308E-06  4.125337E-07
   1.515000E+03  2.946782E-06  4.015767E-07
   1.545000E+03  2.753364E-06  4.029825E-07
   1.575000E+03  2.798458E-06  4.047329E-07
   1.605000E+03  2.803781E-06  3.996881E-07
   1.635000E+03  2.782469E-06  3.961734E-07
   1.665000E+03  2.945142E-06  3.911542E-07
   1.695000E+03  2.678550E-06  3.755819E-07
   1.725000E+03  2.386912E-06  3.724410E-07
   1.755000E+03  2.536790E-06  3.651208E-07
   1.785000E+03  2.657109E-06  4.170550E-07
   1.815000E+03  2.303206E-06  3.785819E-07
   1.845000E+03  2.384863E-06  3.787577E-07
   1.875000E+03  2.095489E-06  3.529976E-07
   1.905000E+03  2.540782E-06  3.507552E-07
   1.935000E+03  2.109197E-06  3.791948E-07
   1.965000E+03  2.033744E-06  3.736407E-07
   1.995000E+03  1.989572E-06  3.468848E-07
   2.025000E+03  1.797440E-06  3.686356E-07
   2.055000E+03  1.624130E-06  3.502116E-07
   2.085000E+03  1.594317E-06  3.491920E-07
   2.115000E+03  1.656954E-06  3.551621E-07
   2.145000E+03  1.784112E-06  3.695463E-07
   2.175000E+03  1.501035E-06  3.360075E-07
   2.205000E+03  1.679975E-06  3.590281E-07
   2.235000E+03  1.800290E-06  3.723605E-07
   2.265000E+03  1.702560E-06  3.609559E-07
   2.295000E+03  1.381609E-06  3.254330E-07
   2.325000E+03  1.632197E-06  3.551004E-07
   2.355000E+03  1.543222E-06  3.441587E-07
   2.385000E+03  1.693006E-06  3.590489E-07
   2.415000E+03  1.497436E-06  3.390905E-07
   2.445000E+03  1.460987E-06  3.379766E-07
   2.475000E+03  1.407501E-06  3.307163E-07
   2.505000E+03  1.526871E-06  3.451350E-07
   2.535000E+03  1.648061E-06  3.609055E-07
   2.565000E+03  1.574398E-06  3.511201E-07
   2.595000E+03  1.574747E-06  3.511206E-07
   2.625000E+03  1.644724E-06  3.589725E-07
   2.655000E+03  1.521150E-06  3.451105E-07
   2.685000E+03  1.647275E-06  3.589689E-07
   2.715000E+03  1.337244E-06  3.232319E-07
   2.745000E+03  1.365128E-06  3.264663E-07
   2.775000E+03  1.509860E-06  3.431133E-07
   2.805000E+03  1.577579E-06  3.520943E-07
   2.835000E+03  1.617759E-06  3.560577E-07
   2.865000E+03  1.428341E-06  3.348778E-07
   2.895000E+03  1.243744E-06  3.122807E-07
   2.925000E+03  1.401482E-06  3.317276E-07
   2.955000E+03  1.508937E-06  3.441103E-07
   2.985000E+03  1.605258E-06  3.550510E-07
   3.015000E+03  1.572299E-06  3.511178E-07
   3.045000E+03  1.589816E-06  3.531177E-07
   3.075000E+03  1.383840E-06  3.296296E-07
   3.105000E+03  1.453616E-06  3.379652E-07
   3.135000E+03  1.701534E-06  3.657004E-07
   3.165000E+03  1.403350E-06  3.317386E-07
   3.195000E+03  1.527588E-06  3.461305E-07
   3.225000E+03  1.368818E-06  3.275390E-07
   3.255000E+03  1.550946E-06  3.491152E-07
   3.285000E+03  1.410291E-06  3.327756E-07
   3.315000E+03  1.447701E-06  3.369621E-07
   3.345000E+03  1.586232E-06  3.530897E-07
   3.375000E+03  1.403636E-06  3.317320E-07
   3.405000E+03  1.523973E-06  3.461093E-07
   3.435000E+03  1.375478E-06  3.285813E-07
   3.465000E+03  1.454141E-06  3.379666E-07
   3.495000E+03  1.383818E-06  3.296379E-07
   3.525000E+03  1.530075E-06  3.461347E-07
   3.555000E+03  1.375784E-06  3.285731E-07
   3.585000E+03  1.521172E-06  3.451197E-07
   3.615000E+03  1.468820E-06  3.390210E-07
   3.645000E+03  1.534375E-06  3.471244E-07
   3.675000E+03  1.701246E-06  3.656784E-07
   3.705000E+03  1.326315E-06  3.221662E-07
   3.735000E+03  1.343053E-06  3.243027E-07
   3.765000E+03  1.607918E-06  3.550632E-07
   3.795000E+03  1.385930E-06  3.296257E-07
   3.825000E+03  1.501708E-06  3.430851E-07
   3.855000E+03  1.318022E-06  3.210683E-07
   3.885000E+03  1.456776E-06  3.379711E-07
   3.915000E+03  1.345287E-06  3.243150E-07
   3.945000E+03  1.361350E-06  3.264604E-07
   3.975000E+03  1.486698E-06  3.410614E-07
   4.005000E+03  1.232506E-06  3.100384E-07
   4.035000E+03  1.468909E-06  3.390054E-07
   4.065000E+03  1.442929E-06  3.359107E-07
   4.095000E+03  1.555140E-06  3.491222E-07
   4.125000E+03  1.453434E-06  3.369486E-07
   4.155000E+03  1.222156E-06  3.089105E-07
   4.185000E+03  1.554065E-06  3.511096E-07
   4.215000E+03  1.454744E-06  3.369508E-07
   4.245000E+03  1.400703E-06  3.307288E-07
   4.275000E+03  1.390923E-06  3.296422E-07
   4.305000E+03  1.523965E-06  3.451244E-07
   4.335000E+03  1.399530E-06  3.306963E-07
   4.365000E+03  1.593400E-06  3.531014E-07
   4.395000E+03  1.304109E-06  3.188984E-07
   4.425000E+03  1.368066E-06  3.264643E-07
   4.455000E+03  1.577407E-06  3.511265E-07
   4.485000E+03  1.270660E-06  3.145039E-07
   4.515000E+03  1.419766E-06  3.327925E-07
   4.545000E+03  1.578005E-06  3.511199E-07
   4.575000E+03  1.316509E-06  3.200112E-07
   4.605000E+03  1.491881E-06  3.410700E-07
   4.635000E+03  1.480608E-06  3.400362E-07
   4.665000E+03  1.382661E-06  3.285850E-07
   4.695000E+03  1.437588E-06  3.348864E-07
   4.725000E+03  1.383446E-06  3.285867E-07
   4.755000E+03  1.475599E-06  3.390328E-07
   4.785000E+03  1.615523E-06  3.550758E-07
   4.815000E+03  1.386052E-06  3.285836E-07
   4.845000E+03  1.643327E-06  3.580072E-07
   4.875000E+03  1.605108E-06  3.540835E-07
   4.905000E+03  1.396913E-06  3.296526E-07
   4.935000E+03  1.706254E-06  3.647466E-07
   4.965000E+03  1.371920E-06  3.264708E-07
   4.995000E+03  1.558497E-06  3.481585E-07
   5.025001E+03  1.700722E-06  3.657268E-07
   5.055001E+03  1.512357E-06  3.431181E-07
   5.085001E+03  1.626611E-06  3.560655E-07
   5.115001E+03  1.390189E-06  3.285982E-07
   5.145001E+03  1.477943E-06  3.390283E-07
   5.175001E+03  1.495468E-06  3.410761E-07
   5.205001E+03  1.528017E-06  3.441352E-07
   5.235001E+03  1.567428E-06  3.491499E-07
   5.265001E+03  1.313600E-06  3.189151E-07
   5.295001E+03  1.637556E-06  3.570309E-07
   5.325001E+03  1.562399E-06  3.481573E-07
   5.355001E+03  1.342020E-06  3.221779E-07
   5.385001E+03  1.592073E-06  3.511425E-07
   5.415001E+03  1.749083E-06  3.685709E-07
   5.445001E+03  1.483423E-06  3.390376E-07
   5.475001E+03  1.381525E-06  3.264875E-07
   5.505001E+03  1.677918E-06  3.609185E-07
   5.535001E+03  1.584255E-06  3.501586E-07
   5.565001E+03  1.820550E-06  3.760472E-07
   5.595001E+03  1.675674E-06  3.609151E-07
   5.625001E+03  1.385928E-06  3.275447E-07
   5.655001E+03  1.547693E-06  3.461485E-07
   5.685001E+03  1.772308E-06  3.704569E-07
   5.715001E+03  1.673277E-06  3.599665E-07
   5.745001E+03  1.585432E-06  3.501603E-07
   5.775001E+03  1.615503E-06  3.531295E-07
   5.805001E+03  1.890656E-06  3.833822E-07
   5.835001E+03  1.586952E-06  3.501553E-07
   5.865001E+03  1.718752E-06  3.657053E-07
   5.895001E+03  1.828614E-06  3.769704E-07
   5.925001E+03  1.595455E-06  3.511629E-07
   5.955001E+03  1.620463E-06  3.541153E-07
   5.985001E+03  1.692586E-06  3.618984E-07
   6.015001E+03  1.787391E-06  3.723206E-07
   6.045001E+03  1.549374E-06  3.461512E-07
   6.075001E+03  1.755879E-06  3.685822E-07
   6.105001E+03  1.632679E-06  3.550954E-07
   6.135001E+03  1.691621E-06  3.609399E-07
   6.165001E+03  1.542883E-06  3.451632E-07
   6.195001E+03  1.803998E-06  3.741851E-07
   6.225001E+03  1.592498E-06  3.511510E-07
   6.255001E+03  1.625143E-06  3.541153E-07
   6.285001E+03  1.853094E-06  3.788170E-07
   6.315001E+03  1.911202E-06  3.851987E-07
   6.345001E+03  1.624669E-06  3.541152E-07
   6.375001E+03  1.783607E-06  3.713929E-07
   6.405001E+03  1.844883E-06  3.778972E-07
   6.435001E+03  1.578891E-06  3.491610E-07
   6.465001E+03  1.640448E-06  3.551224E-07
   6.495001E+03  1.756070E-06  3.685671E-07
   6.525001E+03  1.972068E-06  3.905891E-07
   6.555001E+03  1.730861E-06  3.647844E-07
   6.585001E+03  1.898115E-06  3.834000E-07
   6.615001E+03  1.840117E-06  3.769943E-07
   6.645001E+03  1.787824E-06  3.704882E-07
   6.675001E+03  1.594540E-06  3.511542E-07
   6.705001E+03  1.707293E-06  3.638061E-07
   6.735001E+03  1.840463E-06  3.778979E-07
   6.765001E+03  1.724648E-06  3.657151E-07
   6.795001E+03  1.822464E-06  3.760501E-07
   6.825001E+03  1.833317E-06  3.769712E-07
   6.855001E+03  1.817213E-06  3.751354E-07
   6.885001E+03  1.800403E-06  3.732615E-07
   6.915001E+03  1.711892E-06  3.638131E-07
   6.945001E+03  2.007222E-06  3.941457E-07
   6.975001E+03  1.944967E-06  3.879116E-07
   7.005001E+03  1.840518E-06  3.769887E-07
   7.035001E+03  1.972622E-06  3.879779E-07
   7.065001E+03  1.677053E-06  3.609170E-07
   7.095001E+03  1.973296E-06  3.923512E-07
   7.125001E+03  1.767259E-06  3.695145E-07
   7.155001E+03  1.954400E-06  3.914420E-07
   7.185001E+03  2.060588E-06  4.019813E-07
   7.215001E+03  1.743943E-06  3.694794E-07
   7.245001E+03  1.747364E-06  3.694995E-07
   7.275001E+03  1.991189E-06  3.949862E-07
   7.305001E+03  1.723925E-06  3.675861E-07
   7.335001E+03  1.885934E-06  3.842632E-07
   7.365001E+03  1.915239E-06  3.869901E-07
   7.395001E+03  1.891834E-06  3.851640E-07
   7.425001E+03  1.908685E-06  3.860859E-07
   7.455001E+03  2.025497E-06  3.985089E-07
   7.485001E+03  1.846550E-06  3.797330E-07
   7.515001E+03  1.683215E-06  3.628242E-07
   7.545001E+03  2.027614E-06  3.985046E-07
   7.575001E+03  2.141087E-06  4.096978E-07
   7.605001E+03  2.127226E-06  4.080063E-07
   7.635001E+03  2.168661E-06  4.122474E-07
   7.665001E+03  1.732654E-06  3.676067E-07
   7.695001E+03  2.142996E-06  4.097070E-07
   7.725001E+03  1.835539E-06  3.787912E-07
   7.755001E+03  1.976739E-06  3.932234E-07
   7.785001E+03  2.030081E-06  3.985015E-07
   7.815001E+03  1.870275E-06  3.824495E-07
   7.845001E+03  1.908747E-06  3.860856E-07
   7.875001E+03  2.151608E-06  4.105555E-07
   7.905001E+03  2.087229E-06  4.037226E-07
   7.935001E+03  1.984733E-06  3.941069E-07
   7.965001E+03  1.853044E-06  3.806318E-07
   7.995001E+03  1.977135E-06  3.932241E-07
   8.025001E+03  2.065707E-06  4.019818E-07
   8.055001E+03  2.248472E-06  4.197742E-07
   8.085001E+03  1.828778E-06  3.778887E-07
   8.115001E+03  2.122007E-06  4.071506E-07
   8.145001E+03  2.287133E-06  4.230894E-07
   8.175001E+03  2.258433E-06  4.206045E-07
   8.205001E+03  2.061971E-06  4.011221E-07
   8.235001E+03  2.094536E-06  4.054230E-07
   8.265001E+03  2.045227E-06  4.002420E-07
   8.295001E+03  2.276472E-06  4.222575E-07
   8.325001E+03  2.011291E-06  3.967553E-07
   8.355001E+03  1.980965E-06  3.932431E-07
   8.385001E+03  2.073568E-06  4.028459E-07
   8.415001E+03  2.135329E-06  4.088519E-07
   8.445001E+03  2.271742E-06  4.222512E-07
   8.475001E+03  2.143487E-06  4.097015E-07
   8.505001E+03  2.205706E-06  4.156083E-07
   8.535001E+03  2.270220E-06  4.214355E-07
   8.565001E+03  2.233479E-06  4.181159E-07
   8.595001E+03  2.105199E-06  4.054439E-07
   8.625001E+03  2.454905E-06  4.384414E-07
   8.655001E+03  2.162683E-06  4.113996E-07
   8.685001E+03  2.372403E-06  4.304342E-07
   8.715001E+03  2.223990E-06  4.181032E-07
   8.745001E+03  2.525861E-06  4.455207E-07
   8.775001E+03  2.622285E-06  4.540352E-07
   8.805001E+03  2.423713E-06  4.360466E-07
   8.835001E+03  2.156336E-06  4.113976E-07
   8.865001E+03  2.394378E-06  4.328483E-07
   8.895001E+03  1.978761E-06  3.967348E-07
   8.925001E+03  2.322539E-06  4.279704E-07
   8.955001E+03  2.260049E-06  4.222359E-07
   8.985001E+03  2.173760E-06  4.139108E-07
   9.015001E+03  2.205517E-06  4.172568E-07
   9.045001E+03  2.304797E-06  4.263399E-07
   9.075001E+03  2.303742E-06  4.263385E-07
   9.105001E+03  2.237789E-06  4.197604E-07
   9.135001E+03  2.355892E-06  4.312159E-07
   9.165001E+03  2.420032E-06  4.368284E-07
   9.195001E+03  2.636871E-06  4.563155E-07
   9.225001E+03  2.523724E-06  4.462880E-07
   9.255001E+03  2.388840E-06  4.344245E-07
   9.285001E+03  2.540752E-06  4.478507E-07
   9.315001E+03  2.292450E-06  4.255178E-07
   9.345001E+03  2.568280E-06  4.501783E-07
   9.375001E+03  2.435443E-06  4.384167E-07
   9.405001E+03  2.539345E-06  4.478431E-07
   9.435001E+03  2.794938E-06  4.698482E-07
   9.465001E+03  2.776025E-06  4.683621E-07
   9.495001E+03  2.530078E-06  4.470643E-07
   9.525001E+03  2.513782E-06  4.455060E-07
   9.555001E+03  2.672317E-06  4.593633E-07
   9.585001E+03  2.541556E-06  4.478516E-07
   9.615001E+03  2.600963E-06  4.532524E-07
   9.645001E+03  2.715810E-06  4.631311E-07
   9.675001E+03  2.485961E-06  4.431532E-07
   9.705001E+03  2.389791E-06  4.344319E-07
   9.735001E+03  2.620588E-06  4.547886E-07
   9.765001E+03  2.671330E-06  4.593564E-07
   9.795001E+03  2.743653E-06  4.653826E-07
   9.825001E+03  2.644401E-06  4.570767E-07
   9.855001E+03  2.646964E-06  4.570852E-07
   9.885001E+03  2.804325E-06  4.705892E-07
   9.915001E+03  2.645674E-06  4.570836E-07
   9.945001E+03  2.689875E-06  4.608766E-07
   9.975001E+03  2.768112E-06  4.676193E-07
   1.000500E+04  2.892177E-06  4.779357E-07
   1.003500E+04  3.005412E-06  4.873069E-07
   1.006500E+04  2.674680E-06  4.593663E-07
   1.009500E+04  2.865960E-06  4.757400E-07
   1.012500E+04  2.726006E-06  4.638840E-07
   1.015500E+04  2.628699E-06  4.555527E-07
   1.018500E+04  2.591256E-06  4.524826E-07
   1.021500E+04  2.717096E-06  4.631384E-07
   1.024500E+04  2.698256E-06  4.616252E-07
   1.027500E+04  2.706169E-06  4.623778E-07
   1.030500E+04  2.503098E-06  4.447212E-07
   1.033500E+04  2.778449E-06  4.683652E-07
   1.036500E+04  2.838529E-06  4.735442E-07
   1.039500E+04  2.654026E-06  4.578385E-07
   1.042500E+04  2.786314E-06  4.691067E-07
   1.045500E+04  3.051011E-06  4.908680E-07
   1.048500E+04  2.794132E-06  4.698472E-07
   1.051500E+04  2.862592E-06  4.757360E-07
   1.054500E+04  2.923495E-06  4.808308E-07
   1.057500E+04  3.064839E-06  4.922803E-07
   1.060500E+04  2.784713E-06  4.691049E-07
   1.063500E+04  2.721243E-06  4.638784E-07
   1.066500E+04  2.879327E-06  4.771965E-07
   1.069500E+04  2.640861E-06  4.570782E-07
   1.072500E+04  2.834595E-06  4.735336E-07
   1.075500E+04  2.819361E-06  4.720810E-07
   1.078500E+04  2.949420E-06  4.830035E-07
   1.081500E+04  3.107164E-06  4.958019E-07
   1.084500E+04  2.852034E-06  4.750016E-07
   1.087500E+04  3.318123E-06  5.123773E-07
   1.090500E+04  3.053332E-06  4.915694E-07
   1.093500E+04  2.938826E-06  4.822742E-07
   1.096500E+04  3.353476E-06  5.150933E-07
   1.099500E+04  2.878754E-06  4.772014E-07
   1.102500E+04  2.930440E-06  4.829962E-07
   1.105500E+04  2.974405E-06  4.851536E-07
   1.108500E+04  2.984138E-06  4.858777E-07
   1.111500E+04  3.026559E-06  4.894396E-07
   1.114500E+04  2.991880E-06  4.865866E-07
   1.117500E+04  3.282155E-06  5.096513E-07
   1.120500E+04  2.992229E-06  4.865924E-07
   1.123500E+04  3.211657E-06  5.041566E-07
   1.126500E+04  2.922742E-06  4.808410E-07
   1.129500E+04  3.246822E-06  5.069113E-07
   1.132500E+04  3.088248E-06  4.943940E-07
   1.135500E+04  2.754939E-06  4.668747E-07
   1.138500E+04  3.027046E-06  4.894402E-07
   1.141500E+04  3.361018E-06  5.157623E-07
   1.144500E+04  3.273098E-06  5.089674E-07
   1.147500E+04  3.018243E-06  4.887284E-07
   1.150500E+04  3.044493E-06  4.908607E-07
   1.153500E+04  3.414257E-06  5.197970E-07
   1.156500E+04  3.484457E-06  5.251277E-07
   1.159500E+04  3.387910E-06  5.177840E-07
   1.162500E+04  3.335152E-06  5.137342E-07
   1.165500E+04  3.379022E-06  5.171110E-07
   1.168500E+04  3.132190E-06  4.979025E-07
   1.171500E+04  3.343484E-06  5.144105E-07
   1.174500E+04  3.107245E-06  4.958083E-07
   1.177500E+04  3.423025E-06  5.204664E-07
   1.180500E+04  3.607698E-06  5.343288E-07
   1.183500E+04  3.466960E-06  5.238002E-07
   1.186500E+04  3.554438E-06  5.304045E-07
   1.189500E+04  3.177402E-06  5.013932E-07
   1.192500E+04  3.299237E-06  5.110151E-07
   1.195500E+04  3.237754E-06  5.062238E-07
   1.198500E+04  3.343827E-06  5.144110E-07
   1.201500E+04  3.378628E-06  5.171106E-07
   1.204500E+04  3.589622E-06  5.330235E-07
   1.207500E+04  3.554428E-06  5.304045E-07
   1.210500E+04  3.167238E-06  5.006915E-07
   1.213500E+04  3.528131E-06  5.284319E-07
   1.216500E+04  3.290667E-06  5.103337E-07
   1.219500E+04  3.290642E-06  5.103337E-07
   1.222500E+04  3.721844E-06  5.427325E-07
   1.225500E+04  3.528284E-06  5.284323E-07
   1.228500E+04  3.431137E-06  5.211342E-07
   1.231500E+04  3.237735E-06  5.062238E-07
   1.234500E+04  3.502208E-06  5.264572E-07
   1.237500E+04  3.651015E-06  5.375760E-07
   1.240500E+04  3.555114E-06  5.304103E-07
   1.243500E+04  3.413896E-06  5.197968E-07
   1.246500E+04  3.343037E-06  5.144101E-07
   1.249500E+04  3.177044E-06  5.013933E-07
   1.252500E+04  3.422105E-06  5.204654E-07
   1.255500E+04  3.598016E-06  5.336759E-07
   1.258500E+04  3.694909E-06  5.408042E-07
   1.261500E+04  3.457397E-06  5.231343E-07
   1.264500E+04  3.835741E-06  5.510079E-07
   1.267500E+04  3.756715E-06  5.452920E-07
   1.270500E+04  3.923763E-06  5.572902E-07
   1.273500E+04  3.668344E-06  5.388694E-07
   1.276500E+04  3.606772E-06  5.343278E-07
   1.279500E+04  3.677307E-06  5.395152E-07
   1.282500E+04  3.721149E-06  5.427318E-07
   1.285500E+04  3.457292E-06  5.231342E-07
   1.288500E+04  3.879460E-06  5.541577E-07
   1.291500E+04  3.914661E-06  5.566649E-07
   1.294500E+04  3.571587E-06  5.317152E-07
   1.297500E+04  3.641988E-06  5.369277E-07
   1.300500E+04  3.923473E-06  5.572900E-07
   1.303500E+04  3.694892E-06  5.408042E-07
   1.306500E+04  3.879543E-06  5.541577E-07
   1.309500E+04  4.064259E-06  5.671969E-07
   1.312500E+04  3.756313E-06  5.452916E-07
   1.315500E+04  4.057078E-06  5.665938E-07
   1.318500E+04  3.949860E-06  5.591609E-07
   1.321500E+04  3.932372E-06  5.579144E-07
   1.324500E+04  4.020236E-06  5.641197E-07
   1.327500E+04  4.020196E-06  5.641197E-07
   1.330500E+04  3.976248E-06  5.610256E-07
   1.333500E+04  3.897061E-06  5.554127E-07
   1.336500E+04  3.818214E-06  5.497433E-07
   1.339500E+04  3.738730E-06  5.440132E-07
   1.342500E+04  4.012266E-06  5.635078E-07
   1.345500E+04  3.835486E-06  5.522701E-07
   1.348500E+04  4.021065E-06  5.641252E-07
   1.351500E+04  3.879495E-06  5.541577E-07
   1.354500E+04  4.055426E-06  5.665828E-07
   1.357500E+04  4.099366E-06  5.696467E-07
   1.360500E+04  4.143658E-06  5.726950E-07
   1.363500E+04  3.782707E-06  5.472036E-07
   1.366500E+04  4.301674E-06  5.835335E-07
   1.369500E+04  4.003781E-06  5.628904E-07
   1.372500E+04  4.248908E-06  5.799429E-07
   1.375500E+04  3.853058E-06  5.522700E-07
   1.378500E+04  4.116946E-06  5.708677E-07
   1.381500E+04  4.108155E-06  5.702575E-07
   1.384500E+04  4.354522E-06  5.871021E-07
   1.387500E+04  4.266560E-06  5.811422E-07
   1.390500E+04  4.064204E-06  5.671969E-07
   1.393500E+04  4.363262E-06  5.876947E-07
   1.396500E+04  4.029020E-06  5.647365E-07
   1.399500E+04  4.442467E-06  5.930019E-07
   1.402500E+04  4.169722E-06  5.745150E-07
   1.405500E+04  3.932258E-06  5.579143E-07
   1.408500E+04  3.941041E-06  5.585380E-07
   1.411500E+04  4.275294E-06  5.817410E-07
   1.414500E+04  3.985040E-06  5.616458E-07
   1.417500E+04  4.090865E-06  5.690360E-07
   1.420500E+04  4.248911E-06  5.799429E-07
   1.423500E+04  4.389658E-06  5.894691E-07
   1.426500E+04  3.791490E-06  5.478394E-07
   1.429500E+04  4.328093E-06  5.853205E-07
   1.432500E+04  4.451241E-06  5.935887E-07
   1.435500E+04  4.345667E-06  5.865088E-07
   1.438500E+04  4.591962E-06  6.028992E-07
   1.441500E+04  4.284103E-06  5.823391E-07
   1.444500E+04  4.416072E-06  5.912382E-07
   1.447500E+04  4.372089E-06  5.882868E-07
   1.450500E+04  4.336881E-06  5.859149E-07
   1.453500E+04  4.328919E-06  5.853258E-07
   1.456500E+04  4.257683E-06  5.805429E-07
   1.459500E+04  4.460031E-06  5.941749E-07
   1.462500E+04  4.548784E-06  6.000104E-07
   1.465500E+04  4.284106E-06  5.823391E-07
   1.468500E+04  4.328080E-06  5.853205E-07
   1.471500E+04  4.222503E-06  5.781393E-07
   1.474500E+04  4.671142E-06  6.080737E-07
   1.477500E+04  4.487237E-06  5.959352E-07
   1.480500E+04  4.503983E-06  5.970974E-07
   1.483500E+04  4.565564E-06  6.011645E-07
   1.486500E+04  4.724734E-06  6.115041E-07
   1.489500E+04  4.477613E-06  5.953455E-07
   1.492500E+04  4.433626E-06  5.924146E-07
   1.495500E+04  4.178521E-06  5.751206E-07
   1.498500E+04  4.320094E-06  5.847307E-07
   1.501500E+04  4.627131E-06  6.052044E-07
   1.504500E+04  4.776698E-06  6.149052E-07
   1.507500E+04  5.005411E-06  6.294524E-07
   1.510500E+04  4.468808E-06  5.947605E-07
   1.513500E+04  4.618355E-06  6.046289E-07
   1.516500E+04  4.653539E-06  6.069276E-07
   1.519500E+04  4.433615E-06  5.924146E-07
   1.522500E+04  4.345648E-06  5.865088E-07
   1.525500E+04  5.208028E-06  6.420469E-07
   1.528500E+04  4.864641E-06  6.205406E-07
   1.531500E+04  4.811884E-06  6.171656E-07
   1.534500E+04  4.618359E-06  6.046289E-07
   1.537500E+04  4.539185E-06  5.994247E-07
   1.540500E+04  4.635917E-06  6.057794E-07
   1.543500E+04  4.864635E-06  6.205406E-07
   1.546500E+04  4.820959E-06  6.177300E-07
   1.549500E+04  4.715089E-06  6.109294E-07
   1.552500E+04  4.706297E-06  6.103593E-07
   1.555500E+04  4.530702E-06  5.988444E-07
   1.558500E+04  4.556766E-06  6.005851E-07
   1.561500E+04  4.795103E-06  6.160415E-07
   1.564500E+04  5.058150E-06  6.327619E-07
   1.567500E+04  4.987847E-06  6.283453E-07
   1.570500E+04  4.935008E-06  6.250124E-07
   1.573500E+04  4.679901E-06  6.086459E-07
   1.576500E+04  5.190146E-06  6.409612E-07
   1.579500E+04  4.601056E-06  6.034770E-07
   1.582500E+04  5.084572E-06  6.344102E-07
   1.585500E+04  4.547960E-06  6.000052E-07
   1.588500E+04  5.075757E-06  6.338612E-07
   1.591500E+04  4.909783E-06  6.233453E-07
   1.594500E+04  5.216515E-06  6.425882E-07
   1.597500E+04  4.935038E-06  6.250124E-07
   1.600500E+04  5.040572E-06  6.316607E-07
   1.603500E+04  5.014178E-06  6.300052E-07
   1.606500E+04  4.908919E-06  6.233399E-07
   1.609500E+04  4.899832E-06  6.227805E-07
   1.612500E+04  5.515897E-06  6.607507E-07
   1.615500E+04  5.375168E-06  6.522670E-07
   1.618500E+04  5.331720E-06  6.495972E-07
   1.621500E+04  5.251693E-06  6.447514E-07
   1.624500E+04  5.075755E-06  6.338612E-07
   1.627500E+04  5.348450E-06  6.506633E-07
   1.630500E+04  5.040609E-06  6.316607E-07
   1.633500E+04  4.723904E-06  6.114990E-07
   1.636500E+04  5.040879E-06  6.316613E-07
   1.639500E+04  5.726688E-06  6.732751E-07
   1.642500E+04  5.137334E-06  6.376940E-07
   1.645500E+04  4.970194E-06  6.272363E-07
   1.648500E+04  5.286864E-06  6.469075E-07
   1.651500E+04  5.040856E-06  6.316613E-07
   1.654500E+04  5.463119E-06  6.575821E-07
   1.657500E+04  5.304460E-06  6.479828E-07
   1.660500E+04  5.647532E-06  6.686057E-07
   1.663500E+04  5.339647E-06  6.501281E-07
   1.666500E+04  5.339627E-06  6.501281E-07
   1.669500E+04  5.304481E-06  6.479828E-07
   1.672500E+04  5.304770E-06  6.479834E-07
   1.675500E+04  5.419426E-06  6.549306E-07
   1.678500E+04  4.979016E-06  6.277911E-07
   1.681500E+04  5.172485E-06  6.398738E-07
   1.684500E+04  5.612339E-06  6.665199E-07
   1.687500E+04  5.128843E-06  6.371485E-07
   1.690500E+04  5.771293E-06  6.758565E-07
   1.693500E+04  5.172806E-06  6.398745E-07
   1.696500E+04  5.383960E-06  6.528004E-07
   1.699500E+04  5.568678E-06  6.639041E-07
   1.702500E+04  5.216482E-06  6.425882E-07
   1.705500E+04  5.410313E-06  6.543982E-07
   1.708500E+04  5.339643E-06  6.501281E-07
   1.711500E+04  5.471586E-06  6.581106E-07
   1.714500E+04  5.155221E-06  6.387855E-07
   1.717500E+04  5.824135E-06  6.789397E-07
   1.720500E+04  5.348449E-06  6.506633E-07
   1.723500E+04  5.753439E-06  6.748250E-07
   1.726500E+04  5.454618E-06  6.570532E-07
   1.729500E+04  5.418793E-06  6.549293E-07
   1.732500E+04  5.410053E-06  6.543976E-07
   1.735500E+04  5.128509E-06  6.371479E-07
   1.738500E+04  5.304754E-06  6.479834E-07
   1.741500E+04  5.357241E-06  6.511981E-07
   1.744500E+04  5.709095E-06  6.722403E-07
   1.747500E+04  5.216484E-06  6.425882E-07
   1.750500E+04  5.823747E-06  6.789391E-07
   1.753500E+04  5.797052E-06  6.773986E-07
   1.756500E+04  5.823449E-06  6.789385E-07
   1.759500E+04  5.726703E-06  6.732751E-07
   1.762500E+04  5.665106E-06  6.696462E-07
   1.765500E+04  5.119769E-06  6.366015E-07
   1.768500E+04  5.717897E-06  6.727579E-07
   1.771500E+04  5.594736E-06  6.654746E-07
   1.774500E+04  5.735803E-06  6.737926E-07
   1.777500E+04  5.154932E-06  6.387848E-07
   1.780500E+04  5.682693E-06  6.706850E-07
   1.783500E+04  5.541988E-06  6.623286E-07
   1.786500E+04  5.295962E-06  6.474460E-07
   1.789500E+04  5.911742E-06  6.840469E-07
   1.792500E+04  5.260490E-06  6.452911E-07
   1.795500E+04  5.964183E-06  6.870927E-07
   1.798500E+04  5.568340E-06  6.639035E-07
   1.801500E+04  5.876228E-06  6.820078E-07
   1.804500E+04  5.507094E-06  6.602237E-07
   1.807500E+04  5.814689E-06  6.784256E-07
   1.810500E+04  5.920830E-06  6.845562E-07
   1.813500E+04  5.911430E-06  6.840463E-07
   1.816500E+04  6.131339E-06  6.966519E-07
   1.819500E+04  5.585945E-06  6.649513E-07
   1.822500E+04  5.585929E-06  6.649513E-07
   1.825500E+04  6.016988E-06  6.901257E-07
   1.828500E+04  6.122834E-06  6.961526E-07
   1.831500E+04  5.445172E-06  6.565219E-07
   1.834500E+04  5.726694E-06  6.732751E-07
   1.837500E+04  5.585937E-06  6.649513E-07
   1.840500E+04  6.096129E-06  6.946504E-07
   1.843500E+04  5.761860E-06  6.753400E-07
   1.846500E+04  6.140139E-06  6.971513E-07
   1.849500E+04  5.920213E-06  6.845550E-07
   1.852500E+04  6.254475E-06  7.036123E-07
   1.855500E+04  6.289663E-06  7.055884E-07
   1.858500E+04  5.928981E-06  6.850633E-07
   1.861500E+04  6.148938E-06  6.976505E-07
   1.864500E+04  5.964184E-06  6.870927E-07
   1.867500E+04  6.052140E-06  6.921403E-07
   1.870500E+04  6.087350E-06  6.941491E-07
   1.873500E+04  5.691481E-06  6.712038E-07
   1.876500E+04  5.885056E-06  6.825182E-07
   1.879500E+04  6.025755E-06  6.906299E-07
   1.882500E+04  6.236861E-06  7.026222E-07
   1.885500E+04  6.096129E-06  6.946504E-07
   1.888500E+04  6.078585E-06  6.936474E-07
   1.891500E+04  6.088189E-06  6.941536E-07
   1.894500E+04  6.280882E-06  7.050949E-07
   1.897500E+04  6.148908E-06  6.976505E-07
   1.900500E+04  6.166512E-06  6.986476E-07
   1.903500E+04  6.149562E-06  6.976517E-07
   1.906500E+04  6.008149E-06  6.896211E-07
   1.909500E+04  6.377657E-06  7.105045E-07
   1.912500E+04  6.052176E-06  6.921403E-07
   1.915500E+04  5.876208E-06  6.820078E-07
   1.918500E+04  6.685817E-06  7.274497E-07
   1.921500E+04  6.307247E-06  7.065745E-07
   1.924500E+04  6.527151E-06  7.187846E-07
   1.927500E+04  6.641527E-06  7.250527E-07
   1.930500E+04  6.192893E-06  7.001407E-07
   1.933500E+04  6.369965E-06  7.100194E-07
   1.936500E+04  6.474393E-06  7.158732E-07
   1.939500E+04  6.588748E-06  7.221665E-07
   1.942500E+04  6.535957E-06  7.192687E-07
   1.945500E+04  5.946607E-06  6.860788E-07
   1.948500E+04  6.474684E-06  7.158738E-07
   1.951500E+04  6.632718E-06  7.245725E-07
   1.954500E+04  6.412820E-06  7.124614E-07
   1.957500E+04  6.456798E-06  7.149000E-07
   1.960500E+04  6.228077E-06  7.021266E-07
   1.963500E+04  5.849846E-06  6.804748E-07
   1.966500E+04  6.791095E-06  7.331685E-07
   1.969500E+04  6.667914E-06  7.264915E-07
   1.972500E+04  6.703098E-06  7.284054E-07
   1.975500E+04  6.096125E-06  6.946504E-07
   1.978500E+04  6.228079E-06  7.021266E-07
   1.981500E+04  7.019769E-06  7.454098E-07
   1.984500E+04  6.263303E-06  7.041068E-07
   1.987500E+04  6.747084E-06  7.307908E-07
   1.990500E+04  6.474381E-06  7.158732E-07
   1.993500E+04  6.782265E-06  7.326935E-07
   1.996500E+04  6.500784E-06  7.173304E-07
   1.999500E+04  7.098999E-06  7.496005E-07
   2.002500E+04  6.623952E-06  7.240919E-07
   2.005500E+04  6.817444E-06  7.345913E-07
   2.008500E+04  6.782267E-06  7.326935E-07
   2.011500E+04  6.914223E-06  7.397851E-07
   2.014500E+04  6.843824E-06  7.360115E-07
   2.017500E+04  6.421594E-06  7.129498E-07
   2.020500E+04  6.157694E-06  6.981492E-07
   2.023500E+04  6.967008E-06  7.426028E-07
   2.026500E+04  6.949395E-06  7.416647E-07
   2.029500E+04  6.711881E-06  7.288831E-07
   2.032500E+04  6.993379E-06  7.440076E-07
   2.035500E+04  7.011000E-06  7.449427E-07
   2.038500E+04  6.949394E-06  7.416647E-07
   2.041500E+04  6.403993E-06  7.119727E-07
   2.044500E+04  7.054969E-06  7.472752E-07
   2.047500E+04  6.579936E-06  7.216844E-07
   2.050500E+04  6.711893E-06  7.288831E-07
   2.053500E+04  7.046166E-06  7.468093E-07
   2.056500E+04  6.835891E-06  7.355426E-07
   2.059500E+04  6.808635E-06  7.341173E-07
   2.062500E+04  6.456788E-06  7.149000E-07
   2.065500E+04  7.046149E-06  7.468093E-07
   2.068500E+04  6.677015E-06  7.269710E-07
   2.071500E+04  6.808649E-06  7.341173E-07
   2.074500E+04  7.046153E-06  7.468093E-07
   2.077500E+04  6.579954E-06  7.216844E-07
   2.080500E+04  7.028885E-06  7.458771E-07
   2.083500E+04  7.424721E-06  7.665889E-07
   2.086500E+04  6.888136E-06  7.383728E-07
   2.089500E+04  6.263565E-06  7.041074E-07
   2.092500E+04  6.940608E-06  7.411953E-07
   2.095500E+04  6.764691E-06  7.317428E-07
   2.098500E+04  7.575130E-06  7.742731E-07
   2.101500E+04  7.275182E-06  7.588310E-07
   2.104500E+04  6.958219E-06  7.421339E-07
   2.107500E+04  7.275207E-06  7.588310E-07
   2.110500E+04  7.451116E-06  7.679498E-07
   2.113500E+04  7.072550E-06  7.482062E-07
   2.116500E+04  7.046467E-06  7.468099E-07
   2.119500E+04  6.923022E-06  7.402555E-07
   2.122500E+04  6.940600E-06  7.411955E-07
   2.125500E+04  6.905417E-06  7.393145E-07
   2.128500E+04  6.975782E-06  7.430713E-07
   2.131500E+04  7.213279E-06  7.556128E-07
   2.134500E+04  7.195686E-06  7.546909E-07
   2.137500E+04  7.477196E-06  7.693078E-07
   2.140500E+04  6.905400E-06  7.393145E-07
   2.143500E+04  6.720683E-06  7.293605E-07
   2.146500E+04  7.196542E-06  7.546950E-07
   2.149500E+04  7.573956E-06  7.742685E-07
   2.152500E+04  7.230877E-06  7.565335E-07
   2.155500E+04  6.773448E-06  7.322183E-07
   2.158500E+04  7.257282E-06  7.579125E-07
   2.161500E+04  7.151724E-06  7.523814E-07
   2.164500E+04  6.923004E-06  7.402555E-07
   2.167500E+04  7.107730E-06  7.500647E-07
   2.170500E+04  7.468391E-06  7.688552E-07
   2.173500E+04  7.354024E-06  7.629474E-07
   2.176500E+04  7.178115E-06  7.537680E-07
   2.179500E+04  7.442011E-06  7.674959E-07
   2.182500E+04  7.178099E-06  7.537680E-07
   2.185500E+04  7.600350E-06  7.756159E-07
   2.188500E+04  7.134120E-06  7.514556E-07
   2.191500E+04  6.843829E-06  7.360115E-07
   2.194500E+04  7.371629E-06  7.638593E-07
   2.197500E+04  7.063742E-06  7.477409E-07
   2.200500E+04  7.591560E-06  7.751670E-07
   2.203500E+04  7.230913E-06  7.565335E-07
   2.206500E+04  7.151714E-06  7.523814E-07
   2.209500E+04  7.239666E-06  7.569934E-07
   2.212500E+04  7.512384E-06  7.711154E-07
   2.215500E+04  7.767487E-06  7.840958E-07
   2.218500E+04  7.160522E-06  7.528439E-07
   2.221500E+04  7.785092E-06  7.849830E-07
   2.224500E+04  7.811469E-06  7.863121E-07
   2.227500E+04  7.151713E-06  7.523814E-07
   2.230500E+04  7.362854E-06  7.634035E-07
   2.233500E+04  7.301251E-06  7.602052E-07
   2.236500E+04  7.222106E-06  7.560733E-07
   2.239500E+04  7.301255E-06  7.602052E-07
   2.242500E+04  7.406817E-06  7.656797E-07
   2.245500E+04  7.899432E-06  7.907261E-07
   2.248500E+04  7.591571E-06  7.751670E-07
   2.251500E+04  7.538758E-06  7.724683E-07
   2.254500E+04  7.688309E-06  7.800905E-07
   2.257500E+04  7.547559E-06  7.729187E-07
   2.260500E+04  7.785104E-06  7.849830E-07
   2.263500E+04  7.820261E-06  7.867546E-07
   2.266500E+04  8.251291E-06  8.081408E-07
   2.269500E+04  7.890646E-06  7.902858E-07
   2.272500E+04  7.582746E-06  7.747179E-07
   2.275500E+04  7.539087E-06  7.724688E-07
   2.278500E+04  7.820267E-06  7.867546E-07
   2.281500E+04  8.295271E-06  8.102913E-07
   2.284500E+04  7.996195E-06  7.955532E-07
   2.287500E+04  7.978597E-06  7.946777E-07
   2.290500E+04  8.066564E-06  7.990454E-07
   2.293500E+04  7.556356E-06  7.733689E-07
   2.296500E+04  7.239676E-06  7.569934E-07
   2.299500E+04  8.145746E-06  8.029561E-07
   2.302500E+04  8.629551E-06  8.264520E-07
   2.305500E+04  8.427228E-06  8.167088E-07
   2.308500E+04  7.785069E-06  7.849830E-07
   2.311500E+04  7.987387E-06  7.951156E-07
   2.314500E+04  7.846667E-06  7.880807E-07
   2.317500E+04  8.013778E-06  7.964277E-07
   2.320500E+04  8.119339E-06  8.016546E-07
   2.323500E+04  8.022574E-06  7.968646E-07
   2.326500E+04  7.987391E-06  7.951155E-07
   2.329500E+04  8.075349E-06  7.994809E-07
   2.332500E+04  8.515203E-06  8.209592E-07
   2.335500E+04  8.392039E-06  8.150024E-07
   2.338500E+04  8.515189E-06  8.209592E-07
   2.341500E+04  8.084152E-06  7.999161E-07
   2.344500E+04  7.424400E-06  7.665883E-07
   2.347500E+04  8.260089E-06  8.085713E-07
   2.350500E+04  8.048959E-06  7.981738E-07
   2.353500E+04  8.673529E-06  8.285549E-07
   2.356500E+04  8.189706E-06  8.051204E-07
   2.359500E+04  8.444819E-06  8.175606E-07
   2.362500E+04  8.629552E-06  8.264520E-07
   2.365500E+04  8.260092E-06  8.085713E-07
   2.368500E+04  8.840658E-06  8.364978E-07
   2.371500E+04  8.585555E-06  8.243437E-07
   2.374500E+04  8.207315E-06  8.059845E-07
   2.377500E+04  8.893440E-06  8.389904E-07
   2.380500E+04  8.119337E-06  8.016546E-07
   2.383500E+04  8.418424E-06  8.162825E-07
   2.386500E+04  8.040173E-06  7.977376E-07
   2.389500E+04  7.987390E-06  7.951155E-07
   2.392500E+04  7.943397E-06  7.929239E-07
   2.395500E+04  8.893749E-06  8.389909E-07
   2.398500E+04  8.541590E-06  8.222300E-07
   2.401500E+04  8.928626E-06  8.406481E-07
   2.404500E+04  8.955019E-06  8.418891E-07
   2.407500E+04  8.955021E-06  8.418891E-07
   2.410500E+04  8.823068E-06  8.356653E-07
   2.413500E+04  8.603146E-06  8.251877E-07
   2.416500E+04  8.752696E-06  8.323268E-07
   2.419500E+04  8.831859E-06  8.360816E-07
   2.422500E+04  8.858257E-06  8.373295E-07
   2.425500E+04  8.770308E-06  8.331627E-07
   2.428500E+04  8.717509E-06  8.306525E-07
   2.431500E+04  8.664736E-06  8.281348E-07
   2.434500E+04  8.664725E-06  8.281348E-07
   2.437500E+04  8.752693E-06  8.323268E-07
   2.440500E+04  9.042985E-06  8.460129E-07
   2.443500E+04  9.095773E-06  8.484776E-07
   2.446500E+04  9.368464E-06  8.610991E-07
   2.449500E+04  8.911037E-06  8.398196E-07
   2.452500E+04  9.236532E-06  8.550152E-07
   2.455500E+04  9.825888E-06  8.818646E-07
   2.458500E+04  9.254098E-06  8.558289E-07
   2.461500E+04  8.752691E-06  8.323268E-07
   2.464500E+04  9.781900E-06  8.798893E-07
   2.467500E+04  9.720325E-06  8.771163E-07
   2.470500E+04  9.157335E-06  8.513440E-07
   2.473500E+04  9.773109E-06  8.794937E-07
   2.476500E+04  9.491612E-06  8.667388E-07
   2.479500E+04  9.113362E-06  8.492975E-07
   2.482500E+04  9.306892E-06  8.582653E-07
   2.485500E+04  9.509205E-06  8.675415E-07
   2.488500E+04  9.298087E-06  8.578597E-07
   2.491500E+04  9.174928E-06  8.521612E-07
   2.494500E+04  9.254100E-06  8.558289E-07
   2.497500E+04  9.834679E-06  8.822592E-07
   2.500500E+04  9.588375E-06  8.711444E-07
   2.503500E+04  9.702737E-06  8.763224E-07
   2.506500E+04  9.491613E-06  8.667388E-07
   2.509500E+04  1.001941E-05  8.905041E-07
   2.512500E+04  9.561988E-06  8.699451E-07
   2.515500E+04  9.544393E-06  8.691446E-07
   2.518500E+04  9.940246E-06  8.869800E-07
   2.521500E+04  9.799498E-06  8.806800E-07
   2.524500E+04  1.061758E-05  9.166928E-07
   2.527500E+04  1.014256E-05  8.959586E-07
   2.530500E+04  1.067037E-05  9.189677E-07
   2.533500E+04  9.852283E-06  8.830477E-07
   2.536500E+04  1.069677E-05  9.201030E-07
   2.539500E+04  1.021296E-05  8.990605E-07
   2.542500E+04  1.001061E-05  8.901133E-07
   2.545500E+04  1.055600E-05  9.140316E-07
   2.548500E+04  1.006340E-05  8.924560E-07
   2.551500E+04  1.021294E-05  8.990605E-07
   2.554500E+04  1.039767E-05  9.071526E-07
   2.557500E+04  1.093426E-05  9.302586E-07
   2.560500E+04  1.082871E-05  9.257588E-07
   2.563500E+04  1.056481E-05  9.144122E-07
   2.566500E+04  1.086389E-05  9.272611E-07
   2.569500E+04  1.108380E-05  9.365963E-07
   2.572500E+04  1.105741E-05  9.354810E-07
   2.575500E+04  1.178754E-05  9.658617E-07
   2.578500E+04  1.152364E-05  9.549924E-07
   2.581500E+04  1.101343E-05  9.336192E-07
   2.584500E+04  1.136530E-05  9.484110E-07
   2.587500E+04  1.141808E-05  9.506099E-07
   2.590500E+04  1.154123E-05  9.557209E-07
   2.593500E+04  1.164680E-05  9.600801E-07
   2.596500E+04  1.185791E-05  9.687396E-07
   2.599500E+04  1.097825E-05  9.321271E-07
   2.602500E+04  1.174356E-05  9.640587E-07
   2.605500E+04  1.198987E-05  9.741126E-07
   2.608500E+04  1.221857E-05  9.833562E-07
   2.611500E+04  1.222738E-05  9.837100E-07
   2.614500E+04  1.240332E-05  9.907592E-07
   2.617500E+04  1.242970E-05  9.918122E-07
   2.620500E+04  1.264962E-05  1.000544E-06
   2.623500E+04  1.209543E-05  9.783898E-07
   2.626500E+04  1.255285E-05  9.967117E-07
   2.629500E+04  1.243849E-05  9.921630E-07
   2.632500E+04  1.319501E-05  1.021878E-06
   2.635500E+04  1.298388E-05  1.013673E-06
   2.638500E+04  1.337094E-05  1.028665E-06
   2.641500E+04  1.321259E-05  1.022559E-06
   2.644500E+04  1.390753E-05  1.049095E-06
   2.647500E+04  1.327418E-05  1.024938E-06
   2.650500E+04  1.407467E-05  1.055377E-06
   2.653500E+04  1.339733E-05  1.029679E-06
   2.656500E+04  1.427699E-05  1.062932E-06
   2.659500E+04  1.447932E-05  1.070434E-06
   2.662500E+04  1.391633E-05  1.049426E-06
   2.665500E+04  1.400430E-05  1.052736E-06
   2.668500E+04  1.426819E-05  1.062605E-06
   2.671500E+04  1.478720E-05  1.081750E-06
   2.674500E+04  1.459367E-05  1.074651E-06
   2.677500E+04  1.454969E-05  1.073031E-06
   2.680500E+04  1.530621E-05  1.100561E-06
   2.683500E+04  1.522703E-05  1.097713E-06
   2.686500E+04  1.511267E-05  1.093585E-06
   2.689500E+04  1.548213E-05  1.106865E-06
   2.692500E+04  1.574604E-05  1.116255E-06
   2.695500E+04  1.528861E-05  1.099929E-06
   2.698500E+04  1.636180E-05  1.137861E-06
   2.701500E+04  1.591317E-05  1.122160E-06
   2.704500E+04  1.669607E-05  1.149420E-06
   2.707500E+04  1.653774E-05  1.143959E-06
   2.710500E+04  1.630902E-05  1.136025E-06
   2.713500E+04  1.693359E-05  1.157562E-06
   2.716500E+04  1.741740E-05  1.173974E-06
   2.719500E+04  1.732064E-05  1.170710E-06
   2.722500E+04  1.725026E-05  1.168331E-06
   2.725500E+04  1.801558E-05  1.193952E-06
   2.728500E+04  1.783085E-05  1.187818E-06
   2.731500E+04  1.838504E-05  1.206126E-06
   2.734500E+04  1.839383E-05  1.206414E-06
   2.737500E+04  1.838503E-05  1.206126E-06
   2.740500E+04  1.867532E-05  1.215606E-06
   2.743500E+04  1.987167E-05  1.253915E-06
   2.746500E+04  1.973972E-05  1.249747E-06
   2.749500E+04  1.946703E-05  1.241090E-06
   2.752500E+04  2.033789E-05  1.268530E-06
   2.755500E+04  2.058420E-05  1.276184E-06
   2.758500E+04  2.026752E-05  1.266335E-06
   2.761500E+04  2.061939E-05  1.277273E-06
   2.764500E+04  2.099764E-05  1.288928E-06
   2.767500E+04  2.115598E-05  1.293776E-06
   2.770500E+04  2.185092E-05  1.314840E-06
   2.773500E+04  2.215001E-05  1.323802E-06
   2.776500E+04  2.190370E-05  1.316426E-06
   2.779500E+04  2.285374E-05  1.344652E-06
   2.782500E+04  2.257225E-05  1.336351E-06
   2.785500E+04  2.241391E-05  1.331659E-06
   2.788500E+04  2.364544E-05  1.367729E-06
   2.791500E+04  2.429639E-05  1.386414E-06
   2.794500E+04  2.338154E-05  1.360080E-06
   2.797500E+04  2.548394E-05  1.419867E-06
   2.800500E+04  2.442834E-05  1.390171E-06
   2.803500E+04  2.507930E-05  1.408557E-06
   2.806500E+04  2.587979E-05  1.430843E-06
   2.809500E+04  2.555432E-05  1.421824E-06
   2.812500E+04  2.716411E-05  1.465889E-06
   2.815500E+04  2.668029E-05  1.452786E-06
   2.818500E+04  2.783265E-05  1.483803E-06
   2.821500E+04  2.742801E-05  1.472986E-06
   2.824500E+04  2.792942E-05  1.486378E-06
   2.827500E+04  2.833407E-05  1.497097E-06
   2.830500E+04  2.884427E-05  1.510505E-06
   2.833500E+04  2.895862E-05  1.513493E-06
   2.836500E+04  3.076194E-05  1.559864E-06
   2.839500E+04  3.004941E-05  1.541709E-06
   2.842500E+04  3.100825E-05  1.566090E-06
   2.845500E+04  3.130734E-05  1.573618E-06
   2.848500E+04  3.103464E-05  1.566756E-06
   2.851500E+04  3.215182E-05  1.594680E-06
   2.854500E+04  3.220460E-05  1.595987E-06
   2.857500E+04  3.465007E-05  1.655414E-06
   2.860500E+04  3.370883E-05  1.632798E-06
   2.863500E+04  3.490517E-05  1.661490E-06
   2.866500E+04  3.464127E-05  1.655204E-06
   2.869500E+04  3.582882E-05  1.683306E-06
   2.872500E+04  3.590799E-05  1.685163E-06
   2.875500E+04  3.653256E-05  1.699739E-06
   2.878500E+04  3.716591E-05  1.714393E-06
   2.881500E+04  3.720990E-05  1.715406E-06
   2.884500E+04  3.939147E-05  1.764918E-06
   2.887500E+04  3.945305E-05  1.766296E-06
   2.890500E+04  4.086052E-05  1.797487E-06
   2.893500E+04  4.032392E-05  1.785660E-06
   2.896500E+04  4.186333E-05  1.819384E-06
   2.899500E+04  4.210964E-05  1.824721E-06
   2.902500E+04  4.147628E-05  1.810964E-06
   2.905500E+04  4.208325E-05  1.824150E-06
   2.908500E+04  4.340275E-05  1.852491E-06
   2.911500E+04  4.538200E-05  1.894202E-06
   2.914500E+04  4.514449E-05  1.889246E-06
   2.917500E+04  4.501254E-05  1.886486E-06
   2.920500E+04  4.529403E-05  1.892368E-06
   2.923500E+04  4.820573E-05  1.952160E-06
   2.926500E+04  4.867195E-05  1.961564E-06
   2.929500E+04  4.808258E-05  1.949668E-06
   2.932500E+04  4.994747E-05  1.987062E-06
   2.935500E+04  5.005303E-05  1.989158E-06
   2.938500E+04  5.214664E-05  2.030269E-06
   2.941500E+04  5.234016E-05  2.034027E-06
   2.944500E+04  5.306149E-05  2.047972E-06
   2.947500E+04  5.516390E-05  2.088085E-06
   2.950500E+04  5.605236E-05  2.104805E-06
   2.953500E+04  5.683526E-05  2.119428E-06
   2.956500E+04  5.753899E-05  2.132486E-06
   2.959500E+04  5.943028E-05  2.167188E-06
   2.962500E+04  6.020438E-05  2.181232E-06
   2.965500E+04  6.245633E-05  2.221577E-06
   2.968500E+04  6.362629E-05  2.242248E-06
   2.971500E+04  6.339757E-05  2.238222E-06
   2.974500E+04  6.692504E-05  2.299525E-06
   2.977500E+04  6.915059E-05  2.337369E-06
   2.980500E+04  6.931773E-05  2.340186E-06
   2.983500E+04  7.023258E-05  2.355546E-06
   2.986500E+04  6.852603E-05  2.326812E-06
   2.989500E+04  7.379523E-05  2.414422E-06
   2.992500E+04  6.879873E-05  2.331427E-06
   2.995500E+04  1.094921E-04  2.939390E-06
   2.998500E+04  2.491480E-04  4.424659E-06
