 #  Results from PENEPMA.
 #  Energy distribution of upbound photons.
 #  1st column: E (eV).
 #  2nd and 3rd columns: probability density and STU (1/(eV*particle)).

   1.500000E+01  1.000000E-35  1.000000E-35
   4.500000E+01  1.000000E-35  1.000000E-35
   7.500001E+01  1.000000E-35  1.000000E-35
   1.050000E+02  6.962095E-07  5.429614E-08
   1.350000E+02  4.821568E-07  2.838563E-08
   1.650000E+02  2.733819E-07  7.893366E-09
   1.950000E+02  2.313885E-07  1.087981E-08
   2.250000E+02  2.391636E-07  1.238115E-08
   2.550000E+02  1.848432E-07  2.804583E-08
   2.850000E+02  1.122819E-07  4.922227E-09
   3.150000E+02  2.461437E-07  3.314947E-08
   3.450000E+02  1.060601E-07  2.674417E-08
   3.750000E+02  1.193278E-07  6.683838E-09
   4.050000E+02  9.338158E-08  4.457282E-09
   4.350000E+02  8.948668E-08  4.347503E-09
   4.650000E+02  1.111039E-07  7.248132E-09
   4.950000E+02  9.991585E-08  6.405911E-09
   5.250001E+02  5.502249E-07  1.921646E-07
   5.550001E+02  1.130187E-07  9.382321E-09
   5.850001E+02  9.393752E-08  6.616325E-09
   6.150001E+02  9.620647E-08  5.564406E-09
   6.450001E+02  9.042437E-08  5.911207E-09
   6.750001E+02  9.427518E-08  2.672591E-08
   7.050001E+02  8.249483E-08  4.179823E-09
   7.350001E+02  8.427328E-08  3.978064E-09
   7.650001E+02  1.002655E-07  5.704943E-09
   7.950001E+02  8.789633E-08  4.121800E-09
   8.250001E+02  8.598743E-08  4.082062E-09
   8.550001E+02  8.479857E-08  4.107350E-09
   8.850001E+02  1.119469E-07  4.588119E-08
   9.150001E+02  1.018950E-07  3.753727E-08
   9.450001E+02  8.843342E-08  4.183319E-09
   9.750001E+02  8.779744E-08  4.120547E-09
   1.005000E+03  9.727208E-08  2.670711E-08
   1.035000E+03  1.145122E-07  4.588980E-08
   1.065000E+03  1.147739E-07  4.589044E-08
   1.095000E+03  1.043754E-07  3.753157E-08
   1.125000E+03  9.642817E-08  2.668841E-08
   1.155000E+03  1.479018E-07  6.993973E-08
   1.185000E+03  9.428128E-08  2.669437E-08
   1.215000E+03  1.461545E-07  6.993387E-08
   1.245000E+03  1.388959E-07  6.476564E-08
   1.275000E+03  1.197549E-07  5.292129E-08
   1.305000E+03  1.302875E-07  5.915519E-08
   1.335000E+03  1.448695E-07  6.992600E-08
   1.365000E+03  1.189707E-07  5.292834E-08
   1.395000E+03  1.027146E-07  3.752606E-08
   1.425000E+03  1.170385E-07  5.292033E-08
   1.455000E+03  1.073039E-07  4.588020E-08
   1.485000E+03  1.514105E-07  7.473712E-08
   1.515000E+03  1.238963E-07  5.912853E-08
   1.545000E+03  3.827294E-07  7.186962E-08
   1.575000E+03  4.359851E-07  3.332610E-08
   1.605000E+03  1.410891E-07  6.992456E-08
   1.635000E+03  1.452990E-07  5.934498E-08
   1.665000E+03  1.138888E-07  5.290872E-08
   1.695000E+03  9.725208E-08  3.751402E-08
   1.725000E+03  2.474075E-05  1.394738E-06
   1.755000E+03  1.190555E-07  5.912600E-08
   1.785000E+03  1.364508E-07  6.992374E-08
   1.815000E+03  1.644435E-07  8.353062E-08
   1.845000E+03  4.747911E-07  1.770754E-07
   1.875000E+03  1.865688E-07  4.691636E-08
   1.905000E+03  1.179474E-07  5.911878E-08
   1.935000E+03  1.088840E-07  5.289720E-08
   1.965000E+03  5.351085E-06  9.067890E-08
   1.995000E+03  2.519471E-07  7.996959E-08
   2.025000E+03  8.854838E-08  3.747994E-08
   2.055000E+03  3.027516E-06  7.405976E-08
   2.085000E+03  1.063180E-07  5.915191E-08
   2.115000E+03  6.939756E-08  3.743830E-08
   2.145000E+03  1.086185E-07  6.987878E-08
   2.175000E+03  7.505641E-08  4.581936E-08
   2.205000E+03  8.827933E-08  5.907402E-08
   2.235000E+03  3.532708E-07  4.162307E-08
   2.265000E+03  6.191071E-08  3.743470E-08
   2.295000E+03  8.086252E-08  5.286136E-08
   2.325000E+03  5.375675E-08  2.653489E-08
   2.355000E+03  5.295927E-08  2.653218E-08
   2.385000E+03  4.515774E-08  2.918309E-09
   2.415000E+03  7.933786E-08  5.285122E-08
   2.445000E+03  8.414483E-08  4.596143E-08
   2.475000E+03  7.922575E-08  5.285074E-08
   2.505000E+03  6.248744E-08  3.742340E-08
   2.535000E+03  6.833532E-08  5.885129E-09
   2.565000E+03  7.391522E-08  3.764604E-08
   2.595000E+03  1.394838E-07  4.666626E-08
   2.625000E+03  3.325396E-07  3.860692E-08
   2.655000E+03  9.007735E-08  5.299777E-08
   2.685000E+03  6.743088E-08  4.578718E-08
   2.715000E+03  6.746338E-08  4.578488E-08
   2.745000E+03  8.553589E-08  5.908991E-08
   2.775000E+03  6.989916E-08  4.583294E-08
   2.805000E+03  1.401919E-07  4.789739E-08
   2.835000E+03  5.021053E-08  2.652518E-08
   2.865000E+03  6.831907E-08  4.578741E-08
   2.895000E+03  9.809666E-08  6.473659E-08
   2.925000E+03  7.415502E-08  5.284224E-08
   2.955000E+03  5.848825E-08  3.743658E-08
   2.985000E+03  2.621188E-06  1.060664E-07
   3.015000E+03  7.623116E-08  5.284567E-08
   3.045000E+03  8.285210E-08  5.906616E-08
   3.075000E+03  7.203091E-08  4.584589E-08
   3.105000E+03  5.725702E-08  3.744493E-08
   3.135000E+03  7.469202E-08  5.284398E-08
   3.165000E+03  1.069838E-06  7.005887E-08
   3.195000E+03  1.445184E-07  6.053062E-08
   3.225000E+03  1.639283E-07  4.122731E-08
   3.255000E+03  7.681869E-08  3.813165E-08
   3.285000E+03  6.434772E-08  4.577871E-08
   3.315000E+03  5.404464E-08  3.740281E-08
   3.345000E+03  3.306313E-07  5.327088E-08
   3.375000E+03  6.337093E-08  4.577704E-08
   3.405000E+03  7.941966E-08  5.906028E-08
   3.435000E+03  8.158587E-08  5.310033E-08
   3.465000E+03  5.218223E-08  3.740977E-08
   3.495000E+03  8.052831E-08  5.906201E-08
   3.525000E+03  1.405955E-07  4.054388E-08
   3.555000E+03  8.832119E-08  6.468812E-08
   3.585000E+03  6.152936E-08  4.577369E-08
   3.615000E+03  7.040407E-08  5.283615E-08
   3.645000E+03  7.933813E-08  5.906037E-08
   3.675000E+03  4.471370E-08  2.650468E-08
   3.705000E+03  8.418007E-08  5.317917E-08
   3.735000E+03  9.772055E-08  5.951143E-08
   3.765000E+03  7.067757E-08  5.283692E-08
   3.795000E+03  4.278438E-08  2.649839E-08
   3.825000E+03  7.015983E-08  5.283612E-08
   3.855000E+03  5.957417E-08  4.577144E-08
   3.885000E+03  1.130401E-07  7.920611E-08
   3.915000E+03  6.928409E-08  5.283464E-08
   3.945000E+03  6.116812E-08  4.577304E-08
   3.975000E+03  5.144581E-08  3.739720E-08
   4.005000E+03  5.024010E-08  3.739601E-08
   4.035000E+03  5.936528E-08  4.577109E-08
   4.065000E+03  6.032510E-08  4.577156E-08
   4.095000E+03  5.129338E-08  3.739683E-08
   4.125000E+03  4.099452E-08  2.649223E-08
   4.155000E+03  6.887153E-08  5.283467E-08
   4.185000E+03  5.154864E-08  3.739936E-08
   4.215000E+03  6.761195E-08  5.283153E-08
   4.245000E+03  5.972602E-08  4.577020E-08
   4.275000E+03  8.549083E-08  6.468437E-08
   4.305000E+03  9.388531E-08  6.986018E-08
   4.335000E+03  5.731947E-08  4.576553E-08
   4.365000E+03  4.069643E-08  2.649383E-08
   4.395000E+03  8.395661E-08  6.468246E-08
   4.425000E+03  6.705356E-08  5.283137E-08
   4.455000E+03  9.360477E-08  6.985994E-08
   4.485000E+03  5.631622E-08  4.576363E-08
   4.515000E+03  4.966112E-08  3.739340E-08
   4.545000E+03  7.558340E-08  5.905557E-08
   4.575000E+03  4.969622E-08  3.739292E-08
   4.605000E+03  5.682515E-08  4.576435E-08
   4.635000E+03  5.651189E-08  4.576407E-08
   4.665000E+03  4.909923E-08  3.739173E-08
   4.695000E+03  8.389767E-08  6.468219E-08
   4.725000E+03  7.358945E-08  5.905251E-08
   4.755000E+03  4.696249E-08  3.738677E-08
   4.785000E+03  6.548335E-08  5.282917E-08
   4.815000E+03  6.495162E-08  5.282843E-08
   4.845000E+03  8.351677E-08  6.468262E-08
   4.875000E+03  5.593418E-08  4.576425E-08
   4.905000E+03  8.445302E-08  6.468300E-08
   4.935000E+03  5.547632E-08  4.576189E-08
   4.965000E+03  5.591353E-08  4.576416E-08
   4.995000E+03  6.441578E-08  5.282607E-08
   5.025001E+03  7.299843E-08  5.905072E-08
   5.055001E+03  5.493841E-08  4.576112E-08
   5.085001E+03  6.305768E-08  5.282420E-08
   5.115001E+03  7.219327E-08  5.904987E-08
   5.145001E+03  8.874610E-08  6.985384E-08
   5.175001E+03  6.401688E-08  5.282629E-08
   5.205001E+03  4.503420E-08  3.738256E-08
   5.235001E+03  4.599963E-08  3.738491E-08
   5.265001E+03  5.390971E-08  4.575877E-08
   5.295001E+03  3.675211E-08  2.648091E-08
   5.325001E+03  8.027971E-08  6.467730E-08
   5.355001E+03  6.332194E-08  5.282440E-08
   5.385001E+03  6.377051E-08  5.282533E-08
   5.415001E+03  7.856347E-08  6.467499E-08
   5.445001E+03  7.182510E-08  5.904929E-08
   5.475001E+03  3.610135E-08  2.647588E-08
   5.505001E+03  6.977437E-08  5.904625E-08
   5.535001E+03  6.302397E-08  5.282376E-08
   5.565001E+03  6.061986E-08  5.282016E-08
   5.595001E+03  6.158880E-08  5.282152E-08
   5.625001E+03  4.332373E-08  3.737854E-08
   5.655001E+03  4.295313E-08  3.737915E-08
   5.685001E+03  6.249511E-08  5.282320E-08
   5.715001E+03  6.151510E-08  5.282139E-08
   5.745001E+03  5.096230E-08  4.575362E-08
   5.775001E+03  4.407804E-08  3.738043E-08
   5.805001E+03  5.123412E-08  4.575421E-08
   5.835001E+03  3.355030E-08  2.646794E-08
   5.865001E+03  5.254606E-08  4.575616E-08
   5.895001E+03  5.287747E-08  4.575698E-08
   5.925001E+03  4.381987E-08  3.738126E-08
   5.955001E+03  4.149743E-08  3.737469E-08
   5.985001E+03  4.328872E-08  3.737865E-08
   6.015001E+03  5.219783E-08  4.575626E-08
   6.045001E+03  4.975814E-08  4.575239E-08
   6.075001E+03  4.294670E-08  3.737763E-08
   6.105001E+03  4.238275E-08  3.737637E-08
   6.135001E+03  6.048910E-08  5.282019E-08
   6.165001E+03  3.396905E-08  2.646970E-08
   6.195001E+03  4.153034E-08  3.737647E-08
   6.225001E+03  6.936251E-08  5.904541E-08
   6.255001E+03  3.381971E-08  2.646977E-08
   6.285001E+03  4.997547E-08  4.575158E-08
   6.315001E+03  3.179670E-08  2.646436E-08
   6.345001E+03  3.229371E-08  2.646392E-08
   6.375001E+03  4.200702E-08  3.737504E-08
   6.405001E+03  4.178383E-08  3.737820E-08
   6.435001E+03  7.632792E-08  6.467212E-08
   6.465001E+03  4.203454E-08  3.737571E-08
   6.495001E+03  4.113407E-08  3.737367E-08
   6.525001E+03  5.842462E-08  5.281647E-08
   6.555001E+03  7.675389E-08  6.467281E-08
   6.585001E+03  2.311329E-08  1.952208E-09
   6.615001E+03  4.059903E-08  3.737215E-08
   6.645001E+03  4.137528E-08  3.737378E-08
   6.675001E+03  4.058492E-08  3.737223E-08
   6.705001E+03  5.907424E-08  5.281776E-08
   6.735001E+03  4.756896E-08  4.574733E-08
   6.765001E+03  4.068608E-08  3.737252E-08
   6.795001E+03  4.029486E-08  3.737140E-08
   6.825001E+03  5.709440E-08  5.281429E-08
   6.855001E+03  3.184055E-08  2.646277E-08
   6.885001E+03  9.263512E-08  7.466686E-08
   6.915001E+03  6.632633E-08  5.904113E-08
   6.945001E+03  5.771546E-08  5.281544E-08
   6.975001E+03  4.836448E-08  4.574889E-08
   7.005001E+03  5.802308E-08  5.281567E-08
   7.035001E+03  2.084727E-08  1.868311E-09
   7.065001E+03  6.612677E-08  5.904052E-08
   7.095001E+03  2.107437E-08  1.866326E-09
   7.125001E+03  3.055059E-08  2.645844E-08
   7.155001E+03  5.673242E-08  5.281361E-08
   7.185001E+03  3.111240E-08  2.646045E-08
   7.215001E+03  3.920240E-08  3.736886E-08
   7.245001E+03  6.542620E-08  5.904009E-08
   7.275001E+03  6.550947E-08  5.904039E-08
   7.305001E+03  3.921275E-08  3.736924E-08
   7.335001E+03  6.517261E-08  5.903967E-08
   7.365001E+03  1.972935E-08  1.807252E-09
   7.395001E+03  2.105337E-08  1.874337E-09
   7.425001E+03  2.927577E-08  2.645452E-08
   7.455001E+03  3.728547E-08  3.736497E-08
   7.485001E+03  3.847742E-08  3.736746E-08
   7.515001E+03  4.657044E-08  4.574542E-08
   7.545001E+03  6.355990E-08  5.903750E-08
   7.575001E+03  4.613001E-08  4.574489E-08
   7.605001E+03  4.653121E-08  4.574553E-08
   7.635001E+03  5.501235E-08  5.281101E-08
   7.665001E+03  3.769635E-08  3.736570E-08
   7.695001E+03  4.567341E-08  4.574395E-08
   7.725001E+03  1.933365E-08  1.790767E-09
   7.755001E+03  2.919170E-08  2.645671E-08
   7.785001E+03  4.644966E-08  4.574522E-08
   7.815001E+03  5.483378E-08  5.281068E-08
   7.845001E+03  2.862958E-08  2.645226E-08
   7.875001E+03  1.856910E-08  1.753852E-09
   7.905001E+03  3.814433E-08  3.736764E-08
   7.935001E+03  2.778417E-08  2.644930E-08
   7.965001E+03  3.622471E-08  3.736234E-08
   7.995001E+03  4.606670E-08  4.574462E-08
   8.025001E+03  5.487713E-08  5.281068E-08
   8.055001E+03  1.522508E-07  3.908823E-08
   8.085001E+03  3.634342E-08  3.736277E-08
   8.115001E+03  4.537372E-08  4.574312E-08
   8.145001E+03  5.382217E-08  5.280925E-08
   8.175001E+03  1.060109E-07  8.347022E-08
   8.205001E+03  1.843147E-08  1.743019E-09
   8.235001E+03  1.995781E-08  1.821966E-09
   8.265001E+03  4.414706E-08  4.574087E-08
   8.295001E+03  3.683891E-08  3.737943E-08
   8.325001E+03  1.794729E-08  1.727436E-09
   8.355001E+03  4.437415E-08  4.574162E-08
   8.385001E+03  2.766099E-08  2.644887E-08
   8.415001E+03  4.408856E-08  4.574138E-08
   8.445001E+03  3.600071E-08  3.736220E-08
   8.475001E+03  3.450154E-08  3.735872E-08
   8.505001E+03  2.618728E-08  2.644444E-08
   8.535001E+03  3.635374E-08  3.736295E-08
   8.565001E+03  7.217455E-08  6.466683E-08
   8.595001E+03  5.360346E-08  5.281132E-08
   8.625001E+03  2.632320E-08  2.644496E-08
   8.655001E+03  1.961568E-08  2.070628E-09
   8.685001E+03  2.594209E-08  2.644601E-08
   8.715001E+03  4.394406E-08  4.574055E-08
   8.745001E+03  2.624921E-08  2.644516E-08
   8.775001E+03  7.031812E-08  6.466452E-08
   8.805001E+03  2.586694E-08  2.644391E-08
   8.835001E+03  2.598554E-08  2.644629E-08
   8.865001E+03  3.498028E-08  3.736333E-08
   8.895001E+03  4.439930E-08  4.574425E-08
   8.925001E+03  3.513876E-08  3.736318E-08
   8.955001E+03  4.362581E-08  4.574087E-08
   8.985001E+03  1.680013E-08  1.665188E-09
   9.015001E+03  7.070658E-08  6.466590E-08
   9.045001E+03  5.195870E-08  5.280877E-08
   9.075001E+03  3.522717E-08  3.736043E-08
   9.105001E+03  2.322651E-07  4.032324E-08
   9.135001E+03  1.719209E-08  1.680239E-09
   9.165001E+03  1.711173E-06  6.388972E-08
   9.195001E+03  3.376039E-08  3.735679E-08
   9.225001E+03  4.253642E-08  4.573782E-08
   9.255001E+03  3.409140E-08  3.735759E-08
   9.285001E+03  2.553421E-08  2.644258E-08
   9.315001E+03  2.491246E-08  2.644042E-08
   9.345001E+03  3.308565E-08  3.735507E-08
   9.375001E+03  4.318673E-08  4.573923E-08
   9.405001E+03  4.183139E-08  4.573679E-08
   9.435001E+03  2.442593E-08  2.643890E-08
   9.465001E+03  3.393140E-08  3.735757E-08
   9.495001E+03  5.131405E-08  5.280531E-08
   9.525001E+03  4.343378E-08  4.573954E-08
   9.555001E+03  3.261907E-08  3.735425E-08
   9.585001E+03  2.492480E-08  2.644053E-08
   9.615001E+03  2.481164E-08  2.644050E-08
   9.645001E+03  5.144762E-08  3.763322E-08
   9.675001E+03  3.351598E-08  3.735798E-08
   9.705001E+03  3.363205E-08  3.735690E-08
   9.735001E+03  5.121575E-08  5.280520E-08
   9.765001E+03  2.372572E-08  2.643613E-08
   9.795001E+03  4.943134E-08  5.280225E-08
   9.825001E+03  2.399375E-08  2.643849E-08
   9.855001E+03  2.382275E-08  2.643738E-08
   9.885001E+03  2.430446E-08  2.643877E-08
   9.915001E+03  3.247445E-08  3.735416E-08
   9.945001E+03  2.506787E-08  2.644359E-08
   9.975001E+03  4.138855E-08  4.573630E-08
   1.000500E+04  4.199586E-08  4.573728E-08
   1.003500E+04  1.605282E-08  1.634168E-09
   1.006500E+04  2.285995E-08  2.643363E-08
   1.009500E+04  3.198974E-08  3.735303E-08
   1.012500E+04  3.298030E-08  3.735576E-08
   1.015500E+04  4.873491E-08  5.280131E-08
   1.018500E+04  1.427805E-08  1.541349E-09
   1.021500E+04  1.474737E-08  1.570297E-09
   1.024500E+04  4.969657E-08  5.280286E-08
   1.027500E+04  3.256590E-08  3.735779E-08
   1.030500E+04  3.165823E-08  3.735417E-08
   1.033500E+04  1.437595E-08  1.583008E-09
   1.036500E+04  4.066215E-08  4.573473E-08
   1.039500E+04  3.196796E-08  3.735461E-08
   1.042500E+04  5.899287E-08  5.903304E-08
   1.045500E+04  4.050942E-08  4.573458E-08
   1.048500E+04  2.352982E-08  2.643845E-08
   1.051500E+04  8.057633E-08  4.622171E-08
   1.054500E+04  3.969572E-08  5.614237E-09
   1.057500E+04  2.334666E-08  2.644094E-08
   1.060500E+04  2.336685E-08  2.644095E-08
   1.063500E+04  1.388834E-08  1.560934E-09
   1.066500E+04  3.985064E-08  4.573320E-08
   1.069500E+04  6.847104E-07  3.892701E-08
   1.072500E+04  3.100141E-08  3.735435E-08
   1.075500E+04  2.220373E-08  2.643436E-08
   1.078500E+04  3.132704E-08  3.735154E-08
   1.081500E+04  3.111883E-08  3.735093E-08
   1.084500E+04  4.043028E-08  4.573431E-08
   1.087500E+04  7.362428E-08  2.770224E-08
   1.090500E+04  3.738627E-07  3.330092E-08
   1.093500E+04  1.363942E-08  1.517334E-09
   1.096500E+04  5.798129E-08  5.902977E-08
   1.099500E+04  3.966160E-08  4.573279E-08
   1.102500E+04  1.335384E-08  1.489570E-09
   1.105500E+04  2.153598E-08  2.642995E-08
   1.108500E+04  1.439365E-08  1.554690E-09
   1.111500E+04  3.401800E-08  3.740772E-08
   1.114500E+04  4.108923E-08  4.575323E-08
   1.117500E+04  3.079680E-08  3.735090E-08
   1.120500E+04  5.185158E-08  3.775612E-08
   1.123500E+04  3.857430E-08  4.573107E-08
   1.126500E+04  2.121598E-08  2.642879E-08
   1.129500E+04  4.108808E-08  4.575467E-08
   1.132500E+04  2.143475E-08  2.642983E-08
   1.135500E+04  1.282877E-08  1.463406E-09
   1.138500E+04  6.601215E-08  6.466761E-08
   1.141500E+04  2.139869E-08  2.642982E-08
   1.144500E+04  2.100161E-08  2.642879E-08
   1.147500E+04  2.911906E-08  3.734706E-08
   1.150500E+04  2.117503E-08  2.642884E-08
   1.153500E+04  2.942667E-08  3.734731E-08
   1.156500E+04  3.880438E-08  4.573274E-08
   1.159500E+04  2.190345E-08  2.643139E-08
   1.162500E+04  2.926426E-08  3.734725E-08
   1.165500E+04  3.803237E-08  4.573001E-08
   1.168500E+04  2.970951E-08  3.734801E-08
   1.171500E+04  4.639549E-08  5.279771E-08
   1.174500E+04  3.787960E-08  4.572946E-08
   1.177500E+04  1.192899E-08  1.407580E-09
   1.180500E+04  3.847658E-08  4.573107E-08
   1.183500E+04  2.045315E-08  2.642662E-08
   1.186500E+04  2.019749E-08  2.642618E-08
   1.189500E+04  1.242757E-08  1.441504E-09
   1.192500E+04  1.178069E-08  1.403915E-09
   1.195500E+04  2.883519E-08  3.734611E-08
   1.198500E+04  2.960628E-08  3.734802E-08
   1.201500E+04  2.115978E-08  2.643150E-08
   1.204500E+04  2.070738E-08  2.642777E-08
   1.207500E+04  2.902891E-08  3.734675E-08
   1.210500E+04  1.195171E-08  1.403691E-09
   1.213500E+04  1.132325E-08  1.417239E-09
   1.216500E+04  2.920818E-08  3.734712E-08
   1.219500E+04  1.572746E-08  2.714656E-09
   1.222500E+04  2.004265E-08  2.642565E-08
   1.225500E+04  1.172382E-08  1.387252E-09
   1.228500E+04  2.036369E-08  2.642604E-08
   1.231500E+04  1.953130E-08  2.642408E-08
   1.234500E+04  3.778016E-08  4.572934E-08
   1.237500E+04  3.740376E-08  4.572986E-08
   1.240500E+04  1.070957E-08  1.336208E-09
   1.243500E+04  1.109150E-08  1.351886E-09
   1.246500E+04  2.009392E-08  2.642571E-08
   1.249500E+04  2.005012E-08  2.642549E-08
   1.252500E+04  1.071576E-08  1.333073E-09
   1.255500E+04  1.574018E-07  3.924619E-08
   1.258500E+04  1.143317E-08  1.383412E-09
   1.261500E+04  1.118509E-08  1.366444E-09
   1.264500E+04  1.130999E-08  1.376924E-09
   1.267500E+04  1.101328E-08  1.353179E-09
   1.270500E+04  1.931733E-08  2.642302E-08
   1.273500E+04  1.073159E-08  1.334928E-09
   1.276500E+04  2.028832E-08  2.644549E-08
   1.279500E+04  2.067028E-08  2.644165E-08
   1.282500E+04  5.698195E-08  5.296897E-08
   1.285500E+04  1.990208E-08  3.440431E-09
   1.288500E+04  1.105847E-08  1.351877E-09
   1.291500E+04  4.348054E-08  3.765158E-08
   1.294500E+04  1.009160E-08  1.288095E-09
   1.297500E+04  1.952928E-08  2.642408E-08
   1.300500E+04  2.807374E-08  3.734437E-08
   1.303500E+04  1.902004E-08  2.642277E-08
   1.306500E+04  9.866567E-09  1.275720E-09
   1.309500E+04  9.988938E-09  1.432730E-09
   1.312500E+04  1.827545E-08  2.641963E-08
   1.315500E+04  1.081726E-08  1.350660E-09
   1.318500E+04  1.077150E-08  1.349177E-09
   1.321500E+04  1.054750E-08  1.321989E-09
   1.324500E+04  1.886039E-08  2.642218E-08
   1.327500E+04  1.031077E-08  1.313451E-09
   1.330500E+04  9.487728E-09  1.259478E-09
   1.333500E+04  3.856962E-08  4.576369E-08
   1.336500E+04  1.058157E-08  1.326983E-09
   1.339500E+04  9.700379E-09  1.255186E-09
   1.342500E+04  9.987680E-09  1.291477E-09
   1.345500E+04  1.865084E-08  2.642112E-08
   1.348500E+04  9.398609E-09  1.257618E-09
   1.351500E+04  9.993186E-09  1.291146E-09
   1.354500E+04  2.747435E-08  3.734314E-08
   1.357500E+04  1.814573E-08  2.641896E-08
   1.360500E+04  2.770179E-08  3.734361E-08
   1.363500E+04  1.897875E-08  2.642233E-08
   1.366500E+04  4.467818E-08  5.279487E-08
   1.369500E+04  9.528675E-09  1.258424E-09
   1.372500E+04  1.887312E-08  2.642229E-08
   1.375500E+04  1.908198E-08  2.642231E-08
   1.378500E+04  1.864843E-08  2.642112E-08
   1.381500E+04  9.802218E-09  1.283964E-09
   1.384500E+04  9.139515E-09  1.239616E-09
   1.387500E+04  9.454694E-09  1.261512E-09
   1.390500E+04  1.801567E-08  2.641892E-08
   1.393500E+04  3.621803E-08  4.572665E-08
   1.396500E+04  9.260979E-09  1.242463E-09
   1.399500E+04  3.533201E-08  4.572520E-08
   1.402500E+04  1.820457E-08  2.641970E-08
   1.405500E+04  1.809343E-08  2.641967E-08
   1.408500E+04  8.999477E-09  1.222878E-09
   1.411500E+04  1.859785E-08  2.642086E-08
   1.414500E+04  9.796712E-09  1.284296E-09
   1.417500E+04  1.829850E-08  2.641991E-08
   1.420500E+04  9.344592E-09  1.244689E-09
   1.423500E+04  2.741447E-08  3.734316E-08
   1.426500E+04  1.771253E-08  2.641820E-08
   1.429500E+04  1.740526E-08  2.641721E-08
   1.432500E+04  8.750015E-09  1.209873E-09
   1.435500E+04  9.448499E-09  1.264825E-09
   1.438500E+04  9.412028E-09  1.258262E-09
   1.441500E+04  9.462268E-09  1.252205E-09
   1.444500E+04  9.505274E-09  1.265732E-09
   1.447500E+04  9.758862E-09  1.283700E-09
   1.450500E+04  1.769223E-08  2.641847E-08
   1.453500E+04  9.451257E-09  1.252887E-09
   1.456500E+04  8.505720E-09  1.185508E-09
   1.459500E+04  1.777516E-08  2.641760E-08
   1.462500E+04  1.801291E-08  2.641949E-08
   1.465500E+04  1.760449E-08  2.641810E-08
   1.468500E+04  2.651952E-08  3.734111E-08
   1.471500E+04  9.622611E-09  1.262922E-09
   1.474500E+04  2.683779E-08  3.734183E-08
   1.477500E+04  1.739253E-08  2.641704E-08
   1.480500E+04  9.109239E-09  1.232847E-09
   1.483500E+04  8.900725E-09  1.215496E-09
   1.486500E+04  1.745722E-08  2.641713E-08
   1.489500E+04  1.742419E-08  2.641723E-08
   1.492500E+04  8.440002E-09  1.175713E-09
   1.495500E+04  2.611350E-08  3.734017E-08
   1.498500E+04  8.697027E-09  1.204076E-09
   1.501500E+04  8.704252E-09  1.208216E-09
   1.504500E+04  8.039831E-09  1.156298E-09
   1.507500E+04  9.600588E-09  1.266311E-09
   1.510500E+04  1.815571E-08  2.641970E-08
   1.513500E+04  1.733645E-08  2.641685E-08
   1.516500E+04  1.767399E-08  2.641831E-08
   1.519500E+04  1.723047E-08  2.641632E-08
   1.522500E+04  9.035948E-09  1.229629E-09
   1.525500E+04  8.081807E-09  1.163069E-09
   1.528500E+04  3.481933E-08  4.572426E-08
   1.531500E+04  8.073893E-09  1.162004E-09
   1.534500E+04  8.772038E-09  1.208459E-09
   1.537500E+04  8.062193E-09  1.165966E-09
   1.540500E+04  3.377676E-08  4.572233E-08
   1.543500E+04  3.462045E-08  4.572398E-08
   1.546500E+04  2.600684E-08  3.733989E-08
   1.549500E+04  2.613414E-08  3.734032E-08
   1.552500E+04  1.752156E-08  2.641785E-08
   1.555500E+04  1.669818E-08  2.641473E-08
   1.558500E+04  7.811702E-09  1.144326E-09
   1.561500E+04  1.701748E-08  2.641604E-08
   1.564500E+04  1.737361E-08  2.641702E-08
   1.567500E+04  1.682239E-08  2.641542E-08
   1.570500E+04  2.660657E-08  3.734147E-08
   1.573500E+04  8.371177E-09  1.192733E-09
   1.576500E+04  1.723288E-08  2.641639E-08
   1.579500E+04  1.663521E-08  2.641485E-08
   1.582500E+04  1.725421E-08  2.641646E-08
   1.585500E+04  7.187539E-09  1.091594E-09
   1.588500E+04  8.315441E-09  1.174486E-09
   1.591500E+04  7.875361E-09  1.138374E-09
   1.594500E+04  8.527392E-09  1.198080E-09
   1.597500E+04  7.911832E-09  1.145624E-09
   1.600500E+04  1.700097E-08  2.641609E-08
   1.603500E+04  1.623436E-08  2.641301E-08
   1.606500E+04  8.170237E-09  1.168300E-09
   1.609500E+04  1.669267E-08  2.641475E-08
   1.612500E+04  7.659273E-09  1.133579E-09
   1.615500E+04  7.584953E-09  1.125571E-09
   1.618500E+04  1.655917E-08  2.641430E-08
   1.621500E+04  1.688639E-08  2.641565E-08
   1.624500E+04  1.649310E-08  2.641450E-08
   1.627500E+04  3.484789E-08  4.572436E-08
   1.630500E+04  7.875012E-09  1.152944E-09
   1.633500E+04  8.017808E-09  1.157775E-09
   1.636500E+04  1.643667E-08  2.641382E-08
   1.639500E+04  1.637199E-08  2.641373E-08
   1.642500E+04  8.052560E-09  1.160241E-09
   1.645500E+04  2.505579E-08  3.733770E-08
   1.648500E+04  3.407370E-08  4.572284E-08
   1.651500E+04  7.480696E-09  1.117929E-09
   1.654500E+04  7.368525E-09  1.109118E-09
   1.657500E+04  7.033392E-09  1.075292E-09
   1.660500E+04  1.666514E-08  2.641483E-08
   1.663500E+04  2.548314E-08  3.733870E-08
   1.666500E+04  1.668648E-08  2.641491E-08
   1.669500E+04  7.363019E-09  1.109504E-09
   1.672500E+04  7.519575E-09  1.126789E-09
   1.675500E+04  6.952186E-09  1.074265E-09
   1.678500E+04  8.041549E-09  1.160977E-09
   1.681500E+04  7.986843E-09  1.150231E-09
   1.684500E+04  2.457958E-08  3.733671E-08
   1.687500E+04  1.684923E-08  2.641548E-08
   1.690500E+04  7.085690E-09  1.085247E-09
   1.693500E+04  1.679555E-08  2.641536E-08
   1.696500E+04  6.817993E-09  1.066697E-09
   1.699500E+04  7.177907E-09  1.085477E-09
   1.702500E+04  7.300399E-09  1.097126E-09
   1.705500E+04  7.477598E-09  1.119799E-09
   1.708500E+04  1.653714E-08  2.641437E-08
   1.711500E+04  7.478977E-09  1.113068E-09
   1.714500E+04  7.376439E-09  1.110234E-09
   1.717500E+04  1.602997E-08  2.641263E-08
   1.720500E+04  1.555823E-08  2.641086E-08
   1.723500E+04  7.941419E-09  1.161093E-09
   1.726500E+04  7.302118E-09  1.102057E-09
   1.729500E+04  2.466973E-08  3.733702E-08
   1.732500E+04  7.107712E-09  1.083671E-09
   1.735500E+04  1.567866E-08  2.641177E-08
   1.738500E+04  1.615728E-08  2.641324E-08
   1.741500E+04  1.659977E-08  2.641488E-08
   1.744500E+04  7.231584E-09  1.088458E-09
   1.747500E+04  6.728874E-09  1.064500E-09
   1.750500E+04  6.815585E-09  1.065135E-09
   1.753500E+04  1.579565E-08  2.641227E-08
   1.756500E+04  6.982812E-09  1.070321E-09
   1.759500E+04  7.681922E-09  1.135390E-09
   1.762500E+04  1.569758E-08  2.641179E-08
   1.765500E+04  7.245343E-09  1.101014E-09
   1.768500E+04  7.038548E-09  1.090313E-09
   1.771500E+04  6.914336E-09  1.073552E-09
   1.774500E+04  7.325859E-09  1.105420E-09
   1.777500E+04  1.573956E-08  2.641208E-08
   1.780500E+04  2.373108E-08  3.733461E-08
   1.783500E+04  6.776706E-09  1.055758E-09
   1.786500E+04  1.545225E-08  2.641146E-08
   1.789500E+04  6.553394E-09  1.045820E-09
   1.792500E+04  7.165516E-09  1.093159E-09
   1.795500E+04  1.578704E-08  2.641236E-08
   1.798500E+04  6.705822E-09  1.057460E-09
   1.801500E+04  2.403387E-08  3.733556E-08
   1.804500E+04  1.530980E-08  2.641061E-08
   1.807500E+04  7.004485E-09  1.084230E-09
   1.810500E+04  6.750207E-09  1.066422E-09
   1.813500E+04  2.442096E-08  3.733650E-08
   1.816500E+04  6.699627E-09  1.061409E-09
   1.819500E+04  6.970761E-09  1.090044E-09
   1.822500E+04  7.139707E-09  1.100052E-09
   1.825500E+04  6.342844E-09  1.022405E-09
   1.828500E+04  2.390656E-08  3.733513E-08
   1.831500E+04  6.903325E-09  1.074348E-09
   1.834500E+04  7.000358E-09  1.077674E-09
   1.837500E+04  1.552795E-08  2.641151E-08
   1.840500E+04  1.611874E-08  2.641335E-08
   1.843500E+04  6.205181E-09  1.021811E-09
   1.846500E+04  6.671070E-09  1.054754E-09
   1.849500E+04  1.579014E-08  2.641228E-08
   1.852500E+04  1.505862E-08  2.640981E-08
   1.855500E+04  6.050344E-09  1.008110E-09
   1.858500E+04  1.536451E-08  2.641108E-08
   1.861500E+04  6.248536E-09  1.022142E-09
   1.864500E+04  6.062045E-09  1.003525E-09
   1.867500E+04  6.243031E-09  1.022560E-09
   1.870500E+04  6.988657E-09  1.081945E-09
   1.873500E+04  1.575436E-08  2.641193E-08
   1.876500E+04  6.574727E-09  1.047776E-09
   1.879500E+04  1.503763E-08  2.641022E-08
   1.882500E+04  6.268151E-09  1.018836E-09
   1.885500E+04  6.325955E-09  1.028922E-09
   1.888500E+04  1.529397E-08  2.641052E-08
   1.891500E+04  1.508994E-08  2.640951E-08
   1.894500E+04  6.430212E-09  1.037221E-09
   1.897500E+04  6.610169E-09  1.046917E-09
   1.900500E+04  6.497680E-09  1.035917E-09
   1.903500E+04  6.537906E-09  1.055775E-09
   1.906500E+04  1.567108E-08  2.641221E-08
   1.909500E+04  3.292137E-08  4.572079E-08
   1.912500E+04  1.527126E-08  2.641073E-08
   1.915500E+04  6.493182E-09  1.034290E-09
   1.918500E+04  1.488727E-08  2.640933E-08
   1.921500E+04  6.594681E-09  1.056862E-09
   1.924500E+04  6.368621E-09  1.032894E-09
   1.927500E+04  1.506344E-08  2.640993E-08
   1.930500E+04  5.763722E-09  9.877243E-10
   1.933500E+04  6.314254E-09  1.033394E-09
   1.936500E+04  6.201744E-09  1.011143E-09
   1.939500E+04  5.768199E-09  9.779506E-10
   1.942500E+04  1.482665E-08  2.640867E-08
   1.945500E+04  6.119159E-09  1.017463E-09
   1.948500E+04  5.951593E-09  9.991416E-10
   1.951500E+04  6.256450E-09  1.023352E-09
   1.954500E+04  6.148406E-09  1.020686E-09
   1.957500E+04  1.494404E-08  2.640937E-08
   1.960500E+04  1.494404E-08  2.640937E-08
   1.963500E+04  6.307030E-09  1.028550E-09
   1.966500E+04  6.250255E-09  1.027432E-09
   1.969500E+04  1.444960E-08  2.640781E-08
   1.972500E+04  6.333179E-09  1.033764E-09
   1.975500E+04  1.468495E-08  2.640852E-08
   1.978500E+04  6.086475E-09  1.003481E-09
   1.981500E+04  5.571036E-09  9.727565E-10
   1.984500E+04  5.969488E-09  9.902991E-10
   1.987500E+04  1.486215E-08  2.640947E-08
   1.990500E+04  5.972926E-09  1.001189E-09
   1.993500E+04  5.601661E-09  9.683997E-10
   1.996500E+04  5.920967E-09  1.003365E-09
   1.999500E+04  6.369650E-09  1.041743E-09
   2.002500E+04  5.469876E-09  9.617297E-10
   2.005500E+04  1.451050E-08  2.640812E-08
   2.008500E+04  6.002862E-09  1.000718E-09
   2.011500E+04  1.472314E-08  2.640904E-08
   2.014500E+04  6.303932E-09  1.030582E-09
   2.017500E+04  1.437630E-08  2.640782E-08
   2.020500E+04  5.420675E-09  9.482778E-10
   2.023500E+04  5.707233E-09  9.772208E-10
   2.026500E+04  1.431128E-08  2.640724E-08
   2.029500E+04  1.435526E-08  2.640739E-08
   2.032500E+04  5.586937E-09  1.320857E-09
   2.035500E+04  1.439041E-08  2.640771E-08
   2.038500E+04  5.426181E-09  9.478271E-10
   2.041500E+04  5.630908E-09  9.717861E-10
   2.044500E+04  1.480084E-08  2.640896E-08
   2.047500E+04  5.422394E-09  9.539781E-10
   2.050500E+04  5.419582E-09  9.465288E-10
   2.053500E+04  6.061664E-09  1.010968E-09
   2.056500E+04  1.480612E-08  2.640902E-08
   2.059500E+04  1.398852E-08  2.640664E-08
   2.062500E+04  6.140194E-09  1.357788E-09
   2.065500E+04  5.320142E-09  9.409723E-10
   2.068500E+04  5.426181E-09  9.478271E-10
   2.071500E+04  5.214188E-09  9.380933E-10
   2.074500E+04  5.691025E-09  9.806953E-10
   2.077500E+04  5.741700E-09  9.894532E-10
   2.080500E+04  1.399093E-08  2.640671E-08
   2.083500E+04  5.263367E-09  9.397508E-10
   2.086500E+04  5.531083E-09  1.315524E-09
   2.089500E+04  5.570632E-09  9.671750E-10
   2.092500E+04  5.320545E-09  9.467084E-10
   2.095500E+04  5.718670E-09  9.933075E-10
   2.098500E+04  5.537662E-09  9.620354E-10
   2.101500E+04  6.040064E-09  1.356692E-09
   2.104500E+04  5.956111E-09  1.345067E-09
   2.107500E+04  5.607879E-09  9.757101E-10
   2.110500E+04  1.444443E-08  2.640832E-08
   2.113500E+04  5.165241E-09  9.341623E-10
   2.116500E+04  5.690717E-09  9.785317E-10
   2.119500E+04  2.316124E-08  3.733352E-08
   2.122500E+04  5.539063E-09  9.659529E-10
   2.125500E+04  5.377320E-09  9.479209E-10
   2.128500E+04  5.354894E-09  9.440045E-10
   2.131500E+04  5.529059E-09  9.646506E-10
   2.134500E+04  2.277827E-08  3.733278E-08
   2.137500E+04  5.579639E-09  9.701631E-10
   2.140500E+04  5.016377E-09  9.163931E-10
   2.143500E+04  5.414480E-09  9.526800E-10
   2.146500E+04  1.407695E-08  2.640687E-08
   2.149500E+04  5.725872E-09  9.869487E-10
   2.152500E+04  1.425071E-08  2.640742E-08
   2.155500E+04  5.487422E-09  9.699059E-10
   2.158500E+04  5.062077E-09  9.295047E-10
   2.161500E+04  5.392458E-09  9.544725E-10
   2.164500E+04  5.305779E-09  9.343387E-10
   2.167500E+04  5.103428E-09  9.311290E-10
   2.170500E+04  5.365302E-09  9.510450E-10
   2.173500E+04  1.412412E-08  2.640709E-08
   2.176500E+04  1.412822E-08  2.640693E-08
   2.179500E+04  5.339470E-09  9.471127E-10
   2.182500E+04  5.951951E-09  1.353406E-09
   2.185500E+04  5.586174E-09  9.791420E-10
   2.188500E+04  5.149881E-09  9.292437E-10
   2.191500E+04  4.805455E-09  8.956295E-10
   2.194500E+04  5.123042E-09  9.274983E-10
   2.197500E+04  1.403670E-08  2.640678E-08
   2.200500E+04  4.446246E-08  1.137929E-08
   2.203500E+04  5.003987E-09  9.254799E-10
   2.206500E+04  1.420394E-08  2.640742E-08
   2.209500E+04  1.343318E-08  2.640477E-08
   2.212500E+04  1.369840E-08  2.640575E-08
   2.215500E+04  7.427404E-08  1.374677E-08
   2.218500E+04  4.663348E-09  8.851402E-10
   2.221500E+04  4.732853E-09  8.915743E-10
   2.224500E+04  5.581730E-09  9.701833E-10
   2.227500E+04  5.020504E-09  9.240938E-10
   2.230500E+04  5.063170E-09  9.285150E-10
   2.233500E+04  4.541545E-09  8.663326E-10
   2.236500E+04  5.197363E-09  9.372000E-10
   2.239500E+04  4.794444E-09  8.965831E-10
   2.242500E+04  5.526651E-09  9.629233E-10
   2.245500E+04  5.369746E-09  9.601822E-10
   2.248500E+04  4.886597E-09  9.052093E-10
   2.251500E+04  5.006745E-09  9.090973E-10
   2.254500E+04  5.196270E-09  9.354303E-10
   2.257500E+04  4.945494E-09  9.183531E-10
   2.260500E+04  5.157105E-09  9.346030E-10
   2.263500E+04  4.909712E-09  9.051516E-10
   2.266500E+04  5.154697E-09  9.328200E-10
   2.269500E+04  4.329244E-09  8.531911E-10
   2.272500E+04  4.409420E-09  8.436745E-10
   2.275500E+04  4.636509E-09  8.833076E-10
   2.278500E+04  1.348894E-08  2.640489E-08
   2.281500E+04  4.953407E-09  9.196996E-10
   2.284500E+04  4.678858E-09  8.860772E-10
   2.287500E+04  4.834702E-09  8.992900E-10
   2.290500E+04  4.860851E-09  9.052497E-10
   2.293500E+04  4.888379E-09  9.028865E-10
   2.296500E+04  4.845023E-09  9.025116E-10
   2.299500E+04  4.414576E-09  8.627380E-10
   2.302500E+04  4.798856E-09  8.942554E-10
   2.305500E+04  1.315957E-08  2.640383E-08
   2.308500E+04  5.171903E-09  9.274026E-10
   2.311500E+04  5.116444E-09  9.261715E-10
   2.314500E+04  4.654745E-09  8.879819E-10
   2.317500E+04  4.702227E-09  8.963046E-10
   2.320500E+04  4.454145E-09  8.698804E-10
   2.323500E+04  5.073492E-09  9.316355E-10
   2.326500E+04  4.765197E-09  8.929115E-10
   2.329500E+04  1.351337E-08  2.640489E-08
   2.332500E+04  1.365201E-08  2.640553E-08
   2.335500E+04  4.614837E-09  8.661789E-10
   2.338500E+04  4.444512E-09  8.621911E-10
   2.341500E+04  1.348754E-08  2.640475E-08
   2.344500E+04  4.248411E-09  8.455308E-10
   2.347500E+04  5.063170E-09  9.285150E-10
   2.350500E+04  4.434191E-09  8.588183E-10
   2.353500E+04  4.769324E-09  9.008129E-10
   2.356500E+04  1.307464E-08  2.640372E-08
   2.359500E+04  5.064571E-09  9.325734E-10
   2.362500E+04  4.865953E-09  8.987740E-10
   2.365500E+04  1.294595E-08  2.640340E-08
   2.368500E+04  1.356668E-08  2.640522E-08
   2.371500E+04  4.077375E-09  8.324438E-10
   2.374500E+04  4.411479E-09  8.651596E-10
   2.377500E+04  4.603476E-09  8.862053E-10
   2.380500E+04  1.363549E-08  2.640558E-08
   2.383500E+04  4.863259E-09  9.070869E-10
   2.386500E+04  4.774829E-09  9.003384E-10
   2.389500E+04  1.322707E-08  2.640418E-08
   2.392500E+04  4.802376E-09  1.270389E-09
   2.395500E+04  4.149287E-09  8.412634E-10
   2.398500E+04  4.606573E-09  8.838414E-10
   2.401500E+04  4.540166E-09  8.749628E-10
   2.404500E+04  4.549459E-09  8.677599E-10
   2.407500E+04  4.268682E-09  8.586825E-10
   2.410500E+04  4.587648E-09  8.834081E-10
   2.413500E+04  4.399778E-09  8.704734E-10
   2.416500E+04  4.398059E-09  8.642226E-10
   2.419500E+04  5.074871E-09  9.235351E-10
   2.422500E+04  4.060858E-09  8.339823E-10
   2.425500E+04  1.298690E-08  2.640335E-08
   2.428500E+04  4.337847E-09  8.502331E-10
   2.431500E+04  4.685710E-09  8.977336E-10
   2.434500E+04  4.488207E-09  8.774517E-10
   2.437500E+04  4.338876E-09  8.609608E-10
   2.440500E+04  4.358491E-09  8.570330E-10
   2.443500E+04  4.529155E-09  8.759389E-10
   2.446500E+04  3.957290E-09  8.190634E-10
   2.449500E+04  4.594555E-09  8.871913E-10
   2.452500E+04  1.333064E-08  2.640465E-08
   2.455500E+04  4.307222E-09  8.551921E-10
   2.458500E+04  4.433501E-09  8.631817E-10
   2.461500E+04  4.008559E-09  8.209854E-10
   2.464500E+04  4.383611E-09  8.525861E-10
   2.467500E+04  4.269032E-09  8.390178E-10
   2.470500E+04  1.291120E-08  2.640329E-08
   2.473500E+04  4.422490E-09  8.641712E-10
   2.476500E+04  1.284720E-08  2.640306E-08
   2.479500E+04  3.917032E-09  8.160904E-10
   2.482500E+04  1.264488E-08  2.640225E-08
   2.485500E+04  3.656909E-09  7.763276E-10
   2.488500E+04  3.785936E-09  8.035016E-10
   2.491500E+04  1.023553E-08  4.036989E-09
   2.494500E+04  2.536360E-08  7.652329E-09
   2.497500E+04  4.049507E-09  8.193684E-10
   2.500500E+04  4.383950E-09  8.676255E-10
   2.503500E+04  4.315825E-09  8.522410E-10
   2.506500E+04  4.251826E-09  8.450020E-10
   2.509500E+04  4.024387E-09  8.239946E-10
   2.512500E+04  4.232901E-09  8.445487E-10
   2.515500E+04  1.302824E-08  2.640352E-08
   2.518500E+04  3.834108E-09  8.080539E-10
   2.521500E+04  3.992042E-09  8.225453E-10
   2.524500E+04  1.266243E-08  2.640255E-08
   2.527500E+04  3.779402E-09  7.925353E-10
   2.530500E+04  1.244910E-08  2.640177E-08
   2.533500E+04  4.096299E-09  8.329037E-10
   2.536500E+04  4.023008E-09  8.330634E-10
   2.539500E+04  1.325563E-08  2.640445E-08
   2.542500E+04  8.436449E-09  3.339594E-09
   2.545500E+04  1.299000E-08  2.640327E-08
   2.548500E+04  4.109719E-09  8.338759E-10
   2.551500E+04  3.976215E-09  8.195308E-10
   2.554500E+04  4.142403E-09  8.506505E-10
   2.557500E+04  4.129333E-09  8.298199E-10
   2.560500E+04  4.122449E-09  8.393350E-10
   2.563500E+04  1.272953E-08  2.640270E-08
   2.566500E+04  4.154793E-09  8.407553E-10
   2.569500E+04  4.085978E-09  8.294118E-10
   2.572500E+04  3.939055E-09  8.139934E-10
   2.575500E+04  4.285199E-09  8.571883E-10
   2.578500E+04  3.762195E-09  7.988677E-10
   2.581500E+04  4.118322E-09  8.308491E-10
   2.584500E+04  3.959698E-09  8.210935E-10
   2.587500E+04  4.188856E-09  8.485866E-10
   2.590500E+04  4.142063E-09  8.353055E-10
   2.593500E+04  1.267413E-08  2.640237E-08
   2.596500E+04  4.215005E-09  8.548999E-10
   2.599500E+04  3.849246E-09  8.157297E-10
   2.602500E+04  3.854412E-09  7.991805E-10
   2.605500E+04  3.920130E-09  8.135228E-10
   2.608500E+04  1.233900E-08  2.640097E-08
   2.611500E+04  1.208644E-08  2.640045E-08
   2.614500E+04  1.275946E-08  2.640268E-08
   2.617500E+04  3.720219E-09  7.889771E-10
   2.620500E+04  4.473070E-09  8.703205E-10
   2.623500E+04  3.628692E-09  7.838821E-10
   2.626500E+04  3.241600E-09  7.381977E-10
   2.629500E+04  3.779741E-09  8.086922E-10
   2.632500E+04  3.849246E-09  8.157297E-10
   2.635500E+04  3.931481E-09  8.282398E-10
   2.638500E+04  1.256437E-08  2.640206E-08
   2.641500E+04  3.540262E-09  7.760627E-10
   2.644500E+04  3.671358E-09  7.890895E-10
   2.647500E+04  3.784218E-09  7.967254E-10
   2.650500E+04  3.383707E-09  7.507435E-10
   2.653500E+04  3.287363E-09  7.409067E-10
   2.656500E+04  3.891572E-09  8.048199E-10
   2.659500E+04  3.607359E-09  7.812654E-10
   2.662500E+04  1.212119E-08  2.640056E-08
   2.665500E+04  3.564003E-09  7.808319E-10
   2.668500E+04  3.416740E-09  7.473208E-10
   2.671500E+04  4.024387E-09  8.239946E-10
   2.674500E+04  1.234553E-08  2.640131E-08
   2.677500E+04  3.871958E-09  8.090012E-10
   2.680500E+04  3.443919E-09  7.665509E-10
   2.683500E+04  3.412264E-09  7.600659E-10
   2.686500E+04  3.564003E-09  7.808319E-10
   2.689500E+04  3.308007E-09  7.487002E-10
   2.692500E+04  3.372695E-09  7.518809E-10
   2.695500E+04  3.289082E-09  7.481886E-10
   2.698500E+04  3.828603E-09  8.085826E-10
   2.701500E+04  3.290111E-09  7.603574E-10
   2.704500E+04  3.718150E-09  8.031352E-10
   2.707500E+04  3.366500E-09  7.574254E-10
   2.710500E+04  3.545768E-09  7.807756E-10
   2.713500E+04  3.491401E-09  7.761769E-10
   2.716500E+04  3.424994E-09  7.660512E-10
   2.719500E+04  3.437724E-09  7.719901E-10
   2.722500E+04  1.220583E-08  2.640101E-08
   2.725500E+04  3.385425E-09  7.579308E-10
   2.728500E+04  3.235405E-09  7.438442E-10
   2.731500E+04  3.417770E-09  7.595035E-10
   2.734500E+04  3.251232E-09  7.471641E-10
   2.737500E+04  3.532348E-09  7.744664E-10
   2.740500E+04  3.216480E-09  7.433291E-10
   2.743500E+04  3.733978E-09  8.062111E-10
   2.746500E+04  3.158676E-09  7.293032E-10
   2.749500E+04  2.855537E-09  7.026784E-10
   2.752500E+04  3.635916E-09  7.902278E-10
   2.755500E+04  3.300093E-09  7.470455E-10
   2.758500E+04  2.936053E-09  7.095632E-10
   2.761500E+04  3.131148E-09  7.322267E-10
   2.764500E+04  3.039621E-09  7.267338E-10
   2.767500E+04  3.623186E-09  7.844270E-10
   2.770500E+04  2.959794E-09  7.147763E-10
   2.773500E+04  3.293209E-09  7.576009E-10
   2.776500E+04  2.789130E-09  6.914770E-10
   2.779500E+04  1.210467E-08  2.640061E-08
   2.782500E+04  3.199963E-09  7.450516E-10
   2.785500E+04  3.111533E-09  7.368201E-10
   2.788500E+04  2.863111E-09  6.858287E-10
   2.791500E+04  3.118418E-09  7.259626E-10
   2.794500E+04  3.039621E-09  7.267338E-10
   2.797500E+04  2.634983E-09  6.654412E-10
   2.800500E+04  2.754378E-09  6.873313E-10
   2.803500E+04  3.020006E-09  7.313617E-10
   2.806500E+04  2.984225E-09  7.147144E-10
   2.809500E+04  2.886852E-09  6.912208E-10
   2.812500E+04  3.218888E-09  7.455654E-10
   2.815500E+04  3.384736E-09  7.628715E-10
   2.818500E+04  3.130458E-09  7.373396E-10
   2.821500E+04  2.914720E-09  7.066714E-10
   2.824500E+04  3.318329E-09  7.525668E-10
   2.827500E+04  3.131148E-09  7.322267E-10
   2.830500E+04  2.698292E-09  6.801563E-10
   2.833500E+04  2.631885E-09  6.685777E-10
   2.836500E+04  2.733045E-09  6.843455E-10
   2.839500E+04  2.778119E-09  6.927118E-10
   2.842500E+04  2.875151E-09  6.978604E-10
   2.845500E+04  2.730636E-09  6.819085E-10
   2.848500E+04  2.749561E-09  6.824699E-10
   2.851500E+04  2.663540E-09  6.759412E-10
   2.854500E+04  3.057856E-09  7.324082E-10
   2.857500E+04  2.549651E-09  6.530157E-10
   2.860500E+04  2.586122E-09  6.655743E-10
   2.863500E+04  2.522122E-09  6.562791E-10
   2.866500E+04  3.034115E-09  7.273215E-10
   2.869500E+04  2.505606E-09  6.582293E-10
   2.872500E+04  2.675580E-09  6.881458E-10
   2.875500E+04  2.444704E-09  6.455965E-10
   2.878500E+04  2.943967E-09  7.113052E-10
   2.881500E+04  2.609173E-09  6.767039E-10
   2.884500E+04  2.692787E-09  6.807842E-10
   2.887500E+04  2.714120E-09  6.837856E-10
   2.890500E+04  2.332533E-09  6.302152E-10
   2.893500E+04  2.406854E-09  6.444089E-10
   2.896500E+04  2.005654E-09  5.929742E-10
   2.899500E+04  2.364188E-09  6.380216E-10
   2.902500E+04  2.574421E-09  6.724671E-10
   2.905500E+04  2.865169E-09  7.120922E-10
   2.908500E+04  2.093394E-09  6.093691E-10
   2.911500E+04  2.230684E-09  6.191544E-10
   2.914500E+04  1.848409E-09  5.661038E-10
   2.917500E+04  2.355585E-09  6.419581E-10
   2.920500E+04  2.243414E-09  6.264874E-10
   2.923500E+04  1.913097E-09  5.703041E-10
   2.926500E+04  2.098899E-09  6.086675E-10
   2.929500E+04  1.685658E-09  5.386863E-10
   2.932500E+04  2.013567E-09  5.950575E-10
   2.935500E+04  2.095802E-09  6.120950E-10
   2.938500E+04  2.147071E-09  6.146649E-10
   2.941500E+04  2.050038E-09  6.088129E-10
   2.944500E+04  2.065866E-09  6.128648E-10
   2.947500E+04  1.834989E-09  5.646706E-10
   2.950500E+04  1.628883E-09  5.365489E-10
   2.953500E+04  2.012878E-09  6.013379E-10
   2.956500E+04  1.364284E-09  4.937354E-10
   2.959500E+04  1.737957E-09  5.582946E-10
   2.962500E+04  1.967804E-09  5.916809E-10
   2.965500E+04  1.641613E-09  5.449946E-10
   2.968500E+04  1.428283E-09  5.060256E-10
   2.971500E+04  1.491593E-09  5.252265E-10
   2.974500E+04  1.195339E-09  4.710118E-10
   2.977500E+04  1.270349E-09  4.821103E-10
   2.980500E+04  1.150264E-09  4.586185E-10
   2.983500E+04  8.777513E-10  4.046543E-10
   2.986500E+04  8.240740E-10  3.965634E-10
   2.989500E+04  8.533208E-10  4.047634E-10
   2.992500E+04  5.333255E-10  3.199942E-10
   2.995500E+04  4.321660E-10  2.847151E-10
   2.998500E+04  3.413283E-10  2.559957E-10
