 #  Results from PENEPMA.
 #  Probability of emission of bremmstrahlung photons.
 #  1st column: E (eV).
 #  2nd and 3rd columns: probability density and STU (1/(eV*sr*electron)).

   1.050000E+02  1.304320E-06  7.610212E-08
   1.350000E+02  9.767103E-07  6.570694E-08
   1.650000E+02  8.081732E-07  6.023719E-08
   1.950000E+02  6.236098E-07  5.206647E-08
   2.250000E+02  5.341937E-07  4.805366E-08
   2.550000E+02  4.586735E-07  4.442404E-08
   2.850000E+02  4.192946E-07  4.269954E-08
   3.150000E+02  3.681597E-07  3.981110E-08
   3.450000E+02  3.415517E-07  3.857087E-08
   3.750000E+02  3.174765E-07  3.723292E-08
   4.050000E+02  3.060238E-07  3.693196E-08
   4.350000E+02  2.679725E-07  3.413877E-08
   4.650000E+02  2.452875E-07  3.254981E-08
   4.950000E+02  2.277890E-07  3.123775E-08
   5.250001E+02  2.221372E-07  3.116387E-08
   5.550001E+02  1.941835E-07  2.857979E-08
   5.850001E+02  1.843719E-07  2.795435E-08
   6.150001E+02  1.672776E-07  2.632923E-08
   6.450001E+02  1.753718E-07  2.755579E-08
   6.750001E+02  1.598305E-07  2.599148E-08
   7.050001E+02  1.703571E-07  2.755463E-08
   7.350001E+02  1.365736E-07  2.367988E-08
   7.650001E+02  1.412043E-07  2.450517E-08
   7.950001E+02  1.351254E-07  2.395689E-08
   8.250001E+02  1.251120E-07  2.282603E-08
   8.550001E+02  1.255514E-07  2.311260E-08
   8.850001E+02  1.452548E-07  2.590064E-08
   9.150001E+02  1.236460E-07  2.330240E-08
   9.450001E+02  1.018903E-07  2.026485E-08
   9.750001E+02  9.842820E-08  1.993523E-08
   1.005000E+03  9.317907E-08  1.925958E-08
   1.035000E+03  9.793059E-08  2.015448E-08
   1.065000E+03  1.011228E-07  2.080001E-08
   1.095000E+03  8.556365E-08  1.844150E-08
   1.125000E+03  9.323841E-08  1.982301E-08
   1.155000E+03  9.346247E-08  2.004422E-08
   1.185000E+03  8.696034E-08  1.914295E-08
   1.215000E+03  8.252917E-08  1.855695E-08
   1.245000E+03  8.633975E-08  1.925722E-08
   1.275000E+03  7.375316E-08  1.720008E-08
   1.305000E+03  7.451821E-08  1.745447E-08
   1.335000E+03  7.958942E-08  1.843806E-08
   1.365000E+03  7.194841E-08  1.719926E-08
   1.395000E+03  7.244604E-08  1.745349E-08
   1.425000E+03  7.070478E-08  1.719913E-08
   1.455000E+03  6.918671E-08  1.707011E-08
   1.485000E+03  7.055734E-08  1.732633E-08
   1.515000E+03  6.765298E-08  1.693970E-08
   1.545000E+03  6.858926E-08  1.719804E-08
   1.575000E+03  6.364578E-08  1.627599E-08
   1.605000E+03  6.011654E-08  1.572447E-08
   1.635000E+03  5.964767E-08  1.572397E-08
   1.665000E+03  5.456213E-08  1.470960E-08
   1.695000E+03  5.913030E-08  1.572379E-08
   1.725000E+03  7.002140E-08  1.782746E-08
   1.755000E+03  5.341422E-08  1.470908E-08
   1.785000E+03  5.368622E-08  1.485835E-08
   1.815000E+03  5.484890E-08  1.515146E-08
   1.845000E+03  4.929012E-08  1.393920E-08
   1.875000E+03  4.351936E-08  1.278358E-08
   1.905000E+03  4.763944E-08  1.377944E-08
   1.935000E+03  5.186040E-08  1.470817E-08
   1.965000E+03  5.016446E-08  1.440583E-08
   1.995000E+03  4.824538E-08  1.409583E-08
   2.025000E+03  4.475716E-08  1.329002E-08
   2.055000E+03  4.771570E-08  1.409490E-08
   2.085000E+03  4.544292E-08  1.361746E-08
   2.115000E+03  4.447058E-08  1.345454E-08
   2.145000E+03  4.273236E-08  1.312236E-08
   2.175000E+03  4.252911E-08  1.312227E-08
   2.205000E+03  4.465403E-08  1.361709E-08
   2.235000E+03  3.794639E-08  1.207175E-08
   2.265000E+03  4.119431E-08  1.295304E-08
   2.295000E+03  3.683879E-08  1.188774E-08
   2.325000E+03  4.227662E-08  1.328915E-08
   2.355000E+03  3.567453E-08  1.170053E-08
   2.385000E+03  3.632597E-08  1.188769E-08
   2.415000E+03  3.869595E-08  1.260722E-08
   2.445000E+03  3.289224E-08  1.112012E-08
   2.475000E+03  4.044611E-08  1.312145E-08
   2.505000E+03  3.908458E-08  1.278076E-08
   2.535000E+03  3.743697E-08  1.243074E-08
   2.565000E+03  3.665151E-08  1.225203E-08
   2.595000E+03  3.596115E-08  1.207096E-08
   2.625000E+03  2.718771E-08  9.632376E-09
   2.655000E+03  3.056250E-08  1.071585E-08
   2.685000E+03  3.736372E-08  1.260651E-08
   2.715000E+03  3.799723E-08  1.278104E-08
   2.745000E+03  3.287385E-08  1.150916E-08
   2.775000E+03  3.429653E-08  1.188612E-08
   2.805000E+03  3.471490E-08  1.207006E-08
   2.835000E+03  3.334400E-08  1.169903E-08
   2.865000E+03  3.177920E-08  1.131568E-08
   2.895000E+03  2.936942E-08  1.071498E-08
   2.925000E+03  2.720639E-08  1.007861E-08
   2.955000E+03  2.790161E-08  1.029518E-08
   2.985000E+03  3.466702E-08  1.225098E-08
   3.015000E+03  2.632850E-08  9.857287E-09
   3.045000E+03  3.394599E-08  1.206967E-08
   3.075000E+03  2.955512E-08  1.091848E-08
   3.105000E+03  3.135947E-08  1.150823E-08
   3.135000E+03  2.789778E-08  1.050769E-08
   3.165000E+03  2.346524E-08  9.161061E-09
   3.195000E+03  3.194427E-08  1.169833E-08
   3.225000E+03  2.206354E-08  8.666333E-09
   3.255000E+03  2.758912E-08  1.050650E-08
   3.285000E+03  2.370223E-08  9.398412E-09
   3.315000E+03  2.088327E-08  8.407642E-09
   3.345000E+03  2.458572E-08  9.630331E-09
   3.375000E+03  2.439493E-08  9.630165E-09
   3.405000E+03  2.426458E-08  9.630041E-09
   3.435000E+03  2.196810E-08  8.916653E-09
   3.465000E+03  2.165799E-08  8.916366E-09
   3.495000E+03  3.041562E-08  1.150770E-08
   3.525000E+03  1.892965E-08  7.865207E-09
   3.555000E+03  2.102628E-08  8.665523E-09
   3.585000E+03  1.938093E-08  8.140533E-09
   3.615000E+03  2.288073E-08  9.397843E-09
   3.645000E+03  2.419028E-08  9.855872E-09
   3.675000E+03  2.301985E-08  9.400034E-09
   3.705000E+03  2.290543E-08  9.397851E-09
   3.735000E+03  2.457499E-08  1.007695E-08
   3.765000E+03  2.117959E-08  8.916024E-09
   3.795000E+03  1.824448E-08  7.864642E-09
   3.825000E+03  2.530691E-08  1.029350E-08
   3.855000E+03  1.933195E-08  8.406511E-09
   3.885000E+03  2.566232E-08  1.050532E-08
   3.915000E+03  2.216704E-08  9.397366E-09
   3.945000E+03  2.031783E-08  8.665066E-09
   3.975000E+03  2.261918E-08  9.628966E-09
   4.005000E+03  1.915090E-08  8.406444E-09
   4.035000E+03  2.332111E-08  9.855351E-09
   4.065000E+03  2.173355E-08  9.397037E-09
   4.095000E+03  1.620704E-08  7.281748E-09
   4.125000E+03  1.879811E-08  8.406064E-09
   4.155000E+03  1.821683E-08  8.139722E-09
   4.185000E+03  1.818825E-08  8.139657E-09
   4.215000E+03  2.364768E-08  1.007632E-08
   4.245000E+03  1.442965E-08  6.648297E-09
   4.275000E+03  1.950173E-08  8.664420E-09
   4.305000E+03  2.405092E-08  1.029267E-08
   4.335000E+03  1.905509E-08  8.664106E-09
   4.365000E+03  1.980379E-08  8.915033E-09
   4.395000E+03  1.753295E-08  8.139075E-09
   4.425000E+03  2.396720E-08  1.029263E-08
   4.455000E+03  2.379259E-08  1.029249E-08
   4.485000E+03  2.019249E-08  9.158775E-09
   4.515000E+03  1.838336E-08  8.405739E-09
   4.545000E+03  2.298926E-08  1.007593E-08
   4.575000E+03  1.735327E-08  8.138970E-09
   4.605000E+03  2.079276E-08  9.396374E-09
   4.635000E+03  1.442073E-08  6.971368E-09
   4.665000E+03  1.449579E-08  6.971415E-09
   4.695000E+03  1.514487E-08  7.280811E-09
   4.725000E+03  1.920709E-08  8.914579E-09
   4.755000E+03  1.994918E-08  9.158600E-09
   4.785000E+03  1.573131E-08  7.577597E-09
   4.815000E+03  1.967590E-08  9.158461E-09
   4.845000E+03  1.986405E-08  9.158591E-09
   4.875000E+03  1.771112E-08  8.405287E-09
   4.905000E+03  2.195426E-08  9.854417E-09
   4.935000E+03  1.959495E-08  9.158361E-09
   4.965000E+03  1.549545E-08  7.577380E-09
   4.995000E+03  2.024497E-08  9.396019E-09
   5.025001E+03  1.528766E-08  7.577132E-09
   5.055001E+03  1.163559E-08  5.946453E-09
   5.085001E+03  1.447619E-08  7.280287E-09
   5.115001E+03  1.590203E-08  7.862728E-09
   5.145001E+03  1.496540E-08  7.576892E-09
   5.175001E+03  1.874378E-08  8.914255E-09
   5.205001E+03  1.719669E-08  8.404853E-09
   5.235001E+03  1.236422E-08  6.306444E-09
   5.265001E+03  1.500533E-08  7.576901E-09
   5.295001E+03  1.634086E-08  8.138171E-09
   5.325001E+03  1.692063E-08  8.404597E-09
   5.355001E+03  1.351929E-08  6.970512E-09
   5.385001E+03  1.287094E-08  6.646675E-09
   5.415001E+03  1.335364E-08  6.970352E-09
   5.445001E+03  1.900325E-08  9.157946E-09
   5.475001E+03  1.059338E-08  5.562982E-09
   5.505001E+03  1.392006E-08  7.279720E-09
   5.535001E+03  1.406614E-08  7.279852E-09
   5.565001E+03  1.373168E-08  7.279569E-09
   5.595001E+03  1.460549E-08  7.576566E-09
   5.625001E+03  1.102223E-08  5.945836E-09
   5.655001E+03  1.165628E-08  6.305813E-09
   5.685001E+03  1.658798E-08  8.404368E-09
   5.715001E+03  1.233026E-08  6.646190E-09
   5.745001E+03  1.361736E-08  7.279470E-09
   5.775001E+03  1.032759E-08  5.562634E-09
   5.805001E+03  1.086998E-08  5.945647E-09
   5.835001E+03  7.920351E-09  4.208010E-09
   5.865001E+03  1.441266E-08  7.576380E-09
   5.895001E+03  1.147421E-08  6.305538E-09
   5.925001E+03  1.352009E-08  7.279422E-09
   5.955001E+03  1.051657E-08  5.945244E-09
   5.985001E+03  1.210432E-08  6.645982E-09
   6.015001E+03  1.289062E-08  6.969922E-09
   6.045001E+03  1.048577E-08  5.945250E-09
   6.075001E+03  1.144732E-08  6.305482E-09
   6.105001E+03  1.069780E-08  5.945451E-09
   6.135001E+03  1.694708E-08  8.662529E-09
   6.165001E+03  1.201868E-08  6.645903E-09
   6.195001E+03  1.330340E-08  7.279254E-09
   6.225001E+03  1.686586E-08  8.662447E-09
   6.255001E+03  1.057667E-08  5.945304E-09
   6.285001E+03  1.110027E-08  6.305125E-09
   6.315001E+03  9.624979E-09  5.561795E-09
   6.345001E+03  8.908820E-09  5.150045E-09
   6.375001E+03  1.184527E-08  6.645677E-09
   6.405001E+03  1.181185E-08  6.645789E-09
   6.435001E+03  1.384171E-08  7.575909E-09
   6.465001E+03  8.938310E-09  5.150035E-09
   6.495001E+03  1.096287E-08  6.304977E-09
   6.525001E+03  8.880836E-09  5.149995E-09
   6.555001E+03  1.377188E-08  7.575853E-09
   6.585001E+03  1.099349E-08  6.305021E-09
   6.615001E+03  1.297626E-08  7.278891E-09
   6.645001E+03  8.762039E-09  5.149910E-09
   6.675001E+03  1.147324E-08  6.645337E-09
   6.705001E+03  1.158156E-08  6.645455E-09
   6.735001E+03  1.001439E-08  5.944689E-09
   6.765001E+03  7.249842E-09  4.207082E-09
   6.795001E+03  5.958431E-09  2.979984E-09
   6.825001E+03  8.482247E-09  5.149491E-09
   6.855001E+03  9.348961E-09  5.561451E-09
   6.885001E+03  1.211551E-08  6.969219E-09
   6.915001E+03  1.207343E-08  6.969151E-09
   6.945001E+03  8.489531E-09  5.149499E-09
   6.975001E+03  9.193819E-09  5.563175E-09
   7.005001E+03  9.725551E-09  5.944357E-09
   7.035001E+03  1.121328E-08  6.645116E-09
   7.065001E+03  1.271904E-08  7.278623E-09
   7.095001E+03  7.684450E-09  4.701634E-09
   7.125001E+03  9.081629E-09  5.561138E-09
   7.155001E+03  9.059979E-09  5.561118E-09
   7.185001E+03  8.491742E-09  5.149524E-09
   7.215001E+03  9.771328E-09  5.944429E-09
   7.245001E+03  1.108599E-08  6.644938E-09
   7.275001E+03  1.034419E-08  6.304357E-09
   7.305001E+03  6.914497E-09  4.206625E-09
   7.335001E+03  1.100902E-08  6.644878E-09
   7.365001E+03  8.882796E-09  5.560881E-09
   7.395001E+03  5.382631E-09  2.978707E-09
   7.425001E+03  5.371236E-09  2.978681E-09
   7.455001E+03  7.291501E-09  4.701128E-09
   7.485001E+03  8.748163E-09  5.560719E-09
   7.515001E+03  8.826610E-09  5.560812E-09
   7.545001E+03  1.292304E-08  7.575132E-09
   7.575001E+03  8.069311E-09  5.148979E-09
   7.605001E+03  8.723327E-09  5.560716E-09
   7.635001E+03  8.842162E-09  5.560845E-09
   7.665001E+03  9.435500E-09  5.944074E-09
   7.695001E+03  8.628370E-09  5.560574E-09
   7.725001E+03  5.921920E-09  3.644269E-09
   7.755001E+03  9.384015E-09  5.944065E-09
   7.785001E+03  9.461322E-09  5.944068E-09
   7.815001E+03  7.108653E-09  4.700886E-09
   7.845001E+03  8.587626E-09  5.560552E-09
   7.875001E+03  7.937033E-09  5.148785E-09
   7.905001E+03  1.010515E-08  6.304137E-09
   7.935001E+03  9.952903E-09  6.303994E-09
   7.965001E+03  8.560902E-09  5.560517E-09
   7.995001E+03  8.608736E-09  5.560603E-09
   8.025001E+03  1.276886E-08  7.574990E-09
   8.055001E+03  7.087378E-09  4.700845E-09
   8.085001E+03  9.108709E-09  5.943685E-09
   8.115001E+03  9.171929E-09  5.943769E-09
   8.145001E+03  7.006084E-09  4.700720E-09
   8.175001E+03  1.261261E-08  7.574864E-09
   8.205001E+03  6.265679E-09  4.205487E-09
   8.235001E+03  6.332845E-09  4.205622E-09
   8.265001E+03  7.010957E-09  4.700737E-09
   8.295001E+03  7.689807E-09  5.148523E-09
   8.325001E+03  6.918980E-09  4.700619E-09
   8.355001E+03  8.291772E-09  5.560204E-09
   8.385001E+03  5.585761E-09  3.643638E-09
   8.415001E+03  9.038336E-09  5.943647E-09
   8.445001E+03  6.952717E-09  4.700679E-09
   8.475001E+03  7.516677E-09  5.148249E-09
   8.505001E+03  7.552106E-09  5.148358E-09
   8.535001E+03  7.000880E-09  4.700754E-09
   8.565001E+03  1.327570E-08  7.860554E-09
   8.595001E+03  6.917750E-09  4.700648E-09
   8.625001E+03  4.720526E-09  2.977222E-09
   8.655001E+03  6.184767E-09  4.205404E-09
   8.685001E+03  6.670527E-09  4.700251E-09
   8.715001E+03  9.512786E-09  6.303475E-09
   8.745001E+03  5.453591E-09  3.643460E-09
   8.775001E+03  8.913173E-09  5.943507E-09
   8.805001E+03  6.761212E-09  4.700408E-09
   8.835001E+03  6.046628E-09  4.205173E-09
   8.865001E+03  7.539375E-09  5.148323E-09
   8.895001E+03  8.125869E-09  5.560019E-09
   8.925001E+03  7.420214E-09  5.148146E-09
   8.955001E+03  8.058484E-09  5.559902E-09
   8.985001E+03  5.295793E-09  3.643153E-09
   9.015001E+03  1.158020E-08  7.277648E-09
   9.045001E+03  7.388696E-09  5.148113E-09
   9.075001E+03  7.363891E-09  5.148070E-09
   9.105001E+03  5.946496E-09  4.205019E-09
   9.135001E+03  3.802665E-09  2.109718E-09
   9.165001E+03  7.985723E-09  5.559843E-09
   9.195001E+03  8.644813E-09  5.943203E-09
   9.225001E+03  9.325307E-09  6.303281E-09
   9.255001E+03  7.936281E-09  5.559782E-09
   9.285001E+03  5.290344E-09  3.643167E-09
   9.315001E+03  5.193936E-09  3.642934E-09
   9.345001E+03  6.550761E-09  4.700105E-09
   9.375001E+03  7.271012E-09  5.147949E-09
   9.405001E+03  8.555167E-09  5.943094E-09
   9.435001E+03  5.049746E-09  3.642717E-09
   9.465001E+03  5.168936E-09  3.642952E-09
   9.495001E+03  9.273146E-09  6.303240E-09
   9.525001E+03  7.231473E-09  5.147896E-09
   9.555001E+03  4.317803E-09  2.976373E-09
   9.585001E+03  5.067484E-09  3.642791E-09
   9.615001E+03  6.570420E-09  4.700172E-09
   9.645001E+03  7.097634E-09  5.147765E-09
   9.675001E+03  7.808082E-09  5.559642E-09
   9.705001E+03  5.646617E-09  4.204546E-09
   9.735001E+03  7.170331E-09  5.147828E-09
   9.765001E+03  4.963741E-09  3.642552E-09
   9.795001E+03  8.356705E-09  5.942871E-09
   9.825001E+03  4.979129E-09  3.642619E-09
   9.855001E+03  4.117098E-09  2.975915E-09
   9.885001E+03  5.624766E-09  4.204542E-09
   9.915001E+03  4.901476E-09  3.642455E-09
   9.945001E+03  5.675613E-09  4.204610E-09
   9.975001E+03  6.931293E-09  5.147522E-09
   1.000500E+04  7.051496E-09  5.147692E-09
   1.003500E+04  4.250691E-09  2.976240E-09
   1.006500E+04  4.785266E-09  3.642210E-09
   1.009500E+04  4.885020E-09  3.642430E-09
   1.012500E+04  6.288530E-09  4.699774E-09
   1.015500E+04  6.121231E-09  4.699507E-09
   1.018500E+04  6.173885E-09  4.699615E-09
   1.021500E+04  5.604367E-09  4.204516E-09
   1.024500E+04  7.616405E-09  5.559419E-09
   1.027500E+04  4.865250E-09  3.642426E-09
   1.030500E+04  6.195461E-09  4.699651E-09
   1.033500E+04  4.082274E-09  2.975831E-09
   1.036500E+04  5.449718E-09  4.204259E-09
   1.039500E+04  6.920258E-09  5.147519E-09
   1.042500E+04  9.670052E-09  6.643574E-09
   1.045500E+04  6.832419E-09  5.147426E-09
   1.048500E+04  4.830148E-09  3.642330E-09
   1.051500E+04  6.923626E-09  5.147550E-09
   1.054500E+04  5.473513E-09  4.204271E-09
   1.057500E+04  5.390110E-09  4.204147E-09
   1.060500E+04  5.384879E-09  4.204170E-09
   1.063500E+04  4.622270E-09  3.641937E-09
   1.066500E+04  5.996564E-09  4.699354E-09
   1.069500E+04  4.731000E-09  3.642180E-09
   1.072500E+04  5.973780E-09  4.699322E-09
   1.075500E+04  5.282720E-09  4.203994E-09
   1.078500E+04  6.662437E-09  5.147196E-09
   1.081500E+04  5.990757E-09  4.699307E-09
   1.084500E+04  4.742007E-09  3.642206E-09
   1.087500E+04  3.932603E-09  2.975550E-09
   1.090500E+04  4.617780E-09  3.641913E-09
   1.093500E+04  5.269221E-09  4.203987E-09
   1.096500E+04  7.386986E-09  5.559163E-09
   1.099500E+04  6.661533E-09  5.147176E-09
   1.102500E+04  2.441063E-09  1.789274E-10
   1.105500E+04  3.783595E-09  2.975174E-09
   1.108500E+04  4.655373E-09  3.642032E-09
   1.111500E+04  3.867053E-09  2.975410E-09
   1.114500E+04  8.015128E-09  5.942496E-09
   1.117500E+04  5.277709E-09  4.203998E-09
   1.120500E+04  5.100882E-09  4.203714E-09
   1.123500E+04  4.483146E-09  3.641712E-09
   1.126500E+04  5.153783E-09  4.203773E-09
   1.129500E+04  7.314938E-09  5.559073E-09
   1.132500E+04  4.497598E-09  3.641753E-09
   1.135500E+04  7.388985E-09  5.559153E-09
   1.138500E+04  9.387944E-09  6.643285E-09
   1.141500E+04  6.533964E-09  5.147037E-09
   1.144500E+04  5.873513E-09  4.699198E-09
   1.147500E+04  5.018546E-09  4.203579E-09
   1.150500E+04  4.455600E-09  3.641653E-09
   1.153500E+04  4.474192E-09  3.641680E-09
   1.156500E+04  5.152688E-09  4.203755E-09
   1.159500E+04  3.155837E-09  2.107761E-09
   1.162500E+04  5.777788E-09  4.699059E-09
   1.165500E+04  6.510526E-09  5.147000E-09
   1.168500E+04  5.127277E-09  4.203745E-09
   1.171500E+04  7.793230E-09  5.942268E-09
   1.174500E+04  5.744302E-09  4.698980E-09
   1.177500E+04  2.207802E-09  1.708608E-10
   1.180500E+04  6.459459E-09  5.146960E-09
   1.183500E+04  5.100690E-09  4.203704E-09
   1.186500E+04  3.623442E-09  2.974886E-09
   1.189500E+04  3.694250E-09  2.975012E-09
   1.192500E+04  4.343666E-09  3.641456E-09
   1.195500E+04  4.321077E-09  3.641392E-09
   1.198500E+04  5.000776E-09  4.203563E-09
   1.201500E+04  3.746438E-09  2.975150E-09
   1.204500E+04  4.962114E-09  4.203498E-09
   1.207500E+04  4.319735E-09  3.641435E-09
   1.210500E+04  2.947823E-09  2.107076E-09
   1.213500E+04  3.473886E-09  2.974530E-09
   1.216500E+04  3.571281E-09  2.974772E-09
   1.219500E+04  2.801415E-09  2.106664E-09
   1.222500E+04  4.357384E-09  3.641494E-09
   1.225500E+04  3.612544E-09  2.974832E-09
   1.228500E+04  4.969233E-09  4.203484E-09
   1.231500E+04  4.148137E-09  3.641106E-09
   1.234500E+04  4.259113E-09  3.641288E-09
   1.237500E+04  5.607779E-09  4.698786E-09
   1.240500E+04  2.810451E-09  2.106691E-09
   1.243500E+04  2.753088E-09  2.106453E-09
   1.246500E+04  3.579026E-09  2.974768E-09
   1.249500E+04  6.279811E-09  5.146717E-09
   1.252500E+04  4.151806E-09  3.641081E-09
   1.255500E+04  4.255197E-09  3.641317E-09
   1.258500E+04  3.515450E-09  2.974646E-09
   1.261500E+04  4.243067E-09  3.641300E-09
   1.264500E+04  2.841145E-09  2.106806E-09
   1.267500E+04  2.825648E-09  2.106699E-09
   1.270500E+04  3.495161E-09  2.974602E-09
   1.273500E+04  3.455377E-09  2.974449E-09
   1.276500E+04  4.139539E-09  3.641106E-09
   1.279500E+04  2.807219E-09  2.106714E-09
   1.282500E+04  6.222639E-09  5.146664E-09
   1.285500E+04  2.054029E-09  1.653536E-10
   1.288500E+04  2.725213E-09  2.106392E-09
   1.291500E+04  4.051892E-09  3.640919E-09
   1.294500E+04  3.401299E-09  2.974314E-09
   1.297500E+04  5.516626E-09  4.698689E-09
   1.300500E+04  4.769487E-09  4.203165E-09
   1.303500E+04  4.048524E-09  3.640934E-09
   1.306500E+04  2.018105E-09  1.632793E-10
   1.309500E+04  3.309079E-09  2.974150E-09
   1.312500E+04  2.552684E-09  2.105858E-09
   1.315500E+04  2.690740E-09  2.106332E-09
   1.318500E+04  2.739643E-09  2.106489E-09
   1.321500E+04  1.922955E-09  1.595855E-10
   1.324500E+04  3.421998E-09  2.974439E-09
   1.327500E+04  3.363156E-09  2.974308E-09
   1.330500E+04  2.534229E-09  2.105839E-09
   1.333500E+04  4.662536E-09  4.203015E-09
   1.336500E+04  3.441823E-09  2.974442E-09
   1.339500E+04  3.290131E-09  2.974079E-09
   1.342500E+04  1.952664E-09  1.604168E-10
   1.345500E+04  3.349630E-09  2.974251E-09
   1.348500E+04  2.597890E-09  2.106020E-09
   1.351500E+04  4.042609E-09  3.640918E-09
   1.354500E+04  5.449460E-09  4.698610E-09
   1.357500E+04  3.326959E-09  2.974156E-09
   1.360500E+04  3.327013E-09  2.974211E-09
   1.363500E+04  3.337747E-09  2.974229E-09
   1.366500E+04  6.724963E-09  5.558378E-09
   1.369500E+04  1.863483E-09  1.568688E-10
   1.372500E+04  2.573767E-09  2.105963E-09
   1.375500E+04  3.250620E-09  2.974015E-09
   1.378500E+04  2.554655E-09  2.105901E-09
   1.381500E+04  1.857542E-09  1.559791E-10
   1.384500E+04  2.511612E-09  2.105778E-09
   1.387500E+04  3.915698E-09  3.640680E-09
   1.390500E+04  5.302806E-09  4.698394E-09
   1.393500E+04  4.629925E-09  4.202971E-09
   1.396500E+04  2.471909E-09  2.105690E-09
   1.399500E+04  5.292401E-09  4.698398E-09
   1.402500E+04  2.506327E-09  2.105754E-09
   1.405500E+04  3.948226E-09  3.640766E-09
   1.408500E+04  3.138767E-09  2.973794E-09
   1.411500E+04  3.245718E-09  2.974014E-09
   1.414500E+04  2.550794E-09  2.105936E-09
   1.417500E+04  3.149637E-09  2.973820E-09
   1.420500E+04  2.495403E-09  2.105647E-09
   1.423500E+04  3.258587E-09  2.974081E-09
   1.426500E+04  3.064099E-09  2.973644E-09
   1.429500E+04  3.109469E-09  2.973727E-09
   1.432500E+04  3.907538E-09  3.640683E-09
   1.435500E+04  1.828927E-09  1.568846E-10
   1.438500E+04  1.818551E-09  1.551158E-10
   1.441500E+04  2.493184E-09  2.105704E-09
   1.444500E+04  1.782571E-09  1.542791E-10
   1.447500E+04  2.403702E-09  2.105454E-09
   1.450500E+04  3.153635E-09  2.973862E-09
   1.453500E+04  3.162945E-09  2.973827E-09
   1.456500E+04  1.638930E-09  1.475738E-10
   1.459500E+04  5.188052E-09  4.698209E-09
   1.462500E+04  4.567988E-09  4.202904E-09
   1.465500E+04  3.789470E-09  3.640488E-09
   1.468500E+04  3.766497E-09  3.640421E-09
   1.471500E+04  3.211738E-09  2.973954E-09
   1.474500E+04  4.514403E-09  4.202795E-09
   1.477500E+04  3.063770E-09  2.973624E-09
   1.480500E+04  2.441681E-09  2.105516E-09
   1.483500E+04  1.663299E-09  1.482997E-10
   1.486500E+04  2.372215E-09  2.105268E-09
   1.489500E+04  3.783528E-09  3.640450E-09
   1.492500E+04  3.022835E-09  2.973507E-09
   1.495500E+04  3.006215E-09  2.973506E-09
   1.498500E+04  1.642736E-09  1.471755E-10
   1.501500E+04  3.085237E-09  2.973697E-09
   1.504500E+04  2.321943E-09  2.105134E-09
   1.507500E+04  3.118204E-09  2.973744E-09
   1.510500E+04  3.771015E-09  3.640423E-09
   1.513500E+04  2.974316E-09  2.973403E-09
   1.516500E+04  2.411944E-09  2.105499E-09
   1.519500E+04  2.292207E-09  2.105024E-09
   1.522500E+04  3.071136E-09  2.973655E-09
   1.525500E+04  2.961967E-09  2.973409E-09
   1.528500E+04  3.761349E-09  3.640421E-09
   1.531500E+04  2.278735E-09  2.105041E-09
   1.534500E+04  3.044905E-09  2.973564E-09
   1.537500E+04  3.004599E-09  2.973521E-09
   1.540500E+04  4.320627E-09  4.202489E-09
   1.543500E+04  4.360165E-09  4.202553E-09
   1.546500E+04  4.317916E-09  4.202479E-09
   1.549500E+04  3.059279E-09  2.973640E-09
   1.552500E+04  2.991839E-09  2.973496E-09
   1.555500E+04  2.906711E-09  2.973279E-09
   1.558500E+04  5.000655E-09  4.697961E-09
   1.561500E+04  2.228052E-09  2.104850E-09
   1.564500E+04  2.289222E-09  2.105061E-09
   1.567500E+04  2.964897E-09  2.973391E-09
   1.570500E+04  4.426345E-09  4.202656E-09
   1.573500E+04  1.594517E-09  1.460887E-10
   1.576500E+04  3.680821E-09  3.640261E-09
   1.579500E+04  2.923962E-09  2.973283E-09
   1.582500E+04  3.013416E-09  2.973495E-09
   1.585500E+04  2.158997E-09  2.104671E-09
   1.588500E+04  3.552568E-09  3.640009E-09
   1.591500E+04  1.523573E-09  1.420001E-10
   1.594500E+04  1.531513E-09  1.426940E-10
   1.597500E+04  2.213212E-09  2.104794E-09
   1.600500E+04  2.884944E-09  2.973210E-09
   1.603500E+04  2.871554E-09  2.973179E-09
   1.606500E+04  2.178082E-09  2.104691E-09
   1.609500E+04  3.615079E-09  3.640144E-09
   1.612500E+04  2.834151E-09  2.973091E-09
   1.615500E+04  2.166198E-09  2.104655E-09
   1.618500E+04  4.249271E-09  4.202365E-09
   1.621500E+04  2.878372E-09  2.973224E-09
   1.624500E+04  2.210747E-09  2.104872E-09
   1.627500E+04  4.309318E-09  4.202475E-09
   1.630500E+04  1.547230E-09  1.435619E-10
   1.633500E+04  1.534005E-09  1.423392E-10
   1.636500E+04  2.817120E-09  2.973061E-09
   1.639500E+04  2.911859E-09  2.973284E-09
   1.642500E+04  1.485896E-09  1.410233E-10
   1.645500E+04  2.854468E-09  2.973160E-09
   1.648500E+04  3.481267E-09  3.639904E-09
   1.651500E+04  1.426972E-09  1.374268E-10
   1.654500E+04  2.170114E-09  2.104686E-09
   1.657500E+04  2.136188E-09  2.104614E-09
   1.660500E+04  4.937541E-09  4.697867E-09
   1.663500E+04  3.628057E-09  3.640192E-09
   1.666500E+04  2.864079E-09  2.973181E-09
   1.669500E+04  2.166034E-09  2.104681E-09
   1.672500E+04  2.157107E-09  2.104652E-09
   1.675500E+04  1.318324E-09  1.312510E-10
   1.678500E+04  1.474807E-09  1.397783E-10
   1.681500E+04  1.421112E-09  1.368357E-10
   1.684500E+04  3.506266E-09  3.639935E-09
   1.687500E+04  2.137311E-09  2.104598E-09
   1.690500E+04  2.068721E-09  2.104354E-09
   1.693500E+04  2.893322E-09  2.973251E-09
   1.696500E+04  2.803703E-09  2.973059E-09
   1.699500E+04  2.784919E-09  2.973027E-09
   1.702500E+04  1.398002E-09  1.361637E-10
   1.705500E+04  2.084356E-09  2.104381E-09
   1.708500E+04  2.107685E-09  2.104468E-09
   1.711500E+04  1.442634E-09  1.384255E-10
   1.714500E+04  1.363174E-09  1.342864E-10
   1.717500E+04  2.849540E-09  2.973114E-09
   1.720500E+04  2.842776E-09  2.973124E-09
   1.723500E+04  1.365336E-09  1.350471E-10
   1.726500E+04  2.059850E-09  2.104321E-09
   1.729500E+04  3.468535E-09  3.639903E-09
   1.732500E+04  1.364734E-09  1.341272E-10
   1.735500E+04  2.033235E-09  2.104285E-09
   1.738500E+04  2.735058E-09  2.972898E-09
   1.741500E+04  2.077154E-09  2.104396E-09
   1.744500E+04  1.341296E-09  1.331048E-10
   1.747500E+04  1.279661E-09  1.305677E-10
   1.750500E+04  1.339790E-09  1.330866E-10
   1.753500E+04  3.455118E-09  3.639855E-09
   1.756500E+04  1.979458E-09  2.104064E-09
   1.759500E+04  2.818758E-09  2.973084E-09
   1.762500E+04  2.698039E-09  2.972818E-09
   1.765500E+04  1.262904E-09  1.288345E-10
   1.768500E+04  1.335792E-09  1.334479E-10
   1.771500E+04  1.316899E-09  1.330920E-10
   1.774500E+04  2.087450E-09  2.104411E-09
   1.777500E+04  2.718602E-09  2.972873E-09
   1.780500E+04  2.642209E-09  2.972677E-09
   1.783500E+04  1.284288E-09  1.302586E-10
   1.786500E+04  2.081645E-09  2.104450E-09
   1.789500E+04  1.336093E-09  1.331701E-10
   1.792500E+04  1.994189E-09  2.104138E-09
   1.795500E+04  1.932472E-09  2.103952E-09
   1.798500E+04  2.661266E-09  2.972736E-09
   1.801500E+04  4.022527E-09  4.202032E-09
   1.804500E+04  1.951803E-09  2.103973E-09
   1.807500E+04  1.304167E-09  1.316488E-10
   1.810500E+04  2.669563E-09  2.972751E-09
   1.813500E+04  4.061053E-09  4.202090E-09
   1.816500E+04  1.220682E-09  1.270238E-10
   1.819500E+04  1.992492E-09  2.104137E-09
   1.822500E+04  2.038519E-09  2.104308E-09
   1.825500E+04  1.248474E-09  1.287073E-10
   1.828500E+04  2.658857E-09  2.972706E-09
   1.831500E+04  1.970997E-09  2.104067E-09
   1.834500E+04  1.296637E-09  1.315568E-10
   1.837500E+04  1.957088E-09  2.103997E-09
   1.840500E+04  2.020667E-09  2.104245E-09
   1.843500E+04  1.868674E-09  2.103749E-09
   1.846500E+04  1.940029E-09  2.103997E-09
   1.849500E+04  1.927790E-09  2.103893E-09
   1.852500E+04  1.884117E-09  2.103771E-09
   1.855500E+04  1.188755E-09  1.254280E-10
   1.858500E+04  1.910731E-09  2.103893E-09
   1.861500E+04  1.182047E-09  1.254779E-10
   1.864500E+04  1.859309E-09  2.103721E-09
   1.867500E+04  1.884199E-09  2.103798E-09
   1.870500E+04  2.620057E-09  2.972664E-09
   1.873500E+04  1.981786E-09  2.104085E-09
   1.876500E+04  1.939646E-09  2.103987E-09
   1.879500E+04  4.676160E-09  4.697517E-09
   1.882500E+04  1.171012E-09  1.240506E-10
   1.885500E+04  1.895234E-09  2.103799E-09
   1.888500E+04  1.895891E-09  2.103836E-09
   1.891500E+04  2.649821E-09  2.972701E-09
   1.894500E+04  1.238178E-09  1.284724E-10
   1.897500E+04  1.870153E-09  2.103711E-09
   1.900500E+04  1.097768E-09  1.195832E-10
   1.903500E+04  1.893645E-09  2.103854E-09
   1.906500E+04  1.908732E-09  2.103905E-09
   1.909500E+04  3.329684E-09  3.639646E-09
   1.912500E+04  2.630599E-09  2.972670E-09
   1.915500E+04  1.195108E-09  1.258622E-10
   1.918500E+04  1.867031E-09  2.103732E-09
   1.921500E+04  1.180294E-09  1.255642E-10
   1.924500E+04  1.195244E-09  1.261347E-10
   1.927500E+04  1.866894E-09  2.103715E-09
   1.930500E+04  1.158444E-09  1.249569E-10
   1.933500E+04  2.601438E-09  2.972608E-09
   1.936500E+04  2.550619E-09  2.972461E-09
   1.939500E+04  1.045825E-09  1.176422E-10
   1.942500E+04  3.918260E-09  4.201828E-09
   1.945500E+04  1.154638E-09  1.239208E-10
   1.948500E+04  1.120822E-09  1.220920E-10
   1.951500E+04  1.889237E-09  2.103828E-09
   1.954500E+04  1.850958E-09  2.103714E-09
   1.957500E+04  2.535997E-09  2.972452E-09
   1.960500E+04  1.822893E-09  2.103572E-09
   1.963500E+04  1.187085E-09  1.259765E-10
   1.966500E+04  1.140920E-09  1.228018E-10
   1.969500E+04  1.810708E-09  2.103546E-09
   1.972500E+04  2.561955E-09  2.972509E-09
   1.975500E+04  1.792171E-09  2.103495E-09
   1.978500E+04  1.845783E-09  2.103660E-09
   1.981500E+04  1.056641E-09  1.183677E-10
   1.984500E+04  1.144890E-09  1.232695E-10
   1.987500E+04  2.536517E-09  2.972477E-09
   1.990500E+04  1.835159E-09  2.103625E-09
   1.993500E+04  2.500949E-09  2.972399E-09
   1.996500E+04  1.068798E-09  1.197070E-10
   1.999500E+04  1.109733E-09  1.223647E-10
   2.002500E+04  1.103627E-09  1.218093E-10
   2.005500E+04  3.174488E-09  3.639355E-09
   2.008500E+04  2.566746E-09  2.972534E-09
   2.011500E+04  1.841539E-09  2.103690E-09
   2.014500E+04  1.120658E-09  1.226752E-10
   2.017500E+04  2.452676E-09  2.972290E-09
   2.020500E+04  1.032326E-09  1.172540E-10
   2.023500E+04  1.071838E-09  1.188614E-10
   2.026500E+04  1.729577E-09  2.103323E-09
   2.029500E+04  1.716626E-09  2.103265E-09
   2.032500E+04  1.793239E-09  2.103497E-09
   2.035500E+04  1.783792E-09  2.103535E-09
   2.038500E+04  1.040951E-09  1.180966E-10
   2.041500E+04  1.078272E-09  1.198057E-10
   2.044500E+04  3.864182E-09  4.201771E-09
   2.047500E+04  1.035858E-09  1.177668E-10
   2.050500E+04  2.423981E-09  2.972192E-09
   2.053500E+04  1.123670E-09  1.227983E-10
   2.056500E+04  1.837487E-09  2.103635E-09
   2.059500E+04  1.725744E-09  2.103299E-09
   2.062500E+04  1.025043E-09  1.170375E-10
   2.065500E+04  1.703620E-09  2.103231E-09
   2.068500E+04  1.046784E-09  1.180894E-10
   2.071500E+04  1.710054E-09  2.103284E-09
   2.074500E+04  1.078682E-09  1.206624E-10
   2.077500E+04  1.075068E-09  1.196772E-10
   2.080500E+04  1.697103E-09  2.103239E-09
   2.083500E+04  1.047906E-09  1.179312E-10
   2.086500E+04  1.048700E-09  1.189788E-10
   2.089500E+04  1.025207E-09  1.164261E-10
   2.092500E+04  9.723066E-10  1.139698E-10
   2.095500E+04  1.102011E-09  1.221795E-10
   2.098500E+04  1.651678E-09  2.103032E-09
   2.101500E+04  1.042266E-09  1.180278E-10
   2.104500E+04  1.774482E-09  2.103491E-09
   2.107500E+04  1.045852E-09  1.183364E-10
   2.110500E+04  2.433016E-09  2.972260E-09
   2.113500E+04  1.688286E-09  2.103186E-09
   2.116500E+04  1.750497E-09  2.103361E-09
   2.119500E+04  2.395969E-09  2.972161E-09
   2.122500E+04  1.013543E-09  1.164407E-10
   2.125500E+04  9.803844E-10  1.136344E-10
   2.128500E+04  3.162741E-09  3.639340E-09
   2.131500E+04  1.061378E-09  1.192933E-10
   2.134500E+04  2.371901E-09  2.972103E-09
   2.137500E+04  9.692675E-10  1.132060E-10
   2.140500E+04  1.712546E-09  2.103260E-09
   2.143500E+04  1.002672E-09  1.159085E-10
   2.146500E+04  1.701922E-09  2.103224E-09
   2.149500E+04  1.744691E-09  2.103408E-09
   2.152500E+04  1.732918E-09  2.103334E-09
   2.155500E+04  9.964566E-10  1.157338E-10
   2.158500E+04  9.730182E-10  1.146895E-10
   2.161500E+04  2.377049E-09  2.972108E-09
   2.164500E+04  9.984286E-10  1.149563E-10
   2.167500E+04  9.596288E-10  1.137308E-10
   2.170500E+04  9.844086E-10  1.155662E-10
   2.173500E+04  3.068441E-09  3.639152E-09
   2.176500E+04  1.651267E-09  2.103072E-09
   2.179500E+04  9.255944E-10  1.109047E-10
   2.182500E+04  1.029040E-09  1.182231E-10
   2.185500E+04  9.585609E-10  1.136857E-10
   2.188500E+04  9.521815E-10  1.124788E-10
   2.191500E+04  9.795901E-10  1.141922E-10
   2.194500E+04  9.622027E-10  1.137972E-10
   2.197500E+04  1.675663E-09  2.103162E-09
   2.200500E+04  9.341095E-10  1.122200E-10
   2.203500E+04  9.693216E-10  1.146441E-10
   2.206500E+04  1.700553E-09  2.103240E-09
   2.209500E+04  2.991088E-09  3.639029E-09
   2.212500E+04  1.616082E-09  2.102980E-09
   2.215500E+04  8.829342E-10  1.088206E-10
   2.218500E+04  8.951738E-10  1.090952E-10
   2.221500E+04  9.361634E-10  1.117926E-10
   2.224500E+04  9.580958E-10  1.129868E-10
   2.227500E+04  1.657126E-09  2.103111E-09
   2.230500E+04  1.639137E-09  2.103035E-09
   2.233500E+04  9.039034E-10  1.100008E-10
   2.236500E+04  9.930613E-10  1.155095E-10
   2.239500E+04  8.651095E-10  1.066866E-10
   2.242500E+04  9.298110E-10  1.113035E-10
   2.245500E+04  9.366834E-10  1.122873E-10
   2.248500E+04  9.635719E-10  1.135164E-10
   2.251500E+04  8.958036E-10  1.091670E-10
   2.254500E+04  8.955022E-10  1.095058E-10
   2.257500E+04  1.616848E-09  2.103001E-09
   2.260500E+04  9.210764E-10  1.108391E-10
   2.263500E+04  2.335457E-09  2.972033E-09
   2.266500E+04  9.509490E-10  1.130662E-10
   2.269500E+04  9.434739E-10  1.127482E-10
   2.272500E+04  8.810179E-10  1.078475E-10
   2.275500E+04  1.601050E-09  2.102919E-09
   2.278500E+04  1.574463E-09  2.102835E-09
   2.281500E+04  9.641738E-10  1.146546E-10
   2.284500E+04  1.582047E-09  2.102830E-09
   2.287500E+04  1.542509E-09  2.102700E-09
   2.290500E+04  1.613426E-09  2.102949E-09
   2.293500E+04  8.553889E-10  1.066999E-10
   2.296500E+04  1.569041E-09  2.102795E-09
   2.299500E+04  9.464310E-10  1.131462E-10
   2.302500E+04  8.670258E-10  1.076702E-10
   2.305500E+04  1.560991E-09  2.102763E-09
   2.308500E+04  9.304407E-10  1.113738E-10
   2.311500E+04  9.176811E-10  1.106049E-10
   2.314500E+04  8.938046E-10  1.093873E-10
   2.317500E+04  1.568055E-09  2.102820E-09
   2.320500E+04  8.508160E-10  1.068546E-10
   2.323500E+04  8.944343E-10  1.094589E-10
   2.326500E+04  8.902726E-10  1.088350E-10
   2.329500E+04  1.572135E-09  2.102825E-09
   2.332500E+04  2.263663E-09  2.971859E-09
   2.335500E+04  8.614129E-10  1.067907E-10
   2.338500E+04  8.543759E-10  1.064285E-10
   2.341500E+04  1.562826E-09  2.102786E-09
   2.344500E+04  8.652733E-10  1.077707E-10
   2.347500E+04  8.306910E-10  1.055088E-10
   2.350500E+04  8.226140E-10  1.038332E-10
   2.353500E+04  8.741996E-10  1.083456E-10
   2.356500E+04  1.523314E-09  2.102695E-09
   2.359500E+04  9.057699E-10  1.107400E-10
   2.362500E+04  1.557459E-09  2.102734E-09
   2.365500E+04  1.529913E-09  2.102715E-09
   2.368500E+04  2.292824E-09  2.971921E-09
   2.371500E+04  7.482189E-10  9.970725E-11
   2.374500E+04  2.217608E-09  2.971773E-09
   2.377500E+04  1.553926E-09  2.102795E-09
   2.380500E+04  1.523807E-09  2.102683E-09
   2.383500E+04  9.014713E-10  1.098111E-10
   2.386500E+04  8.731866E-10  1.080783E-10
   2.389500E+04  1.535745E-09  2.102715E-09
   2.392500E+04  8.515007E-10  1.067052E-10
   2.395500E+04  7.800357E-10  1.021746E-10
   2.398500E+04  8.590577E-10  1.075828E-10
   2.401500E+04  8.631376E-10  1.076755E-10
   2.404500E+04  8.425744E-10  1.061214E-10
   2.407500E+04  1.480052E-09  2.102533E-09
   2.410500E+04  8.302799E-10  1.060636E-10
   2.413500E+04  8.229694E-10  1.050472E-10
   2.416500E+04  8.370434E-10  1.057798E-10
   2.419500E+04  8.610567E-10  1.073588E-10
   2.422500E+04  7.858132E-10  1.023989E-10
   2.425500E+04  7.882773E-10  1.029359E-10
   2.428500E+04  1.558417E-09  2.102760E-09
   2.431500E+04  1.503052E-09  2.102599E-09
   2.434500E+04  1.473289E-09  2.102547E-09
   2.437500E+04  7.762842E-10  1.025156E-10
   2.440500E+04  7.735736E-10  1.021062E-10
   2.443500E+04  8.371253E-10  1.063279E-10
   2.446500E+04  7.702332E-10  1.016180E-10
   2.449500E+04  8.000240E-10  1.034826E-10
   2.452500E+04  1.549573E-09  2.102765E-09
   2.455500E+04  7.759010E-10  1.023097E-10
   2.458500E+04  7.787213E-10  1.024134E-10
   2.461500E+04  1.449878E-09  2.102432E-09
   2.464500E+04  8.372080E-10  1.051030E-10
   2.467500E+04  7.973133E-10  1.030770E-10
   2.470500E+04  1.508967E-09  2.102626E-09
   2.473500E+04  1.475479E-09  2.102540E-09
   2.476500E+04  1.494865E-09  2.102640E-09
   2.479500E+04  7.607320E-10  1.006913E-10
   2.482500E+04  2.182095E-09  2.971693E-09
   2.485500E+04  6.863378E-10  9.446511E-11
   2.488500E+04  7.777083E-10  1.019708E-10
   2.491500E+04  7.928772E-10  1.035692E-10
   2.494500E+04  7.914261E-10  1.033158E-10
   2.497500E+04  1.473125E-09  2.102492E-09
   2.500500E+04  8.057736E-10  1.047184E-10
   2.503500E+04  1.490676E-09  2.102568E-09
   2.506500E+04  1.522657E-09  2.102653E-09
   2.509500E+04  7.364723E-10  9.913971E-11
   2.512500E+04  8.600437E-10  1.070891E-10
   2.515500E+04  1.500670E-09  2.102600E-09
   2.518500E+04  7.198244E-10  9.828081E-11
   2.521500E+04  7.878941E-10  1.027308E-10
   2.524500E+04  7.629497E-10  1.013681E-10
   2.527500E+04  1.420580E-09  2.102328E-09
   2.530500E+04  1.430656E-09  2.102388E-09
   2.533500E+04  7.848272E-10  1.029151E-10
   2.536500E+04  7.223704E-10  9.942653E-11
   2.539500E+04  1.536320E-09  2.102730E-09
   2.542500E+04  7.877844E-10  1.031930E-10
   2.545500E+04  1.521178E-09  2.102703E-09
   2.548500E+04  7.680974E-10  1.015170E-10
   2.551500E+04  7.625116E-10  1.013948E-10
   2.554500E+04  1.461159E-09  2.102510E-09
   2.557500E+04  7.599107E-10  1.005086E-10
   2.560500E+04  7.829928E-10  1.024545E-10
   2.563500E+04  1.435941E-09  2.102411E-09
   2.566500E+04  7.591712E-10  1.009032E-10
   2.569500E+04  7.527639E-10  1.005977E-10
   2.572500E+04  1.435531E-09  2.102362E-09
   2.575500E+04  7.775437E-10  1.026683E-10
   2.578500E+04  1.445114E-09  2.102434E-09
   2.581500E+04  7.190579E-10  9.785080E-11
   2.584500E+04  7.232745E-10  9.830259E-11
   2.587500E+04  7.614986E-10  1.011092E-10
   2.590500E+04  1.466909E-09  2.102482E-09
   2.593500E+04  2.163722E-09  2.971633E-09
   2.596500E+04  1.444237E-09  2.102437E-09
   2.599500E+04  6.734954E-10  9.493130E-11
   2.602500E+04  6.747279E-10  9.423092E-11
   2.605500E+04  7.294353E-10  9.874945E-11
   2.608500E+04  1.409875E-09  2.102265E-09
   2.611500E+04  1.399551E-09  2.102301E-09
   2.614500E+04  1.427644E-09  2.102385E-09
   2.617500E+04  1.467238E-09  2.102503E-09
   2.620500E+04  7.933154E-10  1.035431E-10
   2.623500E+04  6.049876E-10  9.012667E-11
   2.626500E+04  6.329440E-10  9.188740E-11
   2.629500E+04  7.178803E-10  9.828368E-11
   2.632500E+04  6.825585E-10  9.594199E-11
   2.635500E+04  1.427781E-09  2.102402E-09
   2.638500E+04  1.405958E-09  2.102315E-09
   2.641500E+04  6.986585E-10  9.733966E-11
   2.644500E+04  7.076945E-10  9.748893E-11
   2.647500E+04  6.760145E-10  9.526091E-11
   2.650500E+04  6.926623E-10  9.614681E-11
   2.653500E+04  6.320129E-10  9.202755E-11
   2.656500E+04  7.194411E-10  9.806604E-11
   2.659500E+04  1.396375E-09  2.102243E-09
   2.662500E+04  2.052472E-09  2.971387E-09
   2.665500E+04  7.203993E-10  9.860208E-11
   2.668500E+04  2.128893E-09  2.971547E-09
   2.671500E+04  1.426056E-09  2.102357E-09
   2.674500E+04  1.373512E-09  2.102193E-09
   2.677500E+04  6.980287E-10  9.725912E-11
   2.680500E+04  6.360379E-10  9.239376E-11
   2.683500E+04  1.344981E-09  2.102110E-09
   2.686500E+04  7.164562E-10  9.884879E-11
   2.689500E+04  6.472367E-10  9.354166E-11
   2.692500E+04  6.385020E-10  9.298859E-11
   2.695500E+04  6.360379E-10  9.239376E-11
   2.698500E+04  7.059420E-10  9.759991E-11
   2.701500E+04  6.559983E-10  9.495808E-11
   2.704500E+04  6.586271E-10  9.478693E-11
   2.707500E+04  6.053709E-10  9.036031E-11
   2.710500E+04  6.498106E-10  9.389901E-11
   2.713500E+04  6.498106E-10  9.362238E-11
   2.716500E+04  6.708118E-10  9.535202E-11
   2.719500E+04  6.102721E-10  9.067359E-11
   2.722500E+04  1.344241E-09  2.102129E-09
   2.725500E+04  6.248391E-10  9.123142E-11
   2.728500E+04  6.174459E-10  9.147458E-11
   2.731500E+04  6.435130E-10  9.278161E-11
   2.734500E+04  6.146255E-10  9.153681E-11
   2.737500E+04  6.211974E-10  9.109228E-11
   2.740500E+04  6.200476E-10  9.039522E-11
   2.743500E+04  6.727011E-10  9.559825E-11
   2.746500E+04  6.094507E-10  9.047067E-11
   2.749500E+04  6.139958E-10  9.145116E-11
   2.752500E+04  1.366119E-09  2.102204E-09
   2.755500E+04  6.368044E-10  9.284905E-11
   2.758500E+04  5.963897E-10  8.993507E-11
   2.761500E+04  6.540272E-10  9.409448E-11
   2.764500E+04  5.908587E-10  8.953173E-11
   2.767500E+04  6.494273E-10  9.339690E-11
   2.770500E+04  5.968827E-10  8.963996E-11
   2.773500E+04  5.811111E-10  8.862800E-11
   2.776500E+04  6.059458E-10  9.070965E-11
   2.779500E+04  1.346925E-09  2.102109E-09
   2.782500E+04  6.122981E-10  9.130927E-11
   2.785500E+04  6.434852E-10  9.391399E-11
   2.788500E+04  5.491027E-10  8.564871E-11
   2.791500E+04  5.995934E-10  9.010604E-11
   2.794500E+04  6.082183E-10  9.119993E-11
   2.797500E+04  5.945554E-10  8.940760E-11
   2.800500E+04  5.876551E-10  8.935967E-11
   2.803500E+04  6.018110E-10  9.086180E-11
   2.806500E+04  6.177743E-10  9.196385E-11
   2.809500E+04  5.709802E-10  8.747425E-11
   2.812500E+04  5.969646E-10  9.028605E-11
   2.815500E+04  2.049734E-09  2.971408E-09
   2.818500E+04  5.940624E-10  8.970347E-11
   2.821500E+04  5.722667E-10  8.858284E-11
   2.824500E+04  5.974028E-10  9.025608E-11
   2.827500E+04  5.760731E-10  8.791782E-11
   2.830500E+04  5.736360E-10  8.822188E-11
   2.833500E+04  5.410797E-10  8.581639E-11
   2.836500E+04  5.281284E-10  8.469156E-11
   2.839500E+04  5.608215E-10  8.752129E-11
   2.842500E+04  1.246189E-09  2.101820E-09
   2.845500E+04  5.052379E-10  8.245466E-11
   2.848500E+04  5.448312E-10  8.540878E-11
   2.851500E+04  5.161902E-10  8.389702E-11
   2.854500E+04  5.886133E-10  8.994762E-11
   2.857500E+04  5.105224E-10  8.305212E-11
   2.860500E+04  5.419011E-10  8.603029E-11
   2.863500E+04  5.243499E-10  8.413456E-11
   2.866500E+04  5.845883E-10  8.957140E-11
   2.869500E+04  5.183259E-10  8.401923E-11
   2.872500E+04  5.508273E-10  8.674943E-11
   2.875500E+04  4.433289E-10  7.740951E-11
   2.878500E+04  5.246234E-10  8.494679E-11
   2.881500E+04  5.295247E-10  8.527996E-11
   2.884500E+04  5.100294E-10  8.337055E-11
   2.887500E+04  5.353022E-10  8.573910E-11
   2.890500E+04  4.835520E-10  8.064617E-11
   2.893500E+04  5.215295E-10  8.420221E-11
   2.896500E+04  4.532133E-10  7.887910E-11
   2.899500E+04  5.008018E-10  8.306908E-11
   2.902500E+04  4.729002E-10  8.102485E-11
   2.905500E+04  5.062231E-10  8.407154E-11
   2.908500E+04  4.811968E-10  8.169216E-11
   2.911500E+04  4.920671E-10  8.244575E-11
   2.914500E+04  4.357441E-10  7.756009E-11
   2.917500E+04  4.832776E-10  8.210793E-11
   2.920500E+04  4.826479E-10  8.201244E-11
   2.923500E+04  4.192059E-10  7.583413E-11
   2.926500E+04  4.405356E-10  7.853310E-11
   2.929500E+04  4.032426E-10  7.449374E-11
   2.932500E+04  4.269546E-10  7.720088E-11
   2.935500E+04  4.394677E-10  7.846774E-11
   2.938500E+04  4.505846E-10  7.908467E-11
   2.941500E+04  4.118127E-10  7.612645E-11
   2.944500E+04  4.304317E-10  7.828213E-11
   2.947500E+04  3.799959E-10  7.278099E-11
   2.950500E+04  3.723291E-10  7.213986E-11
   2.953500E+04  4.077328E-10  7.599524E-11
   2.956500E+04  3.510265E-10  7.036583E-11
   2.959500E+04  3.267667E-10  6.812677E-11
   2.962500E+04  3.483977E-10  7.059618E-11
   2.965500E+04  3.602263E-10  7.220072E-11
   2.968500E+04  2.965927E-10  6.493534E-11
   2.971500E+04  3.542571E-10  7.173537E-11
   2.974500E+04  2.860507E-10  6.467339E-11
   2.977500E+04  2.454992E-10  5.984383E-11
   2.980500E+04  2.435551E-10  5.984852E-11
   2.983500E+04  2.252645E-10  5.778169E-11
   2.986500E+04  1.978559E-10  5.431619E-11
   2.989500E+04  1.829605E-10  5.252614E-11
   2.992500E+04  1.532246E-10  4.825872E-11
   2.995500E+04  1.050613E-10  3.983731E-11
   2.998500E+04  8.488139E-11  3.601188E-11
